shape_id,shape_pt_lat,shape_pt_lon,shape_pt_sequence
1214.1,34.07617105386,-118.03641293931,0
1214.1,34.075912954474,-118.03574577957,2
1214.1,34.075415524603,-118.03597341845,4
1214.1,34.076038697536,-118.037905485,10
1214.1,34.076524058879,-118.04099660057,20
1214.1,34.076585359729,-118.04625710113,36
1214.1,34.078019871215,-118.04591775779,41
1214.1,34.082218925276,-118.04505151515,57
1214.1,34.081266617465,-118.04171224929,67
1214.1,34.083580638828,-118.04076227834,76
1214.1,34.083580638828,-118.04076227834,77
1214.1,34.084649703192,-118.04032355894,80
1214.1,34.085129266721,-118.04407882216,92
1214.1,34.087556022212,-118.04298031058,101
1214.1,34.090584646075,-118.04160129917,113
1214.1,34.091862612823,-118.04098100013,118
1214.1,34.09201133472,-118.03997370361,121
1214.1,34.092691480946,-118.03540614942,135
1214.1,34.09287045963,-118.03412800896,139
1214.1,34.092675896344,-118.03217923234,145
1214.1,34.092154969439,-118.02745264491,160
1214.1,34.091935345104,-118.02653768411,163
1214.1,34.09210298842,-118.02642874313,164
1214.1,34.09210298842,-118.02642874313,165
1214.1,34.091592928131,-118.02113744222,179
1214.1,34.091592928131,-118.02113744222,180
1214.1,34.09341759815,-118.0206094385,186
1214.1,34.094340927113,-118.02032561302,190
1214.1,34.093976070684,-118.01630916406,202
1214.1,34.095748510417,-118.01578103008,209
1214.1,34.096952282109,-118.01409009801,217
1214.1,34.096952282109,-118.01409009801,218
1214.1,34.0966420269,-118.01172177098,225
1214.1,34.0966420269,-118.01172177098,226
1214.1,34.093751133674,-118.01312840923,236
1214.1,34.090917929416,-118.01453496026,247
1214.1,34.086641991401,-118.01662148446,264
1214.1,34.084399580829,-118.01773069549,273
1214.1,34.084399580829,-118.01773069549,274
1214.1,34.085014643629,-118.02061397295,282
1214.1,34.085192803882,-118.02310416294,291
1214.1,34.085640101276,-118.02607002014,300
1214.1,34.083779677029,-118.02663747456,307
1214.1,34.081976959736,-118.02718510779,313
1214.1,34.080075372296,-118.02749161096,321
1214.1,34.080616080113,-118.03009408016,329
1214.1,34.081027745474,-118.03208888792,335
1214.1,34.081027745474,-118.03208888792,336
1214.1,34.078392198753,-118.03338238332,345
1214.1,34.074921178224,-118.03506180538,359
1214.1,34.074921178224,-118.03506180538,360
1214.1,34.072068622478,-118.03601160382,370
1214.1,34.072068622478,-118.03601160382,371
1214.1,34.071996103379,-118.03945231925,380
1214.1,34.071964940301,-118.042222732,388
1214.1,34.071964940301,-118.042222732,389
1214.1,34.076524058879,-118.04099660057,406
1214.1,34.076524058879,-118.04099660057,407
1214.1,34.076606918317,-118.03972858018,410
1214.1,34.075749880924,-118.03882336802,414
1214.1,34.075521982634,-118.03827839935,416
1214.1,34.076038697536,-118.037905485,418
1214.1,34.075731568473,-118.03583816386,424
1214.1,34.07617105386,-118.03641293931,426
1214.2,34.07617105386,-118.03641293931,0
1214.2,34.075912954474,-118.03574577957,2
1214.2,34.075415524603,-118.03597341845,4
1214.2,34.076038697536,-118.037905485,10
1214.2,34.076524058879,-118.04099660057,20
1214.2,34.076585359729,-118.04625710113,36
1214.2,34.078019871215,-118.04591775779,41
1214.2,34.082218925276,-118.04505151515,57
1214.2,34.081266617465,-118.04171224929,67
1214.2,34.083580638828,-118.04076227834,76
1214.2,34.083580638828,-118.04076227834,77
1214.2,34.084649703192,-118.04032355894,80
1214.2,34.085129266721,-118.04407882216,92
1214.2,34.087556022212,-118.04298031058,101
1214.2,34.090584646075,-118.04160129917,113
1214.2,34.091862612823,-118.04098100013,118
1214.2,34.09201133472,-118.03997370361,121
1214.2,34.092691480946,-118.03540614942,135
1214.2,34.09287045963,-118.03412800896,139
1214.2,34.092675896344,-118.03217923234,145
1214.2,34.092154969439,-118.02745264491,160
1214.2,34.091935345104,-118.02653768411,163
1214.2,34.09210298842,-118.02642874313,164
1214.2,34.09210298842,-118.02642874313,165
1214.2,34.091592928131,-118.02113744222,179
1214.2,34.091592928131,-118.02113744222,180
1214.2,34.09341759815,-118.0206094385,186
1214.2,34.094340927113,-118.02032561302,190
1214.2,34.093976070684,-118.01630916406,202
1214.2,34.095748510417,-118.01578103008,209
1214.2,34.096952282109,-118.01409009801,217
1214.2,34.096952282109,-118.01409009801,218
1214.2,34.0966420269,-118.01172177098,225
1214.2,34.0966420269,-118.01172177098,226
1214.2,34.093751133674,-118.01312840923,236
1214.2,34.090917929416,-118.01453496026,247
1214.2,34.086641991401,-118.01662148446,264
1214.2,34.084399580829,-118.01773069549,273
1214.2,34.084399580829,-118.01773069549,274
1214.2,34.085014643629,-118.02061397295,282
1214.2,34.085192803882,-118.02310416294,291
1214.2,34.085640101276,-118.02607002014,300
1214.2,34.083779677029,-118.02663747456,307
1214.2,34.081976959736,-118.02718510779,313
1214.2,34.080075372296,-118.02749161096,321
1214.2,34.080616080113,-118.03009408016,329
1214.2,34.081027745474,-118.03208888792,335
1214.2,34.081027745474,-118.03208888792,336
1214.2,34.078392198753,-118.03338238332,345
1214.2,34.074921178224,-118.03506180538,359
1214.2,34.074921178224,-118.03506180538,360
1214.2,34.072068622478,-118.03601160382,370
1214.2,34.072068622478,-118.03601160382,371
1214.2,34.071996103379,-118.03945231925,380
1214.2,34.071964940301,-118.042222732,388
1214.2,34.071964940301,-118.042222732,389
1214.2,34.076524058879,-118.04099660057,406
1214.2,34.076524058879,-118.04099660057,407
1214.2,34.076606918317,-118.03972858018,410
1214.2,34.075749880924,-118.03882336802,414
1214.2,34.075521982634,-118.03827839935,416
1214.2,34.076038697536,-118.037905485,418
1214.2,34.075731568473,-118.03583816386,424
1214.2,34.07617105386,-118.03641293931,426
1214.2,34.075912954474,-118.03574577957,429
1214.2,34.075415524603,-118.03597341845,431
1214.2,34.076038697536,-118.037905485,437
1214.2,34.076524058879,-118.04099660057,447
1214.2,34.076585359729,-118.04625710113,463
1214.2,34.078019871215,-118.04591775779,468
1214.2,34.082218925276,-118.04505151515,484
1214.2,34.081266617465,-118.04171224929,494
1214.2,34.083580638828,-118.04076227834,503
1214.2,34.084649703192,-118.04032355894,507
1214.2,34.085129266721,-118.04407882216,519
1214.2,34.090584646075,-118.04160129917,540
1214.2,34.091862612823,-118.04098100013,545
1214.2,34.09201133472,-118.03997370361,548
1214.2,34.092691480946,-118.03540614942,562
1214.2,34.09287045963,-118.03412800896,566
1214.2,34.092675896344,-118.03217923234,572
1214.2,34.092154969439,-118.02745264491,586
1214.2,34.091935345104,-118.02653768411,589
1214.2,34.09210298842,-118.02642874313,590
1214.2,34.09210298842,-118.02642874313,591
1214.2,34.091592928131,-118.02113744222,606
1214.2,34.091592928131,-118.02113744222,607
1214.2,34.09341759815,-118.0206094385,613
1214.2,34.094340927113,-118.02032561302,616
1214.2,34.093976070684,-118.01630916406,629
1214.2,34.095748510417,-118.01578103008,635
1214.2,34.096952282109,-118.01409009801,644
1214.2,34.096952282109,-118.01409009801,645
1214.2,34.0966420269,-118.01172177098,651
1214.2,34.0966420269,-118.01172177098,652
1214.2,34.093751133674,-118.01312840923,663
1214.2,34.090917929416,-118.01453496026,674
1214.2,34.086641991401,-118.01662148446,691
1214.2,34.084399580829,-118.01773069549,700
1214.2,34.084399580829,-118.01773069549,701
1214.2,34.085014643629,-118.02061397295,709
1214.2,34.085192803882,-118.02310416294,717
1214.2,34.085640101276,-118.02607002014,726
1214.2,34.083779677029,-118.02663747456,733
1214.2,34.081976959736,-118.02718510779,740
1214.2,34.080075372296,-118.02749161096,747
1214.2,34.080616080113,-118.03009408016,755
1214.2,34.081027745474,-118.03208888792,762
1214.2,34.081027745474,-118.03208888792,763
1214.2,34.078392198753,-118.03338238332,772
1214.2,34.074921178224,-118.03506180538,786
1214.2,34.074921178224,-118.03506180538,787
1214.2,34.072068622478,-118.03601160382,796
1214.2,34.072068622478,-118.03601160382,797
1214.2,34.071996103379,-118.03945231925,807
1214.2,34.071964940301,-118.042222732,815
1214.2,34.071964940301,-118.042222732,816
1214.2,34.076524058879,-118.04099660057,832
1214.2,34.076524058879,-118.04099660057,833
1214.2,34.076606918317,-118.03972858018,836
1214.2,34.075749880924,-118.03882336802,840
1214.2,34.075521982634,-118.03827839935,842
1214.2,34.076038697536,-118.037905485,845
1214.2,34.075731568473,-118.03583816386,851
1214.2,34.07617105386,-118.03641293931,853
1214.3,34.07617105386,-118.03641293931,426
1214.3,34.075912954474,-118.03574577957,429
1214.3,34.075415524603,-118.03597341845,431
1214.3,34.076038697536,-118.037905485,437
1214.3,34.076524058879,-118.04099660057,447
1214.3,34.076585359729,-118.04625710113,463
1214.3,34.078019871215,-118.04591775779,468
1214.3,34.082218925276,-118.04505151515,484
1214.3,34.081266617465,-118.04171224929,494
1214.3,34.083580638828,-118.04076227834,503
1214.3,34.084649703192,-118.04032355894,507
1214.3,34.085129266721,-118.04407882216,519
1214.3,34.090584646075,-118.04160129917,540
1214.3,34.091862612823,-118.04098100013,545
1214.3,34.09201133472,-118.03997370361,548
1214.3,34.092691480946,-118.03540614942,562
1214.3,34.09287045963,-118.03412800896,566
1214.3,34.092675896344,-118.03217923234,572
1214.3,34.092154969439,-118.02745264491,586
1214.3,34.091935345104,-118.02653768411,589
1214.3,34.09210298842,-118.02642874313,590
1214.3,34.09210298842,-118.02642874313,591
1214.3,34.091592928131,-118.02113744222,606
1214.3,34.091592928131,-118.02113744222,607
1214.3,34.09341759815,-118.0206094385,613
1214.3,34.094340927113,-118.02032561302,616
1214.3,34.093976070684,-118.01630916406,629
1214.3,34.095748510417,-118.01578103008,635
1214.3,34.096952282109,-118.01409009801,644
1214.3,34.096952282109,-118.01409009801,645
1214.3,34.0966420269,-118.01172177098,651
1214.3,34.0966420269,-118.01172177098,652
1214.3,34.093751133674,-118.01312840923,663
1214.3,34.090917929416,-118.01453496026,674
1214.3,34.086641991401,-118.01662148446,691
1214.3,34.084399580829,-118.01773069549,700
1214.3,34.084399580829,-118.01773069549,701
1214.3,34.085014643629,-118.02061397295,709
1214.3,34.085192803882,-118.02310416294,717
1214.3,34.085640101276,-118.02607002014,726
1214.3,34.083779677029,-118.02663747456,733
1214.3,34.081976959736,-118.02718510779,740
1214.3,34.080075372296,-118.02749161096,747
1214.3,34.080616080113,-118.03009408016,755
1214.3,34.081027745474,-118.03208888792,762
1214.3,34.081027745474,-118.03208888792,763
1214.3,34.078392198753,-118.03338238332,772
1214.3,34.074921178224,-118.03506180538,786
1214.3,34.074921178224,-118.03506180538,787
1214.3,34.072068622478,-118.03601160382,796
1214.3,34.072068622478,-118.03601160382,797
1214.3,34.071996103379,-118.03945231925,807
1214.3,34.071964940301,-118.042222732,815
1214.3,34.071964940301,-118.042222732,816
1214.3,34.076524058879,-118.04099660057,832
1214.3,34.076524058879,-118.04099660057,833
1214.3,34.076606918317,-118.03972858018,836
1214.3,34.075749880924,-118.03882336802,840
1214.3,34.075521982634,-118.03827839935,842
1214.3,34.076038697536,-118.037905485,845
1214.3,34.075731568473,-118.03583816386,851
1214.3,34.07617105386,-118.03641293931,853
1216.1,34.07617105386,-118.03641293931,0
1216.1,34.075912954474,-118.03574577957,2
1216.1,34.075415524603,-118.03597341845,4
1216.1,34.076524058879,-118.04099660057,19
1216.1,34.076524058879,-118.04099660057,20
1216.1,34.081972264752,-118.03477744782,47
1216.1,34.081027745474,-118.03208888792,56
1216.1,34.080075372296,-118.02749161096,70
1216.1,34.079696585782,-118.02558932478,76
1216.1,34.078908723174,-118.02163619126,89
1216.1,34.078691832656,-118.02054636813,92
1216.1,34.078691832656,-118.02054636813,93
1216.1,34.080456102745,-118.01967496954,99
1216.1,34.085594982837,-118.01715299447,119
1216.1,34.086641991401,-118.01662148446,123
1216.1,34.090917929416,-118.01453496026,140
1216.1,34.093751133674,-118.01312840923,151
1216.1,34.0966420269,-118.01172177098,163
1216.1,34.095282158093,-118.00772167229,176
1216.1,34.094600800044,-118.00572332312,182
1216.1,34.093891931579,-118.0036853702,189
1216.1,34.092476759877,-118.00440203032,195
1216.1,34.091935396053,-118.00528716487,198
1216.1,34.091045096698,-118.00512196798,201
1216.1,34.089506265968,-118.00577581849,207
1216.1,34.087857508882,-118.00658816542,214
1216.1,34.086214242153,-118.0074004808,220
1216.1,34.084491279459,-118.00825238708,227
1216.1,34.083131299628,-118.00416045597,240
1216.1,34.081452326952,-118.00498267832,247
1216.1,34.079784340223,-118.00580486843,254
1216.1,34.078077876725,-118.0066501388,260
1216.1,34.075882273536,-118.00773639242,269
1216.1,34.076179177131,-118.0052201244,277
1216.1,34.074390280749,-118.00609508367,284
1216.1,34.070139219773,-118.00821464931,300
1216.1,34.070880987995,-118.01022234782,307
1216.1,34.071619975679,-118.01222347744,314
1216.1,34.072358930622,-118.01422134034,320
1216.1,34.073529585673,-118.01363376193,325
1216.1,34.075255335516,-118.01276226544,332
1216.1,34.074793204438,-118.01677763408,344
1216.1,34.074083259817,-118.02285673574,363
1216.1,34.073403351017,-118.0284503337,380
1216.1,34.073403351017,-118.0284503337,381
1216.1,34.072577972442,-118.03249840674,392
1216.1,34.072068622478,-118.03601160382,403
1216.1,34.074921178224,-118.03506180538,414
1216.1,34.075731568473,-118.03583816386,418
1216.1,34.07617105386,-118.03641293931,420
1216.2,34.07617105386,-118.03641293931,0
1216.2,34.075912954474,-118.03574577957,2
1216.2,34.075415524603,-118.03597341845,4
1216.2,34.076524058879,-118.04099660057,19
1216.2,34.076524058879,-118.04099660057,20
1216.2,34.081972264752,-118.03477744782,47
1216.2,34.081027745474,-118.03208888792,56
1216.2,34.080075372296,-118.02749161096,70
1216.2,34.079696585782,-118.02558932478,76
1216.2,34.078908723174,-118.02163619126,89
1216.2,34.078691832656,-118.02054636813,92
1216.2,34.078691832656,-118.02054636813,93
1216.2,34.080456102745,-118.01967496954,99
1216.2,34.085594982837,-118.01715299447,119
1216.2,34.086641991401,-118.01662148446,123
1216.2,34.090917929416,-118.01453496026,140
1216.2,34.093751133674,-118.01312840923,151
1216.2,34.0966420269,-118.01172177098,163
1216.2,34.095282158093,-118.00772167229,176
1216.2,34.094600800044,-118.00572332312,182
1216.2,34.093891931579,-118.0036853702,189
1216.2,34.092476759877,-118.00440203032,195
1216.2,34.091935396053,-118.00528716487,198
1216.2,34.091045096698,-118.00512196798,201
1216.2,34.089506265968,-118.00577581849,207
1216.2,34.087857508882,-118.00658816542,214
1216.2,34.086214242153,-118.0074004808,220
1216.2,34.084491279459,-118.00825238708,227
1216.2,34.083131299628,-118.00416045597,240
1216.2,34.081452326952,-118.00498267832,247
1216.2,34.079784340223,-118.00580486843,254
1216.2,34.078077876725,-118.0066501388,260
1216.2,34.075882273536,-118.00773639242,269
1216.2,34.076179177131,-118.0052201244,277
1216.2,34.074390280749,-118.00609508367,284
1216.2,34.070139219773,-118.00821464931,300
1216.2,34.070880987995,-118.01022234782,307
1216.2,34.071619975679,-118.01222347744,314
1216.2,34.072358930622,-118.01422134034,320
1216.2,34.073529585673,-118.01363376193,325
1216.2,34.075255335516,-118.01276226544,332
1216.2,34.074793204438,-118.01677763408,344
1216.2,34.074083259817,-118.02285673574,363
1216.2,34.073403351017,-118.0284503337,380
1216.2,34.073403351017,-118.0284503337,381
1216.2,34.072577972442,-118.03249840674,392
1216.2,34.072068622478,-118.03601160382,403
1216.2,34.074921178224,-118.03506180538,414
1216.2,34.075731568473,-118.03583816386,418
1216.2,34.07617105386,-118.03641293931,420
1216.2,34.075912954474,-118.03574577957,423
1216.2,34.075415524603,-118.03597341845,424
1216.2,34.076524058879,-118.04099660057,440
1216.2,34.081972264752,-118.03477744782,468
1216.2,34.081027745474,-118.03208888792,477
1216.2,34.080075372296,-118.02749161096,491
1216.2,34.079696585782,-118.02558932478,497
1216.2,34.078908723174,-118.02163619126,510
1216.2,34.078691832656,-118.02054636813,513
1216.2,34.078691832656,-118.02054636813,514
1216.2,34.080456102745,-118.01967496954,520
1216.2,34.085594982837,-118.01715299447,540
1216.2,34.086641991401,-118.01662148446,544
1216.2,34.090917929416,-118.01453496026,561
1216.2,34.093751133674,-118.01312840923,572
1216.2,34.0966420269,-118.01172177098,584
1216.2,34.095282158093,-118.00772167229,597
1216.2,34.094600800044,-118.00572332312,603
1216.2,34.093891931579,-118.0036853702,610
1216.2,34.092476759877,-118.00440203032,615
1216.2,34.091935396053,-118.00528716487,619
1216.2,34.091045096698,-118.00512196798,622
1216.2,34.089506265968,-118.00577581849,628
1216.2,34.087857508882,-118.00658816542,635
1216.2,34.086214242153,-118.0074004808,641
1216.2,34.084491279459,-118.00825238708,648
1216.2,34.083131299628,-118.00416045597,661
1216.2,34.081452326952,-118.00498267832,668
1216.2,34.079784340223,-118.00580486843,674
1216.2,34.078077876725,-118.0066501388,681
1216.2,34.075882273536,-118.00773639242,690
1216.2,34.076179177131,-118.0052201244,698
1216.2,34.074390280749,-118.00609508367,705
1216.2,34.070139219773,-118.00821464931,721
1216.2,34.070880987995,-118.01022234782,728
1216.2,34.071619975679,-118.01222347744,735
1216.2,34.072358930622,-118.01422134034,741
1216.2,34.073529585673,-118.01363376193,746
1216.2,34.075255335516,-118.01276226544,753
1216.2,34.074793204438,-118.01677763408,765
1216.2,34.074083259817,-118.02285673574,783
1216.2,34.073403351017,-118.0284503337,801
1216.2,34.072577972442,-118.03249840674,813
1216.2,34.072068622478,-118.03601160382,824
1216.2,34.074921178224,-118.03506180538,835
1216.2,34.075731568473,-118.03583816386,839
1216.2,34.07617105386,-118.03641293931,841
1216.3,34.07617105386,-118.03641293931,420
1216.3,34.075912954474,-118.03574577957,423
1216.3,34.075415524603,-118.03597341845,424
1216.3,34.076524058879,-118.04099660057,440
1216.3,34.081972264752,-118.03477744782,468
1216.3,34.081027745474,-118.03208888792,477
1216.3,34.080075372296,-118.02749161096,491
1216.3,34.079696585782,-118.02558932478,497
1216.3,34.078908723174,-118.02163619126,510
1216.3,34.078691832656,-118.02054636813,513
1216.3,34.078691832656,-118.02054636813,514
1216.3,34.080456102745,-118.01967496954,520
1216.3,34.085594982837,-118.01715299447,540
1216.3,34.086641991401,-118.01662148446,544
1216.3,34.090917929416,-118.01453496026,561
1216.3,34.093751133674,-118.01312840923,572
1216.3,34.0966420269,-118.01172177098,584
1216.3,34.095282158093,-118.00772167229,597
1216.3,34.094600800044,-118.00572332312,603
1216.3,34.093891931579,-118.0036853702,610
1216.3,34.092476759877,-118.00440203032,615
1216.3,34.091935396053,-118.00528716487,619
1216.3,34.091045096698,-118.00512196798,622
1216.3,34.089506265968,-118.00577581849,628
1216.3,34.087857508882,-118.00658816542,635
1216.3,34.086214242153,-118.0074004808,641
1216.3,34.084491279459,-118.00825238708,648
1216.3,34.083131299628,-118.00416045597,661
1216.3,34.081452326952,-118.00498267832,668
1216.3,34.079784340223,-118.00580486843,674
1216.3,34.078077876725,-118.0066501388,681
1216.3,34.075882273536,-118.00773639242,690
1216.3,34.076179177131,-118.0052201244,698
1216.3,34.074390280749,-118.00609508367,705
1216.3,34.070139219773,-118.00821464931,721
1216.3,34.070880987995,-118.01022234782,728
1216.3,34.071619975679,-118.01222347744,735
1216.3,34.072358930622,-118.01422134034,741
1216.3,34.073529585673,-118.01363376193,746
1216.3,34.075255335516,-118.01276226544,753
1216.3,34.074793204438,-118.01677763408,765
1216.3,34.074083259817,-118.02285673574,783
1216.3,34.073403351017,-118.0284503337,801
1216.3,34.072577972442,-118.03249840674,813
1216.3,34.072068622478,-118.03601160382,824
1216.3,34.074921178224,-118.03506180538,835
1216.3,34.075731568473,-118.03583816386,839
1216.3,34.07617105386,-118.03641293931,841
1218.1,34.07617105386,-118.03641293931,0
1218.1,34.075912954474,-118.03574577957,2
1218.1,34.075415524603,-118.03597341845,4
1218.1,34.071204395378,-118.03116385344,25
1218.1,34.068894200098,-118.02809549276,38
1218.1,34.068894200098,-118.02809549276,39
1218.1,34.071486041262,-118.02532925389,50
1218.1,34.074083259817,-118.02285673574,63
1218.1,34.074110805964,-118.02249680963,64
1218.1,34.074165821739,-118.02217981845,65
1218.1,34.072921414051,-118.02005293834,73
1218.1,34.072025860223,-118.01850075491,78
1218.1,34.071116548586,-118.01693869586,84
1218.1,34.070174249212,-118.01532383291,90
1218.1,34.070174249212,-118.01532383291,91
1218.1,34.06903959951,-118.01352076406,98
1218.1,34.068336357428,-118.01149987813,105
1218.1,34.067624837726,-118.00948232714,112
1218.1,34.064739462127,-118.01097109991,123
1218.1,34.0582843732,-118.01452268754,149
1218.1,34.055876866494,-118.01743412536,162
1218.1,34.052456309511,-118.01332991067,179
1218.1,34.050593161493,-118.01422754438,186
1218.1,34.049109156796,-118.01555105586,193
1218.1,34.047649813801,-118.01726075397,201
1218.1,34.046531234568,-118.01862385892,206
1218.1,34.047759293191,-118.02007331669,213
1218.1,34.048943378809,-118.02146668614,219
1218.1,34.050800518924,-118.023659175,228
1218.1,34.052094447311,-118.02519793483,235
1218.1,34.053402093983,-118.0267433493,241
1218.1,34.05468774353,-118.028265695,248
1218.1,34.054019828281,-118.02905119078,251
1218.1,34.0550306574,-118.0305965925,258
1218.1,34.05599515626,-118.03059034238,261
1218.1,34.058547918999,-118.03057146662,270
1218.1,34.062840071575,-118.03056643177,286
1218.1,34.062833158588,-118.03573028552,302
1218.1,34.064808815323,-118.03590612352,309
1218.1,34.067650071448,-118.03599979597,319
1218.1,34.07045013562,-118.03600760504,329
1218.1,34.072068622478,-118.03601160382,335
1218.1,34.073967540485,-118.0355104964,342
1218.1,34.07617105386,-118.03641293931,353
1218.1,34.075912954474,-118.03574577957,356
1218.1,34.075415524603,-118.03597341845,358
1218.1,34.071204395378,-118.03116385344,379
1218.1,34.068894200098,-118.02809549276,392
1218.1,34.068894200098,-118.02809549276,393
1218.1,34.071486041262,-118.02532925389,404
1218.1,34.074083259817,-118.02285673574,416
1218.1,34.074110805964,-118.02249680963,418
1218.1,34.074165821739,-118.02217981845,419
1218.1,34.072921414051,-118.02005293834,426
1218.1,34.072025860223,-118.01850075491,432
1218.1,34.071116548586,-118.01693869586,438
1218.1,34.070174249212,-118.01532383291,444
1218.1,34.070174249212,-118.01532383291,445
1218.1,34.06903959951,-118.01352076406,452
1218.1,34.068336357428,-118.01149987813,459
1218.1,34.067624837726,-118.00948232714,465
1218.1,34.064739462127,-118.01097109991,477
1218.1,34.0582843732,-118.01452268754,503
1218.1,34.055876866494,-118.01743412536,515
1218.1,34.052456309511,-118.01332991067,533
1218.1,34.050593161493,-118.01422754438,540
1218.1,34.049109156796,-118.01555105586,547
1218.1,34.047649813801,-118.01726075397,554
1218.1,34.046531234568,-118.01862385892,560
1218.1,34.047759293191,-118.02007331669,566
1218.1,34.048943378809,-118.02146668614,572
1218.1,34.050800518924,-118.023659175,582
1218.1,34.052094447311,-118.02519793483,588
1218.1,34.053402093983,-118.0267433493,595
1218.1,34.05468774353,-118.028265695,602
1218.1,34.054019828281,-118.02905119078,605
1218.1,34.0550306574,-118.0305965925,611
1218.1,34.05599515626,-118.03059034238,615
1218.1,34.058547918999,-118.03057146662,624
1218.1,34.062840071575,-118.03056643177,640
1218.1,34.062833158588,-118.03573028552,655
1218.1,34.064808815323,-118.03590612352,663
1218.1,34.067650071448,-118.03599979597,673
1218.1,34.07045013562,-118.03600760504,683
1218.1,34.072068622478,-118.03601160382,689
1218.1,34.073967540485,-118.0355104964,696
1218.1,34.075731568473,-118.03583816386,704
1218.1,34.07617105386,-118.03641293931,706
1218.2,34.07617105386,-118.03641293931,0
1218.2,34.075912954474,-118.03574577957,2
1218.2,34.075415524603,-118.03597341845,4
1218.2,34.071204395378,-118.03116385344,25
1218.2,34.068894200098,-118.02809549276,38
1218.2,34.068894200098,-118.02809549276,39
1218.2,34.071486041262,-118.02532925389,50
1218.2,34.074083259817,-118.02285673574,63
1218.2,34.074110805964,-118.02249680963,64
1218.2,34.074165821739,-118.02217981845,65
1218.2,34.072921414051,-118.02005293834,73
1218.2,34.072025860223,-118.01850075491,78
1218.2,34.071116548586,-118.01693869586,84
1218.2,34.070174249212,-118.01532383291,90
1218.2,34.070174249212,-118.01532383291,91
1218.2,34.06903959951,-118.01352076406,98
1218.2,34.068336357428,-118.01149987813,105
1218.2,34.067624837726,-118.00948232714,112
1218.2,34.064739462127,-118.01097109991,123
1218.2,34.0582843732,-118.01452268754,149
1218.2,34.055876866494,-118.01743412536,162
1218.2,34.052456309511,-118.01332991067,179
1218.2,34.050593161493,-118.01422754438,186
1218.2,34.049109156796,-118.01555105586,193
1218.2,34.047649813801,-118.01726075397,201
1218.2,34.046531234568,-118.01862385892,206
1218.2,34.047759293191,-118.02007331669,213
1218.2,34.048943378809,-118.02146668614,219
1218.2,34.050800518924,-118.023659175,228
1218.2,34.052094447311,-118.02519793483,235
1218.2,34.053402093983,-118.0267433493,241
1218.2,34.05468774353,-118.028265695,248
1218.2,34.054019828281,-118.02905119078,251
1218.2,34.0550306574,-118.0305965925,258
1218.2,34.05599515626,-118.03059034238,261
1218.2,34.058547918999,-118.03057146662,270
1218.2,34.062840071575,-118.03056643177,286
1218.2,34.062833158588,-118.03573028552,302
1218.2,34.064808815323,-118.03590612352,309
1218.2,34.067650071448,-118.03599979597,319
1218.2,34.07045013562,-118.03600760504,329
1218.2,34.072068622478,-118.03601160382,335
1218.2,34.073967540485,-118.0355104964,342
1218.2,34.07617105386,-118.03641293931,353
1218.2,34.075912954474,-118.03574577957,356
1218.2,34.075415524603,-118.03597341845,358
1218.2,34.071204395378,-118.03116385344,379
1218.2,34.068894200098,-118.02809549276,392
1218.2,34.068894200098,-118.02809549276,393
1218.2,34.071486041262,-118.02532925389,404
1218.2,34.074083259817,-118.02285673574,416
1218.2,34.074110805964,-118.02249680963,418
1218.2,34.074165821739,-118.02217981845,419
1218.2,34.072921414051,-118.02005293834,426
1218.2,34.072025860223,-118.01850075491,432
1218.2,34.071116548586,-118.01693869586,438
1218.2,34.070174249212,-118.01532383291,444
1218.2,34.070174249212,-118.01532383291,445
1218.2,34.06903959951,-118.01352076406,452
1218.2,34.068336357428,-118.01149987813,459
1218.2,34.067624837726,-118.00948232714,465
1218.2,34.064739462127,-118.01097109991,477
1218.2,34.0582843732,-118.01452268754,503
1218.2,34.055876866494,-118.01743412536,515
1218.2,34.052456309511,-118.01332991067,533
1218.2,34.050593161493,-118.01422754438,540
1218.2,34.049109156796,-118.01555105586,547
1218.2,34.047649813801,-118.01726075397,554
1218.2,34.046531234568,-118.01862385892,560
1218.2,34.047759293191,-118.02007331669,566
1218.2,34.048943378809,-118.02146668614,572
1218.2,34.050800518924,-118.023659175,582
1218.2,34.052094447311,-118.02519793483,588
1218.2,34.053402093983,-118.0267433493,595
1218.2,34.05468774353,-118.028265695,602
1218.2,34.054019828281,-118.02905119078,605
1218.2,34.0550306574,-118.0305965925,611
1218.2,34.05599515626,-118.03059034238,615
1218.2,34.058547918999,-118.03057146662,624
1218.2,34.062840071575,-118.03056643177,640
1218.2,34.062833158588,-118.03573028552,655
1218.2,34.064808815323,-118.03590612352,663
1218.2,34.067650071448,-118.03599979597,673
1218.2,34.07045013562,-118.03600760504,683
1218.2,34.072068622478,-118.03601160382,689
1218.2,34.073967540485,-118.0355104964,696
1218.2,34.075731568473,-118.03583816386,704
1218.2,34.07617105386,-118.03641293931,706
1220.1,34.07617105386,-118.03641293931,0
1220.1,34.075912954474,-118.03574577957,2
1220.1,34.075415524603,-118.03597341845,4
1220.1,34.071204395378,-118.03116385344,25
1220.1,34.068894200098,-118.02809549276,38
1220.1,34.065680169421,-118.02360064895,56
1220.1,34.063839604862,-118.02088940278,66
1220.1,34.062828211186,-118.02191928003,71
1220.1,34.061132458237,-118.02364558883,79
1220.1,34.058603797262,-118.02668558455,92
1220.1,34.058603797262,-118.02668558455,93
1220.1,34.058547918999,-118.03057146662,104
1220.1,34.058587744717,-118.03564923561,119
1220.1,34.058608671626,-118.03906302832,130
1220.1,34.06063934231,-118.03904746846,137
1220.1,34.062810068189,-118.03929610899,145
1220.1,34.062810068189,-118.03929610899,146
1220.1,34.062773259253,-118.04250534033,155
1220.1,34.062738628923,-118.04697581751,168
1220.1,34.062717604724,-118.05137036048,182
1220.1,34.065649572791,-118.05135895373,192
1220.1,34.066666282442,-118.05135297425,196
1220.1,34.068159493332,-118.04863641995,207
1220.1,34.067717567707,-118.04743097265,211
1220.1,34.067079955756,-118.04770796788,213
1220.1,34.067085792634,-118.04683627847,216
1220.1,34.06711214525,-118.04244811142,229
1220.1,34.066786128964,-118.039565427,238
1220.1,34.066443763375,-118.035995975,249
1220.1,34.067650071448,-118.03599979597,253
1220.1,34.07045013562,-118.03600760504,263
1220.1,34.072068622478,-118.03601160382,269
1220.1,34.072068622478,-118.03601160382,270
1220.1,34.071996103379,-118.03945231925,280
1220.1,34.071964940301,-118.042222732,288
1220.1,34.076524058879,-118.04099660057,305
1220.1,34.076524058879,-118.04099660057,306
1220.1,34.076606918317,-118.03972858018,309
1220.1,34.075749880924,-118.03882336802,314
1220.1,34.075521982634,-118.03827839935,316
1220.1,34.076038697536,-118.037905485,318
1220.1,34.075731568473,-118.03583816386,325
1220.1,34.07617105386,-118.03641293931,327
1220.1,34.075912954474,-118.03574577957,329
1220.1,34.075415524603,-118.03597341845,331
1220.1,34.071204395378,-118.03116385344,353
1220.1,34.068894200098,-118.02809549276,365
1220.1,34.065680169421,-118.02360064895,383
1220.1,34.063839604862,-118.02088940278,394
1220.1,34.062828211186,-118.02191928003,399
1220.1,34.061132458237,-118.02364558883,407
1220.1,34.058603797262,-118.02668558455,420
1220.1,34.058603797262,-118.02668558455,421
1220.1,34.058547918999,-118.03057146662,432
1220.1,34.058587744717,-118.03564923561,447
1220.1,34.058608671626,-118.03906302832,457
1220.1,34.06063934231,-118.03904746846,465
1220.1,34.062810068189,-118.03929610899,473
1220.1,34.062810068189,-118.03929610899,474
1220.1,34.062773259253,-118.04250534033,483
1220.1,34.062738628923,-118.04697581751,496
1220.1,34.062717604724,-118.05137036048,509
1220.1,34.065649572791,-118.05135895373,520
1220.1,34.066666282442,-118.05135297425,524
1220.1,34.068159493332,-118.04863641995,534
1220.1,34.067717567707,-118.04743097265,538
1220.1,34.067079955756,-118.04770796788,541
1220.1,34.067085792634,-118.04683627847,544
1220.1,34.06711214525,-118.04244811142,557
1220.1,34.066786128964,-118.039565427,566
1220.1,34.066443763375,-118.035995975,577
1220.1,34.067650071448,-118.03599979597,581
1220.1,34.07045013562,-118.03600760504,591
1220.1,34.072068622478,-118.03601160382,597
1220.1,34.072068622478,-118.03601160382,598
1220.1,34.071996103379,-118.03945231925,607
1220.1,34.071964940301,-118.042222732,616
1220.1,34.076524058879,-118.04099660057,633
1220.1,34.076524058879,-118.04099660057,634
1220.1,34.076606918317,-118.03972858018,637
1220.1,34.075749880924,-118.03882336802,641
1220.1,34.075521982634,-118.03827839935,643
1220.1,34.076038697536,-118.037905485,645
1220.1,34.075731568473,-118.03583816386,652
1220.1,34.07617105386,-118.03641293931,654
1220.2,34.07617105386,-118.03641293931,0
1220.2,34.075912954474,-118.03574577957,2
1220.2,34.075415524603,-118.03597341845,4
1220.2,34.071204395378,-118.03116385344,25
1220.2,34.068894200098,-118.02809549276,38
1220.2,34.065680169421,-118.02360064895,56
1220.2,34.063839604862,-118.02088940278,66
1220.2,34.062828211186,-118.02191928003,71
1220.2,34.061132458237,-118.02364558883,79
1220.2,34.058603797262,-118.02668558455,92
1220.2,34.058603797262,-118.02668558455,93
1220.2,34.058547918999,-118.03057146662,104
1220.2,34.058587744717,-118.03564923561,119
1220.2,34.058608671626,-118.03906302832,130
1220.2,34.06063934231,-118.03904746846,137
1220.2,34.062810068189,-118.03929610899,145
1220.2,34.062810068189,-118.03929610899,146
1220.2,34.062773259253,-118.04250534033,155
1220.2,34.062738628923,-118.04697581751,168
1220.2,34.062717604724,-118.05137036048,182
1220.2,34.065649572791,-118.05135895373,192
1220.2,34.066666282442,-118.05135297425,196
1220.2,34.068159493332,-118.04863641995,207
1220.2,34.067717567707,-118.04743097265,211
1220.2,34.067079955756,-118.04770796788,213
1220.2,34.067085792634,-118.04683627847,216
1220.2,34.06711214525,-118.04244811142,229
1220.2,34.066786128964,-118.039565427,238
1220.2,34.066443763375,-118.035995975,249
1220.2,34.067650071448,-118.03599979597,253
1220.2,34.07045013562,-118.03600760504,263
1220.2,34.072068622478,-118.03601160382,269
1220.2,34.072068622478,-118.03601160382,270
1220.2,34.071996103379,-118.03945231925,280
1220.2,34.071964940301,-118.042222732,288
1220.2,34.076524058879,-118.04099660057,305
1220.2,34.076524058879,-118.04099660057,306
1220.2,34.076606918317,-118.03972858018,309
1220.2,34.075749880924,-118.03882336802,314
1220.2,34.075521982634,-118.03827839935,316
1220.2,34.076038697536,-118.037905485,318
1220.2,34.075731568473,-118.03583816386,325
1220.2,34.07617105386,-118.03641293931,327
1220.2,34.075912954474,-118.03574577957,329
1220.2,34.075415524603,-118.03597341845,331
1220.2,34.071204395378,-118.03116385344,353
1220.2,34.068894200098,-118.02809549276,365
1220.2,34.065680169421,-118.02360064895,383
1220.2,34.063839604862,-118.02088940278,394
1220.2,34.062828211186,-118.02191928003,399
1220.2,34.061132458237,-118.02364558883,407
1220.2,34.058603797262,-118.02668558455,420
1220.2,34.058603797262,-118.02668558455,421
1220.2,34.058547918999,-118.03057146662,432
1220.2,34.058587744717,-118.03564923561,447
1220.2,34.058608671626,-118.03906302832,457
1220.2,34.06063934231,-118.03904746846,465
1220.2,34.062810068189,-118.03929610899,473
1220.2,34.062810068189,-118.03929610899,474
1220.2,34.062773259253,-118.04250534033,483
1220.2,34.062738628923,-118.04697581751,496
1220.2,34.062717604724,-118.05137036048,509
1220.2,34.065649572791,-118.05135895373,520
1220.2,34.066666282442,-118.05135297425,524
1220.2,34.068159493332,-118.04863641995,534
1220.2,34.067717567707,-118.04743097265,538
1220.2,34.067079955756,-118.04770796788,541
1220.2,34.067085792634,-118.04683627847,544
1220.2,34.06711214525,-118.04244811142,557
1220.2,34.066786128964,-118.039565427,566
1220.2,34.066443763375,-118.035995975,577
1220.2,34.067650071448,-118.03599979597,581
1220.2,34.07045013562,-118.03600760504,591
1220.2,34.072068622478,-118.03601160382,597
1220.2,34.072068622478,-118.03601160382,598
1220.2,34.071996103379,-118.03945231925,607
1220.2,34.071964940301,-118.042222732,616
1220.2,34.076524058879,-118.04099660057,633
1220.2,34.076524058879,-118.04099660057,634
1220.2,34.076606918317,-118.03972858018,637
1220.2,34.075749880924,-118.03882336802,641
1220.2,34.075521982634,-118.03827839935,643
1220.2,34.076038697536,-118.037905485,645
1220.2,34.075731568473,-118.03583816386,652
1220.2,34.07617105386,-118.03641293931,654
1222.1,34.07617105386,-118.03641293931,0
1222.1,34.075912954474,-118.03574577957,2
1222.1,34.075415524603,-118.03597341845,4
1222.1,34.074921178224,-118.03506180538,7
1222.1,34.074921178224,-118.03506180538,8
1222.1,34.073967540485,-118.0355104964,11
1222.1,34.07045013562,-118.03600760504,24
1222.1,34.068501906055,-118.03600346449,31
1222.1,34.064808815323,-118.03590612352,44
1222.1,34.062833158588,-118.03573028552,51
1222.1,34.059708862024,-118.03567612595,63
1222.1,34.058552031362,-118.03561950663,67
1222.1,34.058547918999,-118.03057146662,82
1222.1,34.058547918999,-118.03057146662,83
1222.1,34.055354905149,-118.03059340968,94
1222.1,34.051538123724,-118.03063493033,108
1222.1,34.049568482288,-118.02829697732,118
1222.1,34.048269098573,-118.02675491314,124
1222.1,34.047390008315,-118.02572799338,129
1222.1,34.045225210957,-118.02320206006,140
1222.1,34.043953237446,-118.02167996788,146
1222.1,34.043953237446,-118.02167996788,147
1222.1,34.044777867676,-118.02009570834,152
1222.1,34.045283548822,-118.01963368898,154
1222.1,34.046531234568,-118.01862385892,160
1222.1,34.047649813801,-118.01726075397,166
1222.1,34.049109156796,-118.01555105586,173
1222.1,34.050593161493,-118.01422754438,180
1222.1,34.052456309511,-118.01332991067,187
1222.1,34.055876866494,-118.01743412536,205
1222.1,34.057187363201,-118.01896298158,211
1222.1,34.054653309179,-118.0220888098,225
1222.1,34.05595275417,-118.02362431632,231
1222.1,34.058518590346,-118.02679120627,245
1222.1,34.061132458237,-118.02364558883,258
1222.1,34.062828211186,-118.02191928003,266
1222.1,34.063839604862,-118.02088940278,271
1222.1,34.065680169421,-118.02360064895,282
1222.1,34.068894200098,-118.02809549276,300
1222.1,34.071204395378,-118.03116385344,312
1222.1,34.072577972442,-118.03249840674,319
1222.1,34.074176882246,-118.03375054136,325
1222.1,34.074921178224,-118.03506180538,330
1222.1,34.075731568473,-118.03583816386,334
1222.1,34.07617105386,-118.03641293931,336
1222.2,34.07617105386,-118.03641293931,0
1222.2,34.075912954474,-118.03574577957,2
1222.2,34.075415524603,-118.03597341845,4
1222.2,34.074921178224,-118.03506180538,7
1222.2,34.074921178224,-118.03506180538,8
1222.2,34.073967540485,-118.0355104964,11
1222.2,34.07045013562,-118.03600760504,24
1222.2,34.068501906055,-118.03600346449,31
1222.2,34.064808815323,-118.03590612352,44
1222.2,34.062833158588,-118.03573028552,51
1222.2,34.059708862024,-118.03567612595,63
1222.2,34.058552031362,-118.03561950663,67
1222.2,34.058547918999,-118.03057146662,82
1222.2,34.058547918999,-118.03057146662,83
1222.2,34.055354905149,-118.03059340968,94
1222.2,34.051538123724,-118.03063493033,108
1222.2,34.049568482288,-118.02829697732,118
1222.2,34.048269098573,-118.02675491314,124
1222.2,34.047390008315,-118.02572799338,129
1222.2,34.045225210957,-118.02320206006,140
1222.2,34.043953237446,-118.02167996788,146
1222.2,34.043953237446,-118.02167996788,147
1222.2,34.044777867676,-118.02009570834,152
1222.2,34.045283548822,-118.01963368898,154
1222.2,34.046531234568,-118.01862385892,160
1222.2,34.047649813801,-118.01726075397,166
1222.2,34.049109156796,-118.01555105586,173
1222.2,34.050593161493,-118.01422754438,180
1222.2,34.052456309511,-118.01332991067,187
1222.2,34.055876866494,-118.01743412536,205
1222.2,34.057187363201,-118.01896298158,211
1222.2,34.054653309179,-118.0220888098,225
1222.2,34.05595275417,-118.02362431632,231
1222.2,34.058518590346,-118.02679120627,245
1222.2,34.061132458237,-118.02364558883,258
1222.2,34.062828211186,-118.02191928003,266
1222.2,34.063839604862,-118.02088940278,271
1222.2,34.065680169421,-118.02360064895,282
1222.2,34.068894200098,-118.02809549276,300
1222.2,34.071204395378,-118.03116385344,312
1222.2,34.072577972442,-118.03249840674,319
1222.2,34.074176882246,-118.03375054136,325
1222.2,34.074921178224,-118.03506180538,330
1222.2,34.075731568473,-118.03583816386,334
1222.2,34.07617105386,-118.03641293931,336
1222.2,34.075912954474,-118.03574577957,339
1222.2,34.075415524603,-118.03597341845,341
1222.2,34.074921178224,-118.03506180538,344
1222.2,34.074921178224,-118.03506180538,345
1222.2,34.073967540485,-118.0355104964,348
1222.2,34.07045013562,-118.03600760504,360
1222.2,34.068501906055,-118.03600346449,368
1222.2,34.064808815323,-118.03590612352,381
1222.2,34.062833158588,-118.03573028552,388
1222.2,34.059708862024,-118.03567612595,400
1222.2,34.058552031362,-118.03561950663,404
1222.2,34.058547918999,-118.03057146662,419
1222.2,34.058547918999,-118.03057146662,420
1222.2,34.055354905149,-118.03059340968,431
1222.2,34.051538123724,-118.03063493033,445
1222.2,34.049568482288,-118.02829697732,455
1222.2,34.048269098573,-118.02675491314,461
1222.2,34.047390008315,-118.02572799338,466
1222.2,34.045225210957,-118.02320206006,477
1222.2,34.043953237446,-118.02167996788,483
1222.2,34.043953237446,-118.02167996788,484
1222.2,34.044777867676,-118.02009570834,489
1222.2,34.045283548822,-118.01963368898,491
1222.2,34.046531234568,-118.01862385892,497
1222.2,34.047649813801,-118.01726075397,503
1222.2,34.049109156796,-118.01555105586,510
1222.2,34.050593161493,-118.01422754438,517
1222.2,34.052456309511,-118.01332991067,524
1222.2,34.055876866494,-118.01743412536,542
1222.2,34.057187363201,-118.01896298158,548
1222.2,34.054653309179,-118.0220888098,562
1222.2,34.05595275417,-118.02362431632,568
1222.2,34.058518590346,-118.02679120627,582
1222.2,34.061132458237,-118.02364558883,595
1222.2,34.062828211186,-118.02191928003,603
1222.2,34.063839604862,-118.02088940278,608
1222.2,34.065680169421,-118.02360064895,619
1222.2,34.068894200098,-118.02809549276,636
1222.2,34.071204395378,-118.03116385344,649
1222.2,34.072577972442,-118.03249840674,655
1222.2,34.074176882246,-118.03375054136,662
1222.2,34.074921178224,-118.03506180538,667
1222.2,34.075731568473,-118.03583816386,671
1222.2,34.07617105386,-118.03641293931,673
1222.3,34.07617105386,-118.03641293931,336
1222.3,34.075912954474,-118.03574577957,339
1222.3,34.075415524603,-118.03597341845,341
1222.3,34.074921178224,-118.03506180538,344
1222.3,34.074921178224,-118.03506180538,345
1222.3,34.073967540485,-118.0355104964,348
1222.3,34.07045013562,-118.03600760504,360
1222.3,34.068501906055,-118.03600346449,368
1222.3,34.064808815323,-118.03590612352,381
1222.3,34.062833158588,-118.03573028552,388
1222.3,34.059708862024,-118.03567612595,400
1222.3,34.058552031362,-118.03561950663,404
1222.3,34.058547918999,-118.03057146662,419
1222.3,34.058547918999,-118.03057146662,420
1222.3,34.055354905149,-118.03059340968,431
1222.3,34.051538123724,-118.03063493033,445
1222.3,34.049568482288,-118.02829697732,455
1222.3,34.048269098573,-118.02675491314,461
1222.3,34.047390008315,-118.02572799338,466
1222.3,34.045225210957,-118.02320206006,477
1222.3,34.043953237446,-118.02167996788,483
1222.3,34.043953237446,-118.02167996788,484
1222.3,34.044777867676,-118.02009570834,489
1222.3,34.045283548822,-118.01963368898,491
1222.3,34.046531234568,-118.01862385892,497
1222.3,34.047649813801,-118.01726075397,503
1222.3,34.049109156796,-118.01555105586,510
1222.3,34.050593161493,-118.01422754438,517
1222.3,34.052456309511,-118.01332991067,524
1222.3,34.055876866494,-118.01743412536,542
1222.3,34.057187363201,-118.01896298158,548
1222.3,34.054653309179,-118.0220888098,562
1222.3,34.05595275417,-118.02362431632,568
1222.3,34.058518590346,-118.02679120627,582
1222.3,34.061132458237,-118.02364558883,595
1222.3,34.062828211186,-118.02191928003,603
1222.3,34.063839604862,-118.02088940278,608
1222.3,34.065680169421,-118.02360064895,619
1222.3,34.068894200098,-118.02809549276,636
1222.3,34.071204395378,-118.03116385344,649
1222.3,34.072577972442,-118.03249840674,655
1222.3,34.074176882246,-118.03375054136,662
1222.3,34.074921178224,-118.03506180538,667
1222.3,34.075731568473,-118.03583816386,671
1222.3,34.07617105386,-118.03641293931,673
1280.1,34.076624852838,-118.03505261282,0
1280.1,34.07618228062,-118.03562371233,2
1280.1,34.075415524603,-118.03597341845,5
1280.1,34.076524058879,-118.04099660057,21
1280.1,34.079017267868,-118.05282679537,58
1280.1,34.072784747216,-118.05368470507,80
1280.1,34.072080769134,-118.05485648588,85
1280.1,34.07206598611,-118.05710848326,92
1280.1,34.069311122969,-118.06021704358,105
1280.1,34.068814340089,-118.06442004912,118
1280.1,34.068810647997,-118.06616676981,123
1280.1,34.068806448646,-118.06876538912,131
1280.1,34.071625764482,-118.06874129048,142
1280.1,34.071985357833,-118.06443900157,155
1280.1,34.072031486315,-118.06024872052,167
1280.1,34.07206598611,-118.05710848326,177
1280.1,34.072083145352,-118.05566879514,181
1280.1,34.068381712924,-118.04228365978,224
1280.1,34.071964940301,-118.042222732,237
1280.1,34.072068622478,-118.03601160382,256
1280.1,34.074921178224,-118.03506180538,267
1280.1,34.07618228062,-118.03562371233,271
1280.1,34.076624852838,-118.03505261282,274
3211.1,34.076624852838,-118.03505261282,0
3211.1,34.07618228062,-118.03562371233,2
3211.1,34.075415524603,-118.03597341845,5
3211.1,34.076524058879,-118.04099660057,21
3211.1,34.076585359729,-118.04625710113,37
3211.1,34.079017267868,-118.05282679537,59
3211.1,34.076661992938,-118.05364426447,91
3211.1,34.072784747216,-118.05368470507,105
3211.1,34.072080769134,-118.05485648588,109
3211.1,34.07206598611,-118.05710848326,116
3211.1,34.069311122969,-118.06021704358,130
3211.1,34.068814340089,-118.06442004912,143
3211.1,34.068806448646,-118.06876538912,156
3211.1,34.071625764482,-118.06874129048,166
3211.1,34.071985357833,-118.06443900157,179
3211.1,34.072031486315,-118.06024872052,192
3211.1,34.07206598611,-118.05710848326,201
3211.1,34.072080769134,-118.05485648588,208
3211.1,34.067964019044,-118.04233958096,249
3211.1,34.072271875074,-118.0445211284,271
3211.1,34.071964940301,-118.042222732,278
3211.1,34.072068622478,-118.03601160382,297
3211.1,34.072832534668,-118.03598551596,300
3211.1,34.074921178224,-118.03506180538,308
3211.1,34.07618228062,-118.03562371233,314
3211.1,34.076624852838,-118.03505261282,316
766.1,34.076624852838,-118.03505261282,0
766.1,34.07618228062,-118.03562371233,2
766.1,34.075415524603,-118.03597341845,5
766.1,34.074921178224,-118.03506180538,8
766.1,34.074921178224,-118.03506180538,9
766.1,34.072068622478,-118.03601160382,19
766.1,34.071964940301,-118.042222732,38
766.1,34.076524058879,-118.04099660057,55
766.1,34.074921178224,-118.03506180538,74
766.1,34.071204395378,-118.03116385344,92
766.1,34.074921178224,-118.03506180538,110
766.1,34.07618228062,-118.03562371233,115
766.1,34.076624852838,-118.03505261282,117
