shape_id,shape_pt_lat,shape_pt_lon,shape_pt_sequence,shape_dist_traveled
VNYoS,33.945257,-118.401559,1,
VNYoS,33.945040,-118.404084,2,
VNYoS,33.944775,-118.406889,3,
VNYoS,33.944744,-118.407706,4,
VNYoS,33.944697,-118.407958,5,
VNYoS,33.944562,-118.408121,6,
VNYoS,33.944223,-118.408172,7,
VNYoS,33.943789,-118.408027,8,
VNYoS,33.942921,-118.407973,9,
VNYoS,33.942691,-118.407895,10,
VNYoS,33.942548,-118.407691,11,
VNYoS,33.942562,-118.407414,12,
VNYoS,33.942702,-118.406398,13,
VNYoS,33.942892,-118.404025,14,
VNYoS,33.943197,-118.401469,15,
VNYoS,33.943470,-118.398679,16,
VNYoS,33.943916,-118.397527,17,
VNYoS,33.944270,-118.397094,18,
VNYoS,33.944443,-118.396531,19,
VNYoS,33.944543,-118.395750,20,
VNYoS,33.944437,-118.395312,21,
VNYoS,33.944164,-118.395202,22,
VNYoS,33.943945,-118.395348,23,
VNYoS,33.943830,-118.395666,24,
VNYoS,33.943913,-118.395890,25,
VNYoS,33.944113,-118.396025,26,
VNYoS,33.944936,-118.396075,27,
VNYoS,33.947011,-118.396096,28,
VNYoS,33.950182,-118.396086,29,
VNYoS,33.951194,-118.396086,30,
VNYoS,33.952223,-118.396088,31,
VNYoS,33.959687,-118.396114,32,
VNYoS,33.961711,-118.396102,33,
VNYoS,33.965450,-118.396053,34,
VNYoS,33.966424,-118.396005,35,
VNYoS,33.966900,-118.395957,36,
VNYoS,33.967855,-118.395815,37,
VNYoS,33.969387,-118.395442,38,
VNYoS,33.971609,-118.394857,39,
VNYoS,33.973910,-118.394203,40,
VNYoS,33.974544,-118.394001,41,
VNYoS,33.974712,-118.393834,42,
VNYoS,33.974822,-118.393564,43,
VNYoS,33.974844,-118.391886,44,
VNYoS,33.974845,-118.389654,45,
VNYoS,33.974880,-118.387427,46,
VNYoS,33.974965,-118.386088,47,
VNYoS,33.975130,-118.385440,48,
VNYoS,33.975175,-118.385461,49,
VNYoS,33.975394,-118.385278,50,
VNYoS,33.975674,-118.385203,51,
VNYoS,33.975966,-118.385280,52,
VNYoS,33.976181,-118.385481,53,
VNYoS,33.976287,-118.385690,54,
VNYoS,33.976926,-118.387249,55,
VNYoS,33.977227,-118.388017,56,
VNYoS,33.977828,-118.389465,57,
VNYoS,33.978208,-118.390479,58,
VNYoS,33.978811,-118.391571,59,
VNYoS,33.979308,-118.392230,60,
VNYoS,33.979953,-118.392863,61,
VNYoS,33.982073,-118.394551,62,
VNYoS,33.992313,-118.402556,63,
VNYoS,34.008733,-118.415549,64,
VNYoS,34.024430,-118.427924,65,
VNYoS,34.030852,-118.433127,66,
VNYoS,34.031749,-118.433881,67,
VNYoS,34.032332,-118.434524,68,
VNYoS,34.032829,-118.435218,69,
VNYoS,34.033492,-118.436157,70,
VNYoS,34.034838,-118.437462,71,
VNYoS,34.035771,-118.438043,72,
VNYoS,34.036797,-118.438526,73,
VNYoS,34.038325,-118.439289,74,
VNYoS,34.039322,-118.440000,75,
VNYoS,34.040423,-118.440964,76,
VNYoS,34.048399,-118.447810,77,
VNYoS,34.049017,-118.448233,78,
VNYoS,34.050077,-118.448797,79,
VNYoS,34.052295,-118.449563,80,
VNYoS,34.052936,-118.449840,81,
VNYoS,34.054031,-118.450599,82,
VNYoS,34.060044,-118.455408,83,
VNYoS,34.067196,-118.461612,84,
VNYoS,34.071404,-118.465430,85,
VNYoS,34.077199,-118.470013,86,
VNYoS,34.077653,-118.470387,87,
VNYoS,34.078714,-118.471324,88,
VNYoS,34.079751,-118.472342,89,
VNYoS,34.080073,-118.472629,90,
VNYoS,34.081211,-118.473469,91,
VNYoS,34.082364,-118.474083,92,
VNYoS,34.084041,-118.474631,93,
VNYoS,34.084921,-118.474767,94,
VNYoS,34.094267,-118.476076,95,
VNYoS,34.095104,-118.476257,96,
VNYoS,34.095646,-118.476477,97,
VNYoS,34.096205,-118.476847,98,
VNYoS,34.095623,-118.476469,99,
VNYoS,34.096348,-118.476874,100,
VNYoS,34.097491,-118.477535,101,
VNYoS,34.098107,-118.477808,102,
VNYoS,34.098871,-118.477991,103,
VNYoS,34.099590,-118.478032,104,
VNYoS,34.100367,-118.477934,105,
VNYoS,34.100988,-118.477755,106,
VNYoS,34.101691,-118.477540,107,
VNYoS,34.102515,-118.477342,108,
VNYoS,34.103220,-118.477299,109,
VNYoS,34.103730,-118.477360,110,
VNYoS,34.104388,-118.477520,111,
VNYoS,34.104948,-118.477748,112,
VNYoS,34.105512,-118.478063,113,
VNYoS,34.106044,-118.478448,114,
VNYoS,34.109217,-118.480771,115,
VNYoS,34.110407,-118.481555,116,
VNYoS,34.111388,-118.481982,117,
VNYoS,34.112458,-118.482131,118,
VNYoS,34.113111,-118.482092,119,
VNYoS,34.117278,-118.481798,120,
VNYoS,34.117844,-118.481736,121,
VNYoS,34.118402,-118.481596,122,
VNYoS,34.119035,-118.481334,123,
VNYoS,34.119631,-118.480977,124,
VNYoS,34.120111,-118.480575,125,
VNYoS,34.123016,-118.478204,126,
VNYoS,34.126766,-118.475144,127,
VNYoS,34.127362,-118.474729,128,
VNYoS,34.127956,-118.474399,129,
VNYoS,34.128566,-118.474128,130,
VNYoS,34.129014,-118.473966,131,
VNYoS,34.136333,-118.471596,132,
VNYoS,34.137315,-118.471313,133,
VNYoS,34.137988,-118.471202,134,
VNYoS,34.138670,-118.471146,135,
VNYoS,34.139188,-118.471143,136,
VNYoS,34.139846,-118.471186,137,
VNYoS,34.140710,-118.471301,138,
VNYoS,34.142022,-118.471411,139,
VNYoS,34.142909,-118.471383,140,
VNYoS,34.143847,-118.471266,141,
VNYoS,34.144874,-118.471021,142,
VNYoS,34.146108,-118.470541,143,
VNYoS,34.147165,-118.470002,144,
VNYoS,34.147993,-118.469602,145,
VNYoS,34.149137,-118.468982,146,
VNYoS,34.150410,-118.468404,147,
VNYoS,34.15106,-118.4681760,148,
VNYoS,34.151778,-118.468011,149,
VNYoS,34.152744,-118.467955,150,
VNYoS,34.153507,-118.467965,151,
VNYoS,34.154220,-118.468059,152,
VNYoS,34.156276,-118.468675,153,
VNYoS,34.157654,-118.469199,154,
VNYoS,34.158777,-118.469418,155,
VNYoS,34.159348,-118.469467,156,
VNYoS,34.160193,-118.469478,157,
VNYoS,34.161568,-118.469513,158,
VNYoS,34.165318,-118.469571,159,
VNYoS,34.166072,-118.469502,160,
VNYoS,34.166650,-118.469364,161,
VNYoS,34.167155,-118.469176,162,
VNYoS,34.167636,-118.468936,163,
VNYoS,34.168341,-118.468533,164,
VNYoS,34.169064,-118.468119,165,
VNYoS,34.169870,-118.467796,166,
VNYoS,34.175184,-118.467789,167,
VNYoS,34.176014,-118.467961,168,
VNYoS,34.176744,-118.468193,169,
VNYoS,34.177945,-118.468760,170,
VNYoS,34.179991,-118.470186,171,
VNYoS,34.183700,-118.472835,172,
VNYoS,34.184345,-118.473304,173,
VNYoS,34.185267,-118.473758,174,
VNYoS,34.186171,-118.474034,175,
VNYoS,34.187371,-118.474167,176,
VNYoS,34.196114,-118.474307,177,
VNYoS,34.196758,-118.474288,178,
VNYoS,34.197461,-118.474214,179,
VNYoS,34.200231,-118.473482,180,
VNYoS,34.201110,-118.473281,181,
VNYoS,34.202206,-118.473057,182,
VNYoS,34.202468,-118.472829,183,
VNYoS,34.202454,-118.472492,184,
VNYoS,34.202247,-118.472274,185,
VNYoS,34.201936,-118.472303,186,
VNYoS,34.201378,-118.472471,187,
VNYoS,34.201285,-118.472563,188,
VNYoS,34.201278,-118.474760,189,
VNYoS,34.201268,-118.479192,190,
VNYoS,34.201274,-118.483480,191,
VNYoS,34.201411,-118.483614,192,
VNYoS,34.208322,-118.483611,193,
VNYoS,34.208871,-118.483587,194,
VNYoS,34.208877,-118.483303,195,
VNYoS,34.208877,-118.483303,196,
VNYoS,34.208800,-118.483230,197,
VNYoS,34.208809,-118.483031,198,
VNYoS,34.208922,-118.483002,199,
VNYoS,34.209218,-118.483242,200,

VNYiS,34.209218,-118.483242,1,
VNYiS,34.208414,-118.482834,2,
VNYiS,34.208451,-118.474932,3,
VNYiS,34.202650,-118.474930,4,
VNYiS,34.202660,-118.474470,5,
VNYiS,34.202410,-118.473920,6,
VNYiS,34.201690,-118.473670,7,
VNYiS,34.200850,-118.473670,8,
VNYiS,34.197980,-118.474310,9,
VNYiS,34.197023,-118.474438,10,
VNYiS,34.196082,-118.474436,11,
VNYiS,34.194888,-118.474382,12,
VNYiS,34.191564,-118.47433,13,
VNYiS,34.191191,-118.474283,14,
VNYiS,34.187602,-118.474224,15,
VNYiS,34.186472,-118.474152,16,
VNYiS,34.185648,-118.473956,17,
VNYiS,34.184701,-118.473565,18,
VNYiS,34.183730,-118.472962,19,
VNYiS,34.182942,-118.472388,20,
VNYiS,34.178740,-118.469330,21,
VNYiS,34.177430,-118.468534,22,
VNYiS,34.176113,-118.468045,23,
VNYiS,34.174894,-118.467795,24,
VNYiS,34.173856,-118.467731,25,
VNYiS,34.171323,-118.467673,26,
VNYiS,34.170482,-118.467718,27,
VNYiS,34.169730,-118.467894,28,
VNYiS,34.169150,-118.468128,29,
VNYiS,34.168561,-118.468464,30,
VNYiS,34.167685,-118.468998,31,
VNYiS,34.166986,-118.469331,32,
VNYiS,34.166340,-118.469531,33,
VNYiS,34.165741,-118.469630,34,
VNYiS,34.165202,-118.469654,35,
VNYiS,34.164532,-118.469632,36,
VNYiS,34.162058,-118.469574,37,
VNYiS,34.159449,-118.469514,38,
VNYiS,34.158817,-118.469473,39,
VNYiS,34.157814,-118.469287,40,
VNYiS,34.156792,-118.468949,41,
VNYiS,34.155160,-118.468360,42,
VNYiS,34.154108,-118.468124,43,
VNYiS,34.152862,-118.468040,44,
VNYiS,34.151826,-118.468134,45,
VNYiS,34.150842,-118.468351,46,
VNYiS,34.149764,-118.468764,47,
VNYiS,34.148745,-118.469286,48,
VNYiS,34.146281,-118.470534,49,
VNYiS,34.145550,-118.470857,50,
VNYiS,34.144340,-118.471220,51,
VNYiS,34.143440,-118.471386,52,
VNYiS,34.142173,-118.471464,53,
VNYiS,34.141057,-118.471391,54,
VNYiS,34.140047,-118.471257,55,
VNYiS,34.138829,-118.471183,56,
VNYiS,34.137242,-118.471379,57,
VNYiS,34.136186,-118.471701,58,
VNYiS,34.130567,-118.473509,59,
VNYiS,34.131098,-118.473315,60,
VNYiS,34.128985,-118.474024,61,
VNYiS,34.128040,-118.474426,62,
VNYiS,34.126664,-118.475283,63,
VNYiS,34.124561,-118.476996,64,
VNYiS,34.121226,-118.479673,65,
VNYiS,34.120315,-118.48047,66,
VNYiS,34.119677,-118.480998,67,
VNYiS,34.119044,-118.481396,68,
VNYiS,34.118388,-118.481669,69,
VNYiS,34.117682,-118.481828,70,
VNYiS,34.116659,-118.481909,71,
VNYiS,34.112696,-118.482178,72,
VNYiS,34.112037,-118.482159,73,
VNYiS,34.111263,-118.481994,74,
VNYiS,34.110706,-118.481761,75,
VNYiS,34.110127,-118.481432,76,
VNYiS,34.108552,-118.480339,77,
VNYiS,34.105678,-118.478213,78,
VNYiS,34.105035,-118.477829,79,
VNYiS,34.104435,-118.477574,80,
VNYiS,34.103547,-118.477379,81,
VNYiS,34.102879,-118.477362,82,
VNYiS,34.102018,-118.477489,83,
VNYiS,34.100963,-118.47781,84,
VNYiS,34.099912,-118.478078,85,
VNYiS,34.099161,-118.478086,86,
VNYiS,34.098399,-118.477971,87,
VNYiS,34.097731,-118.477727,88,
VNYiS,34.096927,-118.477292,89,
VNYiS,34.096591,-118.477094,90,
VNYiS,34.095669,-118.476533,91,
VNYiS,34.094932,-118.476259,92,
VNYiS,34.093897,-118.476082,93,
VNYiS,34.085011,-118.474845,94,
VNYiS,34.083008,-118.474411,95,
VNYiS,34.081666,-118.473819,96,
VNYiS,34.080499,-118.473051,97,
VNYiS,34.079369,-118.472052,98,
VNYiS,34.077792,-118.470554,99,
VNYiS,34.073171,-118.466916,100,
VNYiS,34.070727,-118.464907,101,
VNYiS,34.059355,-118.455027,102,
VNYiS,34.054162,-118.450744,103,
VNYiS,34.053274,-118.450119,104,
VNYiS,34.052151,-118.449569,105,
VNYiS,34.050869,-118.449156,106,
VNYiS,34.049777,-118.448732,107,
VNYiS,34.048741,-118.448126,108,
VNYiS,34.047876,-118.44745,109,
VNYiS,34.039572,-118.440283,110,
VNYiS,34.038563,-118.439502,111,
VNYiS,34.037263,-118.438801,112,
VNYiS,34.035747,-118.438097,113,
VNYiS,34.034730,-118.437461,114,
VNYiS,34.033644,-118.436455,115,
VNYiS,34.032770,-118.435277,116,
VNYiS,34.032038,-118.434284,117,
VNYiS,34.031161,-118.433463,118,
VNYiS,34.029501,-118.432149,119,
VNYiS,34.016459,-118.421889,120,
VNYiS,34.009745,-118.416568,121,
VNYiS,33.998830,-118.407918,122,
VNYiS,33.989116,-118.400197,123,
VNYiS,33.980581,-118.393418,124,
VNYiS,33.979430,-118.39271,125,
VNYiS,33.978619,-118.391805,126,
VNYiS,33.978047,-118.390956,127,
VNYiS,33.977533,-118.390182,128,
VNYiS,33.976919,-118.389805,129,
VNYiS,33.976163,-118.3896,130,
VNYiS,33.975193,-118.389578,131,
VNYiS,33.975026,-118.389723,132,
VNYiS,33.975053,-118.393293,133,
VNYiS,33.975015,-118.393792,134,
VNYiS,33.974984,-118.394048,135,
VNYiS,33.974839,-118.39416,136,
VNYiS,33.973459,-118.394539,137,
VNYiS,33.971856,-118.394993,138,
VNYiS,33.967900,-118.396001,139,
VNYiS,33.967157,-118.396127,140,
VNYiS,33.965431,-118.396254,141,
VNYiS,33.963661,-118.396273,142,
VNYiS,33.960095,-118.396335,143,
VNYiS,33.959708,-118.396339,144,
VNYiS,33.953152,-118.396327,145,
VNYiS,33.952795,-118.396379,146,
VNYiS,33.952435,-118.396477,147,
VNYiS,33.951995,-118.396515,148,
VNYiS,33.951450,-118.396419,149,
VNYiS,33.951010,-118.396403,150,
VNYiS,33.950298,-118.39647,151,
VNYiS,33.949999,-118.396595,152,
VNYiS,33.949647,-118.3969,153,
VNYiS,33.949391,-118.397334,154,
VNYiS,33.949089,-118.398326,155,
VNYiS,33.948934,-118.399048,156,
VNYiS,33.948761,-118.399359,157,
VNYiS,33.948523,-118.39954,158,
VNYiS,33.948300,-118.399625,159,
VNYiS,33.947645,-118.399668,160,
VNYiS,33.945804,-118.399658,161,
VNYiS,33.945456,-118.399514,162,
VNYiS,33.945610,-118.40068,163,
VNYiS,33.945176,-118.403982,164,
VNYiS,33.944842,-118.407115,165,
VNYiS,33.944775,-118.40767,166,
VNYiS,33.944753,-118.407923,167,
VNYiS,33.944608,-118.408175,168,
VNYiS,33.944268,-118.408279,169,
VNYiS,33.943987,-118.408226,170,
VNYiS,33.942939,-118.40807,171,
VNYiS,33.942695,-118.408022,172,
VNYiS,33.942450,-118.407756,173,
VNYiS,33.942437,-118.407394,174,
VNYiS,33.942465,-118.407061,175,
VNYiS,33.942684,-118.404658,176,
VNYiS,33.942962,-118.402125,177,
VNYiS,33.943258,-118.399336,178,

WWDoS,33.945257,-118.401559,1,
WWDoS,33.945040,-118.404084,2,
WWDoS,33.944775,-118.406889,3,
WWDoS,33.944744,-118.407706,4,
WWDoS,33.944697,-118.407958,5,
WWDoS,33.944562,-118.408121,6,
WWDoS,33.944223,-118.408172,7,
WWDoS,33.943789,-118.408027,8,
WWDoS,33.942921,-118.407973,9,
WWDoS,33.942691,-118.407895,10,
WWDoS,33.942548,-118.407691,11,
WWDoS,33.942562,-118.407414,12,
WWDoS,33.942702,-118.406398,13,
WWDoS,33.942892,-118.404025,14,
WWDoS,33.943197,-118.401469,15,
WWDoS,33.943470,-118.398679,16,
WWDoS,33.943916,-118.397527,17,
WWDoS,33.944270,-118.397094,18,
WWDoS,33.944443,-118.396531,19,
WWDoS,33.944543,-118.39575,20,
WWDoS,33.944437,-118.395312,21,
WWDoS,33.944164,-118.395202,22,
WWDoS,33.943945,-118.395348,23,
WWDoS,33.943830,-118.395666,24,
WWDoS,33.943913,-118.39589,25,
WWDoS,33.944113,-118.396025,26,
WWDoS,33.944936,-118.396075,27,
WWDoS,33.947011,-118.396096,28,
WWDoS,33.950182,-118.396086,29,
WWDoS,33.951194,-118.396086,30,
WWDoS,33.952223,-118.396088,31,
WWDoS,33.959687,-118.396114,32,
WWDoS,33.961711,-118.396102,33,
WWDoS,33.965450,-118.396053,34,
WWDoS,33.966424,-118.396005,35,
WWDoS,33.966900,-118.395957,36,
WWDoS,33.967855,-118.395815,37,
WWDoS,33.969387,-118.395442,38,
WWDoS,33.971609,-118.394857,39,
WWDoS,33.973910,-118.394203,40,
WWDoS,33.974544,-118.394001,41,
WWDoS,33.974712,-118.393834,42,
WWDoS,33.974822,-118.393564,43,
WWDoS,33.974844,-118.391886,44,
WWDoS,33.974845,-118.389654,45,
WWDoS,33.974880,-118.387427,46,
WWDoS,33.974965,-118.386088,47,
WWDoS,33.975130,-118.38544,48,
WWDoS,33.975175,-118.385461,49,
WWDoS,33.975394,-118.385278,50,
WWDoS,33.975674,-118.385203,51,
WWDoS,33.975966,-118.38528,52,
WWDoS,33.976181,-118.385481,53,
WWDoS,33.976287,-118.38569,54,
WWDoS,33.976926,-118.387249,55,
WWDoS,33.977227,-118.388017,56,
WWDoS,33.977828,-118.389465,57,
WWDoS,33.978208,-118.390479,58,
WWDoS,33.978811,-118.391571,59,
WWDoS,33.979308,-118.39223,60,
WWDoS,33.979953,-118.392863,61,
WWDoS,33.982073,-118.394551,62,
WWDoS,33.992313,-118.402556,63,
WWDoS,34.008733,-118.415549,64,
WWDoS,34.024430,-118.427924,65,
WWDoS,34.030852,-118.433127,66,
WWDoS,34.031749,-118.433881,67,
WWDoS,34.032332,-118.434524,68,
WWDoS,34.032829,-118.435218,69,
WWDoS,34.033492,-118.436157,70,
WWDoS,34.034838,-118.437462,71,
WWDoS,34.035771,-118.438043,72,
WWDoS,34.036797,-118.438526,73,
WWDoS,34.038325,-118.439289,74,
WWDoS,34.039322,-118.44,75,
WWDoS,34.040423,-118.440964,76,
WWDoS,34.048399,-118.44781,77,
WWDoS,34.049017,-118.448233,78,
WWDoS,34.050077,-118.448797,79,
WWDoS,34.052295,-118.449563,80,
WWDoS,34.053208,-118.449741,81,
WWDoS,34.053986,-118.450001,82,
WWDoS,34.054428,-118.450017,83,
WWDoS,34.055388,-118.449819,84,
WWDoS,34.055695,-118.449886,85,
WWDoS,34.055868,-118.450039,86,
WWDoS,34.056313,-118.45047,87,
WWDoS,34.056411,-118.450537,88,
WWDoS,34.056471,-118.450543,89,
WWDoS,34.056517,-118.450527,90,
WWDoS,34.056544,-118.450497,91,
WWDoS,34.056731,-118.450277,92,
WWDoS,34.056899,-118.450048,93,
WWDoS,34.057282,-118.449343,94,
WWDoS,34.057600,-118.448732,95,
WWDoS,34.057721,-118.447922,96,
WWDoS,34.058260,-118.445664,97,
WWDoS,34.058700,-118.444122,98,
WWDoS,34.058804,-118.443891,99,
WWDoS,34.058955,-118.444049,100,
WWDoS,34.059470,-118.444501,101,
WWDoS,34.060388,-118.445292,102,
WWDoS,34.060597,-118.445362,103,
WWDoS,34.060736,-118.445431,104,
WWDoS,34.060798,-118.44565,105,
WWDoS,34.060396,-118.446373,106,
WWDoS,34.059761,-118.447462,107,
WWDoS,34.059510,-118.447922,108,

WWDiS,34.059510,-118.447922,1,
WWDiS,34.059089,-118.448515,2,
WWDiS,34.058924,-118.448607,3,
WWDiS,34.058822,-118.44858,4,
WWDiS,34.057966,-118.448004,5,
WWDiS,34.057839,-118.44802,6,
WWDiS,34.057667,-118.448657,7,
WWDiS,34.057423,-118.449393,8,
WWDiS,34.056955,-118.450312,9,
WWDiS,34.056254,-118.451515,10,
WWDiS,34.055485,-118.452913,11,
WWDiS,34.055421,-118.45308,12,
WWDiS,34.055488,-118.453305,13,
WWDiS,34.056290,-118.453958,14,
WWDiS,34.056528,-118.453997,15,
WWDiS,34.056726,-118.453829,16,
WWDiS,34.056798,-118.453551,17,
WWDiS,34.056682,-118.453246,18,
WWDiS,34.054162,-118.450744,19,
WWDiS,34.053274,-118.450119,20,
WWDiS,34.052151,-118.449569,21,
WWDiS,34.050869,-118.449156,22,
WWDiS,34.049777,-118.448732,23,
WWDiS,34.048741,-118.448126,24,
WWDiS,34.047876,-118.44745,25,
WWDiS,34.039572,-118.440283,26,
WWDiS,34.038563,-118.439502,27,
WWDiS,34.037263,-118.438801,28,
WWDiS,34.035747,-118.438097,29,
WWDiS,34.034730,-118.437461,30,
WWDiS,34.033644,-118.436455,31,
WWDiS,34.032770,-118.435277,32,
WWDiS,34.032038,-118.434284,33,
WWDiS,34.031161,-118.433463,34,
WWDiS,34.029501,-118.432149,35,
WWDiS,34.016459,-118.421889,36,
WWDiS,34.009745,-118.416568,37,
WWDiS,33.998830,-118.407918,38,
WWDiS,33.989116,-118.400197,39,
WWDiS,33.980581,-118.393418,40,
WWDiS,33.979430,-118.39271,41,
WWDiS,33.978619,-118.391805,42,
WWDiS,33.978047,-118.390956,43,
WWDiS,33.977533,-118.390182,44,
WWDiS,33.976919,-118.389805,45,
WWDiS,33.976163,-118.3896,46,
WWDiS,33.975193,-118.389578,47,
WWDiS,33.975026,-118.389723,48,
WWDiS,33.975053,-118.393293,49,
WWDiS,33.975015,-118.393792,50,
WWDiS,33.974984,-118.394048,51,
WWDiS,33.974839,-118.39416,52,
WWDiS,33.973459,-118.394539,53,
WWDiS,33.971856,-118.394993,54,
WWDiS,33.967900,-118.396001,55,
WWDiS,33.967157,-118.396127,56,
WWDiS,33.965431,-118.396254,57,
WWDiS,33.963661,-118.396273,58,
WWDiS,33.960095,-118.396335,59,
WWDiS,33.959708,-118.396339,60,
WWDiS,33.953152,-118.396327,61,
WWDiS,33.952795,-118.396379,62,
WWDiS,33.952435,-118.396477,63,
WWDiS,33.951995,-118.396515,64,
WWDiS,33.951450,-118.396419,65,
WWDiS,33.951010,-118.396403,66,
WWDiS,33.950298,-118.39647,67,
WWDiS,33.949999,-118.396595,68,
WWDiS,33.949647,-118.3969,69,
WWDiS,33.949391,-118.397334,70,
WWDiS,33.949089,-118.398326,71,
WWDiS,33.948934,-118.399048,72,
WWDiS,33.948761,-118.399359,73,
WWDiS,33.948523,-118.39954,74,
WWDiS,33.948300,-118.399625,75,
WWDiS,33.947645,-118.399668,76,
WWDiS,33.945804,-118.399658,77,
WWDiS,33.945456,-118.399514,78,
WWDiS,33.945610,-118.40068,79,
WWDiS,33.945176,-118.403982,80,
WWDiS,33.944842,-118.407115,81,
WWDiS,33.944775,-118.40767,82,
WWDiS,33.944753,-118.407923,83,
WWDiS,33.944608,-118.408175,84,
WWDiS,33.944268,-118.408279,85,
WWDiS,33.943987,-118.408226,86,
WWDiS,33.942939,-118.40807,87,
WWDiS,33.942695,-118.408022,88,
WWDiS,33.942450,-118.407756,89,
WWDiS,33.942437,-118.407394,90,
WWDiS,33.942465,-118.407061,91,
WWDiS,33.942684,-118.404658,92,
WWDiS,33.942962,-118.402125,93,
WWDiS,33.943258,-118.399336,94,

USToS,33.945257,-118.401559,1,
USToS,33.945040,-118.404084,2,
USToS,33.944775,-118.406889,3,
USToS,33.944744,-118.407706,4,
USToS,33.944697,-118.407958,5,
USToS,33.944562,-118.408121,6,
USToS,33.944223,-118.408172,7,
USToS,33.943789,-118.408027,8,
USToS,33.942921,-118.407973,9,
USToS,33.942691,-118.407895,10,
USToS,33.942548,-118.407691,11,
USToS,33.942562,-118.407414,12,
USToS,33.942702,-118.406398,13,
USToS,33.942892,-118.404025,14,
USToS,33.943197,-118.401469,15,
USToS,33.943470,-118.398679,16,
USToS,33.943916,-118.397527,17,
USToS,33.943904,-118.397494,18,
USToS,33.943903,-118.397267,19,
USToS,33.941941,-118.396421,20,
USToS,33.933571,-118.396351,21,
USToS,33.932411,-118.397921,22,
USToS,33.932037,-118.397923,23,
USToS,33.931903,-118.397966,24,
USToS,33.931563,-118.397847,25,
USToS,33.931438,-118.397689,26,
USToS,33.931389,-118.397164,27,
USToS,33.931431,-118.395888,28,
USToS,33.931435,-118.395246,29,
USToS,33.931419,-118.394225,30,
USToS,33.931389,-118.391493,31,
USToS,33.931101,-118.386427,32,
USToS,33.931203,-118.382505,33,
USToS,33.931190,-118.381652,34,
USToS,33.931125,-118.38081,35,
USToS,33.931030,-118.380105,36,
USToS,33.930805,-118.379096,37,
USToS,33.930207,-118.376538,38,
USToS,33.930021,-118.375233,39,
USToS,33.929978,-118.373932,40,
USToS,33.930011,-118.372985,41,
USToS,33.930028,-118.37026,42,
USToS,33.930011,-118.369143,43,
USToS,33.930089,-118.367985,44,
USToS,33.930532,-118.366128,45,
USToS,33.930869,-118.364989,46,
USToS,33.932197,-118.360389,47,
USToS,33.932120,-118.360412,48,
USToS,33.932804,-118.358262,49,
USToS,33.933480,-118.354749,50,
USToS,33.933485,-118.353227,51,
USToS,33.933264,-118.351525,52,
USToS,33.932902,-118.350017,53,
USToS,33.932501,-118.348802,54,
USToS,33.931527,-118.346605,55,
USToS,33.930122,-118.344252,56,
USToS,33.927010,-118.339877,57,
USToS,33.926286,-118.338774,58,
USToS,33.925671,-118.337511,59,
USToS,33.925245,-118.336223,60,
USToS,33.924955,-118.334871,61,
USToS,33.924815,-118.333402,62,
USToS,33.924820,-118.332452,63,
USToS,33.924892,-118.330971,64,
USToS,33.925310,-118.323378,65,
USToS,33.925378,-118.322105,66,
USToS,33.925398,-118.320284,67,
USToS,33.925381,-118.31856,68,
USToS,33.925347,-118.314671,69,
USToS,33.925287,-118.31249,70,
USToS,33.925403,-118.31009,71,
USToS,33.925630,-118.308086,72,
USToS,33.926349,-118.304341,73,
USToS,33.926573,-118.30327,74,
USToS,33.928208,-118.296699,75,
USToS,33.928401,-118.295474,76,
USToS,33.928523,-118.294398,77,
USToS,33.928587,-118.293006,78,
USToS,33.928583,-118.29117,79,
USToS,33.928582,-118.290119,80,
USToS,33.928615,-118.288804,81,
USToS,33.928644,-118.283726,82,
USToS,33.928736,-118.282942,83,
USToS,33.928990,-118.282169,84,
USToS,33.929363,-118.281511,85,
USToS,33.929896,-118.280915,86,
USToS,33.930420,-118.280572,87,
USToS,33.930947,-118.28037,88,
USToS,33.931747,-118.280232,89,
USToS,33.932378,-118.280146,90,
USToS,33.934466,-118.280021,91,
USToS,33.936009,-118.27991,92,
USToS,33.937243,-118.279835,93,
USToS,33.938816,-118.279767,94,
USToS,33.943222,-118.279782,95,
USToS,33.944387,-118.279738,96,
USToS,33.946360,-118.279448,97,
USToS,33.947652,-118.279337,98,
USToS,33.948288,-118.279369,99,
USToS,33.948842,-118.279523,100,
USToS,33.949695,-118.279708,101,
USToS,33.953728,-118.280535,102,
USToS,33.955340,-118.280746,103,
USToS,33.956012,-118.280768,104,
USToS,33.960087,-118.280767,105,
USToS,33.961240,-118.28079,106,
USToS,33.963204,-118.280783,107,
USToS,33.965711,-118.280772,108,
USToS,33.977916,-118.280783,109,
USToS,33.980385,-118.280801,110,
USToS,33.981650,-118.280702,111,
USToS,33.983957,-118.280466,112,
USToS,33.986904,-118.280405,113,
USToS,33.989601,-118.280398,114,
USToS,33.991480,-118.280426,115,
USToS,33.993328,-118.2804,116,
USToS,33.995067,-118.280399,117,
USToS,33.996262,-118.280462,118,
USToS,33.997510,-118.280588,119,
USToS,33.998682,-118.28067,120,
USToS,34.000488,-118.280843,121,
USToS,34.001306,-118.280921,122,
USToS,34.003405,-118.281004,123,
USToS,34.005461,-118.28096,124,
USToS,34.010510,-118.28095,125,
USToS,34.012393,-118.280828,126,
USToS,34.013600,-118.280756,127,
USToS,34.014165,-118.280744,128,
USToS,34.014682,-118.28071,129,
USToS,34.015264,-118.280632,130,
USToS,34.015842,-118.2805,131,
USToS,34.016753,-118.280238,132,
USToS,34.017761,-118.279865,133,
USToS,34.018412,-118.279544,134,
USToS,34.019531,-118.2789,135,
USToS,34.021333,-118.27775,136,
USToS,34.021955,-118.27737,137,
USToS,34.022503,-118.277083,138,
USToS,34.023373,-118.276633,139,
USToS,34.024632,-118.276042,140,
USToS,34.026278,-118.275013,141,
USToS,34.026810,-118.274736,142,
USToS,34.027288,-118.274552,143,
USToS,34.028022,-118.274353,144,
USToS,34.028741,-118.274274,145,
USToS,34.029369,-118.274301,146,
USToS,34.030440,-118.274339,147,
USToS,34.032250,-118.274493,148,
USToS,34.033894,-118.274492,149,
USToS,34.034696,-118.274406,150,
USToS,34.039158,-118.273789,151,
USToS,34.040523,-118.27359,152,
USToS,34.041301,-118.273417,153,
USToS,34.041997,-118.27318,154,
USToS,34.042658,-118.272876,155,
USToS,34.043271,-118.272515,156,
USToS,34.043832,-118.272074,157,
USToS,34.044356,-118.271631,158,
USToS,34.044887,-118.271133,159,
USToS,34.045268,-118.270652,160,
USToS,34.045658,-118.27013,161,
USToS,34.046050,-118.269509,162,
USToS,34.049274,-118.264236,163,
USToS,34.050612,-118.261942,164,
USToS,34.052057,-118.259605,165,
USToS,34.053232,-118.25844,166,
USToS,34.054078,-118.257721,167,
USToS,34.055139,-118.25669,168,
USToS,34.057101,-118.25481,169,
USToS,34.058028,-118.253864,170,
USToS,34.059420,-118.252358,171,
USToS,34.060082,-118.251527,172,
USToS,34.060801,-118.250504,173,
USToS,34.061174,-118.249961,174,
USToS,34.061350,-118.24963,175,
USToS,34.061437,-118.249306,176,
USToS,34.061436,-118.248987,177,
USToS,34.061350,-118.248687,178,
USToS,34.061202,-118.248425,179,
USToS,34.060962,-118.248144,180,
USToS,34.060083,-118.24723,181,
USToS,34.059762,-118.24684,182,
USToS,34.059535,-118.246452,183,
USToS,34.059340,-118.246094,184,
USToS,34.058811,-118.245363,185,
USToS,34.057626,-118.243759,186,
USToS,34.055800,-118.240806,187,
USToS,34.055302,-118.239997,188,
USToS,34.053934,-118.237734,189,
USToS,34.053561,-118.235518,190,
USToS,34.053498,-118.234535,191,
USToS,34.053458,-118.234287,192,
USToS,34.053362,-118.234144,193,
USToS,34.053265,-118.234072,194,
USToS,34.053165,-118.234064,195,
USToS,34.052966,-118.233961,196,
USToS,34.052864,-118.233179,197,
USToS,34.052651,-118.231544,198,
USToS,34.052678,-118.231427,199,
USToS,34.052769,-118.231385,200,
USToS,34.053104,-118.231397,201,
USToS,34.053964,-118.231246,202,
USToS,34.054245,-118.231223,203,
USToS,34.054476,-118.231311,204,
USToS,34.054626,-118.231467,205,
USToS,34.055008,-118.231959,206,
USToS,34.055061,-118.232073,207,
USToS,34.055201,-118.232396,208,
USToS,34.055322,-118.232964,209,
USToS,34.055229,-118.233062,210,
USToS,34.054773,-118.233151,211,

USTiS,34.054773,-118.233151,1,
USTiS,34.054773,-118.233151,2,
USTiS,34.054656,-118.233186,3,
USTiS,34.054682,-118.233417,4,
USTiS,34.055927,-118.233137,5,
USTiS,34.055944,-118.233018,6,
USTiS,34.055809,-118.232916,7,
USTiS,34.055272,-118.233014,8,
USTiS,34.055131,-118.232858,9,
USTiS,34.055068,-118.232469,10,
USTiS,34.054972,-118.232369,11,
USTiS,34.054755,-118.232398,12,
USTiS,34.054184,-118.232465,13,
USTiS,34.053942,-118.232528,14,
USTiS,34.053847,-118.232653,15,
USTiS,34.053818,-118.232807,16,
USTiS,34.053911,-118.233977,17,
USTiS,34.054002,-118.234875,18,
USTiS,34.053964,-118.235618,19,
USTiS,34.053917,-118.236139,20,
USTiS,34.053935,-118.236705,21,
USTiS,34.054053,-118.237258,22,
USTiS,34.054406,-118.238087,23,
USTiS,34.056073,-118.240765,24,
USTiS,34.057991,-118.243791,25,
USTiS,34.058945,-118.245013,26,
USTiS,34.059729,-118.245836,27,
USTiS,34.061367,-118.247191,28,
USTiS,34.062390,-118.248171,29,
USTiS,34.062523,-118.248359,30,
USTiS,34.062654,-118.248761,31,
USTiS,34.062636,-118.249004,32,
USTiS,34.062569,-118.249341,33,
USTiS,34.062395,-118.249636,34,
USTiS,34.061853,-118.25012,35,
USTiS,34.061261,-118.25067,36,
USTiS,34.059395,-118.252886,37,
USTiS,34.058394,-118.254028,38,
USTiS,34.058312,-118.253935,39,
USTiS,34.055582,-118.256569,40,
USTiS,34.051563,-118.260684,41,
USTiS,34.049751,-118.26382,42,
USTiS,34.046126,-118.269776,43,
USTiS,34.045656,-118.270483,44,
USTiS,34.045104,-118.271155,45,
USTiS,34.044427,-118.271865,46,
USTiS,34.043510,-118.272556,47,
USTiS,34.042428,-118.273183,48,
USTiS,34.041379,-118.273621,49,
USTiS,34.043116,-118.272772,50,
USTiS,34.042350,-118.273187,51,
USTiS,34.041601,-118.273476,52,
USTiS,34.040868,-118.273668,53,
USTiS,34.039847,-118.273826,54,
USTiS,34.034935,-118.274543,55,
USTiS,34.033845,-118.274665,56,
USTiS,34.033217,-118.274681,57,
USTiS,34.031208,-118.274561,58,
USTiS,34.029287,-118.274425,59,
USTiS,34.028573,-118.274427,60,
USTiS,34.027803,-118.274514,61,
USTiS,34.027009,-118.274797,62,
USTiS,34.026296,-118.275182,63,
USTiS,34.023057,-118.277274,64,
USTiS,34.021613,-118.278016,65,
USTiS,34.020395,-118.278768,66,
USTiS,34.018997,-118.279692,67,
USTiS,34.017977,-118.280261,68,
USTiS,34.016201,-118.280854,69,
USTiS,34.015194,-118.281084,70,
USTiS,34.014413,-118.281161,71,
USTiS,34.013862,-118.281145,72,
USTiS,34.012662,-118.281204,73,
USTiS,34.012028,-118.281208,74,
USTiS,34.010527,-118.28113,75,
USTiS,34.009766,-118.281079,76,
USTiS,34.005728,-118.28105,77,
USTiS,34.004834,-118.281066,78,
USTiS,34.002431,-118.281068,79,
USTiS,34.000986,-118.28097,80,
USTiS,33.999888,-118.280871,81,
USTiS,33.996192,-118.280551,82,
USTiS,33.994904,-118.280477,83,
USTiS,33.993695,-118.280473,84,
USTiS,33.993206,-118.2805,85,
USTiS,33.990900,-118.280637,86,
USTiS,33.990407,-118.280661,87,
USTiS,33.987827,-118.280669,88,
USTiS,33.985345,-118.280628,89,
USTiS,33.984493,-118.2806,90,
USTiS,33.983693,-118.280616,91,
USTiS,33.981201,-118.280869,92,
USTiS,33.980364,-118.280922,93,
USTiS,33.979728,-118.280924,94,
USTiS,33.978177,-118.28091,95,
USTiS,33.975479,-118.280898,96,
USTiS,33.970258,-118.28089,97,
USTiS,33.969956,-118.280899,98,
USTiS,33.965638,-118.280919,99,
USTiS,33.963206,-118.28096,100,
USTiS,33.960894,-118.280989,101,
USTiS,33.956488,-118.280922,102,
USTiS,33.956052,-118.280946,103,
USTiS,33.955054,-118.280881,104,
USTiS,33.953724,-118.280632,105,
USTiS,33.952686,-118.280442,106,
USTiS,33.951936,-118.280296,107,
USTiS,33.948895,-118.279651,108,
USTiS,33.947950,-118.279542,109,
USTiS,33.947044,-118.27957,110,
USTiS,33.945853,-118.279692,111,
USTiS,33.944388,-118.279938,112,
USTiS,33.943836,-118.279989,113,
USTiS,33.942425,-118.279983,114,
USTiS,33.940791,-118.279977,115,
USTiS,33.938579,-118.279957,116,
USTiS,33.937442,-118.279986,117,
USTiS,33.936021,-118.280081,118,
USTiS,33.935739,-118.280093,119,
USTiS,33.933799,-118.280179,120,
USTiS,33.932254,-118.280286,121,
USTiS,33.931480,-118.280374,122,
USTiS,33.930849,-118.280498,123,
USTiS,33.930325,-118.280724,124,
USTiS,33.929841,-118.281074,125,
USTiS,33.929464,-118.281515,126,
USTiS,33.928844,-118.282947,127,
USTiS,33.928779,-118.283417,128,
USTiS,33.928774,-118.286574,129,
USTiS,33.928821,-118.288174,130,
USTiS,33.928821,-118.290664,131,
USTiS,33.928844,-118.292774,132,
USTiS,33.928721,-118.294848,133,
USTiS,33.928599,-118.295645,134,
USTiS,33.928445,-118.296478,135,
USTiS,33.928260,-118.297316,136,
USTiS,33.928076,-118.298133,137,
USTiS,33.927674,-118.29995,138,
USTiS,33.926643,-118.304644,139,
USTiS,33.925842,-118.308503,140,
USTiS,33.925544,-118.311423,141,
USTiS,33.925527,-118.314041,142,
USTiS,33.925588,-118.320899,143,
USTiS,33.925553,-118.322411,144,
USTiS,33.925467,-118.324138,145,
USTiS,33.925372,-118.3259,146,
USTiS,33.925073,-118.331194,147,
USTiS,33.924997,-118.332984,148,
USTiS,33.925075,-118.334368,149,
USTiS,33.925349,-118.335843,150,
USTiS,33.925891,-118.337491,151,
USTiS,33.926610,-118.338908,152,
USTiS,33.930775,-118.344798,153,
USTiS,33.931666,-118.346369,154,
USTiS,33.933120,-118.349905,155,
USTiS,33.933526,-118.351581,156,
USTiS,33.933733,-118.353217,157,
USTiS,33.933751,-118.354482,158,
USTiS,33.933668,-118.355561,159,
USTiS,33.933461,-118.356681,160,
USTiS,33.933119,-118.357894,161,
USTiS,33.932672,-118.359392,162,
USTiS,33.931023,-118.365043,163,
USTiS,33.930265,-118.368324,164,
USTiS,33.930267,-118.369936,165,
USTiS,33.930298,-118.373715,166,
USTiS,33.930359,-118.376036,167,
USTiS,33.930794,-118.378027,168,
USTiS,33.931182,-118.379896,169,
USTiS,33.931397,-118.381681,170,
USTiS,33.931444,-118.380958,171,
USTiS,33.931493,-118.381874,172,
USTiS,33.931496,-118.382412,173,
USTiS,33.931406,-118.383972,174,
USTiS,33.931349,-118.384975,175,
USTiS,33.931322,-118.385825,176,
USTiS,33.931331,-118.386391,177,
USTiS,33.931357,-118.386873,178,
USTiS,33.931448,-118.388046,179,
USTiS,33.931497,-118.388858,180,
USTiS,33.931585,-118.390071,181,
USTiS,33.931621,-118.390612,182,
USTiS,33.931673,-118.391156,183,
USTiS,33.931753,-118.391695,184,
USTiS,33.931827,-118.392257,185,
USTiS,33.931883,-118.393273,186,
USTiS,33.931877,-118.393651,187,
USTiS,33.931872,-118.394533,188,
USTiS,33.931911,-118.394874,189,
USTiS,33.931948,-118.395029,190,
USTiS,33.932021,-118.395227,191,
USTiS,33.932142,-118.395458,192,
USTiS,33.932481,-118.395649,193,
USTiS,33.932693,-118.395991,194,
USTiS,33.932836,-118.396074,195,
USTiS,33.933065,-118.396086,196,
USTiS,33.934548,-118.396081,197,
USTiS,33.940752,-118.396093,198,
USTiS,33.941013,-118.396094,199,
USTiS,33.941738,-118.396024,200,
USTiS,33.942042,-118.395992,201,
USTiS,33.942231,-118.395974,202,
USTiS,33.942432,-118.395976,203,
USTiS,33.943123,-118.395979,204,
USTiS,33.943276,-118.395945,205,
USTiS,33.943413,-118.395876,206,
USTiS,33.943546,-118.395755,207,
USTiS,33.943683,-118.39523,208,
USTiS,33.943867,-118.395005,209,
USTiS,33.944590,-118.394423,210,
USTiS,33.944906,-118.394332,211,
USTiS,33.945104,-118.394447,212,
USTiS,33.945220,-118.39471,213,
USTiS,33.945220,-118.394954,214,
USTiS,33.945051,-118.396038,215,
USTiS,33.945107,-118.396553,216,
USTiS,33.945389,-118.397309,217,
USTiS,33.945456,-118.399514,218,
USTiS,33.945610,-118.40068,219,
USTiS,33.945176,-118.403982,220,
USTiS,33.944842,-118.407115,221,
USTiS,33.944775,-118.40767,222,
USTiS,33.944753,-118.407923,223,
USTiS,33.944608,-118.408175,224,
USTiS,33.944268,-118.408279,225,
USTiS,33.943987,-118.408226,226,
USTiS,33.942939,-118.40807,227,
USTiS,33.942695,-118.408022,228,
USTiS,33.942450,-118.407756,229,
USTiS,33.942437,-118.407394,230,
USTiS,33.942465,-118.407061,231,
USTiS,33.942684,-118.404658,232,
USTiS,33.942962,-118.402125,233,
USTiS,33.943258,-118.399336,234,

HWDoS,33.945257,-118.401559,1,
HWDoS,33.94504,-118.404084,2,
HWDoS,33.944775,-118.406889,3,
HWDoS,33.944744,-118.407706,4,
HWDoS,33.944697,-118.407958,5,
HWDoS,33.944562,-118.408121,6,
HWDoS,33.944223,-118.408172,7,
HWDoS,33.943789,-118.408027,8,
HWDoS,33.942921,-118.407973,9,
HWDoS,33.942691,-118.407895,10,
HWDoS,33.942548,-118.407691,11,
HWDoS,33.942562,-118.407414,12,
HWDoS,33.942702,-118.406398,13,
HWDoS,33.942892,-118.404025,14,
HWDoS,33.943197,-118.401469,15,
HWDoS,33.94347,-118.398679,16,
HWDoS,33.943916,-118.397527,17,
HWDoS,33.94427,-118.397094,18,
HWDoS,33.944443,-118.396531,19,
HWDoS,33.944543,-118.39575,20,
HWDoS,33.944437,-118.395312,21,
HWDoS,33.944164,-118.395202,22,
HWDoS,33.943945,-118.395348,23,
HWDoS,33.94383,-118.395666,24,
HWDoS,33.943913,-118.39589,25,
HWDoS,33.944113,-118.396025,26,
HWDoS,33.944936,-118.396075,27,
HWDoS,33.947011,-118.396096,28,
HWDoS,33.950182,-118.396086,29,
HWDoS,33.951194,-118.396086,30,
HWDoS,33.952223,-118.396088,31,
HWDoS,33.959687,-118.396114,32,
HWDoS,33.961711,-118.396102,33,
HWDoS,33.96545,-118.396053,34,
HWDoS,33.966424,-118.396005,35,
HWDoS,33.9669,-118.395957,36,
HWDoS,33.967855,-118.395815,37,
HWDoS,33.969387,-118.395442,38,
HWDoS,33.971609,-118.394857,39,
HWDoS,33.975565,-118.393977,40,
HWDoS,33.978254,-118.394052,41,
HWDoS,33.981063,-118.39479,42,
HWDoS,33.981668,-118.394766,43,
HWDoS,33.982691,-118.394396,44,
HWDoS,33.983189,-118.394511,45,
HWDoS,33.98355,-118.394712,46,
HWDoS,33.984326,-118.395469,47,
HWDoS,33.984766,-118.39568,48,
HWDoS,33.985769,-118.395659,49,
HWDoS,33.988534,-118.39531,50,
HWDoS,33.988454,-118.39332,51,
HWDoS,33.988609,-118.390979,52,
HWDoS,33.988752,-118.38934,53,
HWDoS,33.988814,-118.389155,54,
HWDoS,33.988883,-118.388154,55,
HWDoS,33.989001,-118.378938,56,
HWDoS,33.988965,-118.37838,57,
HWDoS,33.988761,-118.377527,58,
HWDoS,33.988322,-118.376039,59,
HWDoS,33.988151,-118.375349,60,
HWDoS,33.988016,-118.374429,61,
HWDoS,33.987962,-118.373432,62,
HWDoS,33.987871,-118.373182,63,
HWDoS,33.987517,-118.364811,64,
HWDoS,33.98758,-118.364393,65,
HWDoS,33.987573,-118.362668,66,
HWDoS,33.987713,-118.362,67,
HWDoS,33.988429,-118.359683,68,
HWDoS,33.988489,-118.359278,69,
HWDoS,33.988572,-118.358486,70,
HWDoS,33.991236,-118.358543,71,
HWDoS,33.992668,-118.358797,72,
HWDoS,33.993916,-118.358859,73,
HWDoS,33.994774,-118.358781,74,
HWDoS,33.99567,-118.358476,75,
HWDoS,33.996524,-118.357977,76,
HWDoS,33.997049,-118.357832,77,
HWDoS,33.997191,-118.357851,78,
HWDoS,33.998959,-118.358113,79,
HWDoS,33.999802,-118.358387,80,
HWDoS,34.000898,-118.358942,81,
HWDoS,34.001827,-118.359074,82,
HWDoS,34.002646,-118.358883,83,
HWDoS,34.006846,-118.357607,84,
HWDoS,34.007342,-118.357491,85,
HWDoS,34.007549,-118.357478,86,
HWDoS,34.008956,-118.35758,87,
HWDoS,34.009359,-118.357523,88,
HWDoS,34.009885,-118.357333,89,
HWDoS,34.010321,-118.357046,90,
HWDoS,34.011239,-118.356145,91,
HWDoS,34.011829,-118.355716,92,
HWDoS,34.012229,-118.355522,93,
HWDoS,34.012809,-118.355394,94,
HWDoS,34.018307,-118.355512,95,
HWDoS,34.01845,-118.35556,96,
HWDoS,34.021682,-118.355606,97,
HWDoS,34.023169,-118.355614,98,
HWDoS,34.023809,-118.355496,99,
HWDoS,34.024459,-118.355284,100,
HWDoS,34.024948,-118.355072,101,
HWDoS,34.02487,-118.3545011,102,
HWDoS,34.02464,-118.3543961,103,
HWDoS,34.024669,-118.35457,104,
HWDoS,34.024763,-118.355083,105,
HWDoS,34.02552,-118.3548223,106,
HWDoS,34.025523,-118.354882,107,
HWDoS,34.028782,-118.352599,108,
HWDoS,34.030534,-118.351913,109,
HWDoS,34.031576,-118.351475,110,
HWDoS,34.03237,-118.35099,111,
HWDoS,34.03322,-118.35045,112,
HWDoS,34.03463,-118.34985,113,
HWDoS,34.035824,-118.349424,114,
HWDoS,34.035977,-118.34944,115,
HWDoS,34.038485,-118.348436,116,
HWDoS,34.040392,-118.347508,117,
HWDoS,34.045932,-118.345416,118,
HWDoS,34.047875,-118.344665,119,
HWDoS,34.048841,-118.344292,120,
HWDoS,34.049155,-118.344199,121,
HWDoS,34.049439,-118.344153,122,
HWDoS,34.050224,-118.344212,123,
HWDoS,34.051424,-118.344271,124,
HWDoS,34.051699,-118.344231,125,
HWDoS,34.053357,-118.343617,126,
HWDoS,34.053531,-118.343555,127,
HWDoS,34.054099,-118.343482,128,
HWDoS,34.054411,-118.343574,129,
HWDoS,34.055997,-118.344716,130,
HWDoS,34.056248,-118.345011,131,
HWDoS,34.056595,-118.345542,132,
HWDoS,34.056846,-118.345765,133,
HWDoS,34.057213,-118.345921,134,
HWDoS,34.057366,-118.345923,135,
HWDoS,34.057595,-118.345859,136,
HWDoS,34.058855,-118.345322,137,
HWDoS,34.060506,-118.344671,138,
HWDoS,34.062152,-118.344048,139,
HWDoS,34.062284,-118.344038,140,
HWDoS,34.08342,-118.34406,141,
HWDoS,34.09071,-118.34403,142,
HWDoS,34.09075,-118.32658,143,
HWDoS,34.10049,-118.3266,144,

HWDiS,34.10049,-118.3266,1,
HWDiS,34.101635,-118.326665,2,
HWDiS,34.101633,-118.325182,3,
HWDiS,34.099803,-118.325182,4,
HWDiS,34.099792,-118.326665,5,
HWDiS,34.097997,-118.326652,6,
HWDiS,34.092973,-118.326652,7,
HWDiS,34.092538,-118.326619,8,
HWDiS,34.090718,-118.326625,9,
HWDiS,34.083499,-118.326603,10,
HWDiS,34.083117,-118.326595,11,
HWDiS,34.082597,-118.326821,12,
HWDiS,34.082182,-118.327083,13,
HWDiS,34.081953,-118.327156,14,
HWDiS,34.081662,-118.327164,15,
HWDiS,34.080013,-118.327167,16,
HWDiS,34.07942,-118.327244,17,
HWDiS,34.078936,-118.327266,18,
HWDiS,34.077894,-118.327263,19,
HWDiS,34.077747,-118.327303,20,
HWDiS,34.076745,-118.327156,21,
HWDiS,34.076326,-118.32715,22,
HWDiS,34.076048,-118.327201,23,
HWDiS,34.075661,-118.327327,24,
HWDiS,34.075404,-118.32736,25,
HWDiS,34.068934,-118.327325,26,
HWDiS,34.067136,-118.327306,27,
HWDiS,34.065312,-118.327293,28,
HWDiS,34.063879,-118.327588,29,
HWDiS,34.063439,-118.327641,30,
HWDiS,34.061906,-118.327623,31,
HWDiS,34.062101,-118.338405,32,
HWDiS,34.062208,-118.342745,33,
HWDiS,34.062261,-118.342941,34,
HWDiS,34.062284,-118.344038,35,
HWDiS,34.062152,-118.344048,36,
HWDiS,34.060506,-118.344671,37,
HWDiS,34.058855,-118.345322,38,
HWDiS,34.057595,-118.345859,39,
HWDiS,34.057366,-118.345923,40,
HWDiS,34.057213,-118.345921,41,
HWDiS,34.056846,-118.345765,42,
HWDiS,34.056595,-118.345542,43,
HWDiS,34.056248,-118.345011,44,
HWDiS,34.055997,-118.344716,45,
HWDiS,34.054411,-118.343574,46,
HWDiS,34.054099,-118.343482,47,
HWDiS,34.053531,-118.343555,48,
HWDiS,34.053357,-118.343617,49,
HWDiS,34.051699,-118.344231,50,
HWDiS,34.051424,-118.344271,51,
HWDiS,34.050224,-118.344212,52,
HWDiS,34.049439,-118.344153,53,
HWDiS,34.049155,-118.344199,54,
HWDiS,34.048841,-118.344292,55,
HWDiS,34.047875,-118.344665,56,
HWDiS,34.045932,-118.345416,57,
HWDiS,34.040392,-118.347508,58,
HWDiS,34.038485,-118.348436,59,
HWDiS,34.035977,-118.34944,60,
HWDiS,34.035846,-118.349563,61,
HWDiS,34.034682,-118.350038,62,
HWDiS,34.03311,-118.350641,63,
HWDiS,34.03237,-118.35099,64,
HWDiS,34.031576,-118.351475,65,
HWDiS,34.030534,-118.351913,66,
HWDiS,34.028782,-118.352599,67,
HWDiS,34.025523,-118.354882,68,
HWDiS,34.025386,-118.354935,69,
HWDiS,34.024138,-118.355421,70,
HWDiS,34.023316,-118.355603,71,
HWDiS,34.022687,-118.355638,72,
HWDiS,34.021542,-118.355617,73,
HWDiS,34.018432,-118.355571,74,
HWDiS,34.018305,-118.355649,75,
HWDiS,34.012829,-118.355568,76,
HWDiS,34.012238,-118.355681,77,
HWDiS,34.011864,-118.355855,78,
HWDiS,34.011609,-118.356008,79,
HWDiS,34.010524,-118.357054,80,
HWDiS,34.010079,-118.357392,81,
HWDiS,34.009501,-118.357653,82,
HWDiS,34.009032,-118.357746,83,
HWDiS,34.007818,-118.357623,84,
HWDiS,34.007493,-118.357607,85,
HWDiS,34.006931,-118.357714,86,
HWDiS,34.002114,-118.359189,87,
HWDiS,34.001625,-118.359238,88,
HWDiS,34.00086,-118.359098,89,
HWDiS,33.999791,-118.358519,90,
HWDiS,33.999377,-118.358371,91,
HWDiS,33.997451,-118.358028,92,
HWDiS,33.997242,-118.358149,93,
HWDiS,33.997058,-118.358363,94,
HWDiS,33.99684,-118.35937,95,
HWDiS,33.99692,-118.36029,96,
HWDiS,33.99792,-118.36291,97,
HWDiS,33.99811,-118.36411,98,
HWDiS,33.99821,-118.36496,99,
HWDiS,33.99859,-118.36632,100,
HWDiS,33.99859,-118.36723,101,
HWDiS,33.99817,-118.36943,102,
HWDiS,33.99758,-118.36944,103,
HWDiS,33.99756,-118.369493,104,
HWDiS,33.99693,-118.369283,105,
HWDiS,33.99352,-118.368783,106,
HWDiS,33.99271,-118.368753,107,
HWDiS,33.99141,-118.368923,108,
HWDiS,33.99056,-118.369213,109,
HWDiS,33.98956,-118.369743,110,
HWDiS,33.98789,-118.370704,111,
HWDiS,33.98803,-118.373244,112,
HWDiS,33.98799,-118.373724,113,
HWDiS,33.98808,-118.374894,114,
HWDiS,33.98899,-118.378374,115,
HWDiS,33.9889,-118.388154,116,
HWDiS,33.98883,-118.389224,117,
HWDiS,33.98886,-118.389484,118,
HWDiS,33.98862,-118.392174,119,
HWDiS,33.98861,-118.394224,120,
HWDiS,33.98866,-118.395465,121,
HWDiS,33.98553,-118.395895,122,
HWDiS,33.98483,-118.395895,123,
HWDiS,33.98423,-118.395615,124,
HWDiS,33.98351,-118.394885,125,
HWDiS,33.98304,-118.394635,126,
HWDiS,33.98248,-118.394645,127,
HWDiS,33.98176,-118.394835,128,
HWDiS,33.98103,-118.394805,129,
HWDiS,33.97822,-118.394075,130,
HWDiS,33.97717,-118.393986,131,
HWDiS,33.97599,-118.393966,132,
HWDiS,33.97535,-118.394126,133,
HWDiS,33.97465,-118.394256,134,
HWDiS,33.973459,-118.394539,135,
HWDiS,33.971856,-118.394993,136,
HWDiS,33.9679,-118.396001,137,
HWDiS,33.967157,-118.396127,138,
HWDiS,33.965431,-118.396254,139,
HWDiS,33.963661,-118.396273,140,
HWDiS,33.960095,-118.396335,141,
HWDiS,33.959708,-118.396339,142,
HWDiS,33.953152,-118.396327,143,
HWDiS,33.952795,-118.396379,144,
HWDiS,33.952435,-118.396477,145,
HWDiS,33.951995,-118.396515,146,
HWDiS,33.95145,-118.396419,147,
HWDiS,33.95101,-118.396403,148,
HWDiS,33.950298,-118.39647,149,
HWDiS,33.949999,-118.396595,150,
HWDiS,33.949647,-118.3969,151,
HWDiS,33.949391,-118.397334,152,
HWDiS,33.949089,-118.398326,153,
HWDiS,33.948934,-118.399048,154,
HWDiS,33.948761,-118.399359,155,
HWDiS,33.948523,-118.39954,156,
HWDiS,33.9483,-118.399625,157,
HWDiS,33.947645,-118.399668,158,
HWDiS,33.945804,-118.399658,159,
HWDiS,33.945456,-118.399514,160,
HWDiS,33.94561,-118.40068,161,
HWDiS,33.945176,-118.403982,162,
HWDiS,33.944842,-118.407115,163,
HWDiS,33.944775,-118.40767,164,
HWDiS,33.944753,-118.407923,165,
HWDiS,33.944608,-118.408175,166,
HWDiS,33.944268,-118.408279,167,
HWDiS,33.943987,-118.408226,168,
HWDiS,33.942939,-118.40807,169,
HWDiS,33.942695,-118.408022,170,
HWDiS,33.94245,-118.407756,171,
HWDiS,33.942437,-118.407394,172,
HWDiS,33.942465,-118.407061,173,
HWDiS,33.942684,-118.404658,174,
HWDiS,33.942962,-118.402125,175,
HWDiS,33.943258,-118.399336,176,

OLVoS,33.945257,-118.401559,1,
OLVoS,33.94504,-118.404084,2,
OLVoS,33.944775,-118.406889,3,
OLVoS,33.944744,-118.407706,4,
OLVoS,33.944697,-118.407958,5,
OLVoS,33.944562,-118.408121,6,
OLVoS,33.944223,-118.408172,7,
OLVoS,33.943789,-118.408027,8,
OLVoS,33.942921,-118.407973,9,
OLVoS,33.942691,-118.407895,10,
OLVoS,33.942548,-118.407691,11,
OLVoS,33.942562,-118.407414,12,
OLVoS,33.942702,-118.406398,13,
OLVoS,33.942892,-118.404025,14,
OLVoS,33.943197,-118.401469,15,
OLVoS,33.94347,-118.398679,16,
OLVoS,33.943916,-118.397527,17,
OLVoS,33.94427,-118.397094,18,
OLVoS,33.944443,-118.396531,19,
OLVoS,33.944543,-118.39575,20,
OLVoS,33.944437,-118.395312,21,
OLVoS,33.944164,-118.395202,22,
OLVoS,33.943945,-118.395348,23,
OLVoS,33.94383,-118.395666,24,
OLVoS,33.943913,-118.39589,25,
OLVoS,33.944113,-118.396025,26,
OLVoS,33.944936,-118.396075,27,
OLVoS,33.947011,-118.396096,28,
OLVoS,33.950182,-118.396086,29,
OLVoS,33.951194,-118.396086,30,
OLVoS,33.952223,-118.396088,31,
OLVoS,33.959687,-118.396114,32,
OLVoS,33.961711,-118.396102,33,
OLVoS,33.96545,-118.396053,34,
OLVoS,33.966424,-118.396005,35,
OLVoS,33.9669,-118.395957,36,
OLVoS,33.967855,-118.395815,37,
OLVoS,33.969387,-118.395442,38,
OLVoS,33.971609,-118.394857,39,
OLVoS,33.97391,-118.394203,40,
OLVoS,33.974544,-118.394001,41,
OLVoS,33.974712,-118.393834,42,
OLVoS,33.974822,-118.393564,43,
OLVoS,33.974844,-118.391886,44,
OLVoS,33.974845,-118.389654,45,
OLVoS,33.97488,-118.387427,46,
OLVoS,33.974965,-118.386088,47,
OLVoS,33.97513,-118.38544,48,
OLVoS,33.975175,-118.385461,49,
OLVoS,33.975394,-118.385278,50,
OLVoS,33.975674,-118.385203,51,
OLVoS,33.975966,-118.38528,52,
OLVoS,33.976181,-118.385481,53,
OLVoS,33.976287,-118.38569,54,
OLVoS,33.976926,-118.387249,55,
OLVoS,33.977227,-118.388017,56,
OLVoS,33.977828,-118.389465,57,
OLVoS,33.978208,-118.390479,58,
OLVoS,33.978811,-118.391571,59,
OLVoS,33.979308,-118.39223,60,
OLVoS,33.979953,-118.392863,61,
OLVoS,33.982073,-118.394551,62,
OLVoS,33.992313,-118.402556,63,
OLVoS,34.008733,-118.415549,64,
OLVoS,34.02443,-118.427924,65,
OLVoS,34.030852,-118.433127,66,
OLVoS,34.031749,-118.433881,67,
OLVoS,34.032332,-118.434524,68,
OLVoS,34.032829,-118.435218,69,
OLVoS,34.033492,-118.436157,70,
OLVoS,34.034838,-118.437462,71,
OLVoS,34.035771,-118.438043,72,
OLVoS,34.036797,-118.438526,73,
OLVoS,34.038325,-118.439289,74,
OLVoS,34.039322,-118.44,75,
OLVoS,34.040423,-118.440964,76,
OLVoS,34.048399,-118.44781,77,
OLVoS,34.049017,-118.448233,78,
OLVoS,34.050077,-118.448797,79,
OLVoS,34.052295,-118.449563,80,
OLVoS,34.052936,-118.44984,81,
OLVoS,34.054031,-118.450599,82,
OLVoS,34.060044,-118.455408,83,
OLVoS,34.067196,-118.461612,84,
OLVoS,34.071404,-118.46543,85,
OLVoS,34.077199,-118.470013,86,
OLVoS,34.077653,-118.470387,87,
OLVoS,34.078714,-118.471324,88,
OLVoS,34.079751,-118.472342,89,
OLVoS,34.080073,-118.472629,90,
OLVoS,34.081211,-118.473469,91,
OLVoS,34.082364,-118.474083,92,
OLVoS,34.084041,-118.474631,93,
OLVoS,34.084921,-118.474767,94,
OLVoS,34.094267,-118.476076,95,
OLVoS,34.095104,-118.476257,96,
OLVoS,34.095646,-118.476477,97,
OLVoS,34.096205,-118.476847,98,
OLVoS,34.095623,-118.476469,99,
OLVoS,34.096348,-118.476874,100,
OLVoS,34.097491,-118.477535,101,
OLVoS,34.098107,-118.477808,102,
OLVoS,34.098871,-118.477991,103,
OLVoS,34.09959,-118.478032,104,
OLVoS,34.100367,-118.477934,105,
OLVoS,34.100988,-118.477755,106,
OLVoS,34.101691,-118.47754,107,
OLVoS,34.102515,-118.477342,108,
OLVoS,34.10322,-118.477299,109,
OLVoS,34.10373,-118.47736,110,
OLVoS,34.104388,-118.47752,111,
OLVoS,34.104948,-118.477748,112,
OLVoS,34.105512,-118.478063,113,
OLVoS,34.106044,-118.478448,114,
OLVoS,34.109217,-118.480771,115,
OLVoS,34.110407,-118.481555,116,
OLVoS,34.111388,-118.481982,117,
OLVoS,34.112458,-118.482131,118,
OLVoS,34.113111,-118.482092,119,
OLVoS,34.117278,-118.481798,120,
OLVoS,34.117844,-118.481736,121,
OLVoS,34.118402,-118.481596,122,
OLVoS,34.119035,-118.481334,123,
OLVoS,34.119631,-118.480977,124,
OLVoS,34.120111,-118.480575,125,
OLVoS,34.123016,-118.478204,126,
OLVoS,34.126766,-118.475144,127,
OLVoS,34.127362,-118.474729,128,
OLVoS,34.127956,-118.474399,129,
OLVoS,34.128566,-118.474128,130,
OLVoS,34.129014,-118.473966,131,
OLVoS,34.136333,-118.471596,132,
OLVoS,34.137315,-118.471313,133,
OLVoS,34.137988,-118.471202,134,
OLVoS,34.13867,-118.471146,135,
OLVoS,34.139188,-118.471143,136,
OLVoS,34.139846,-118.471186,137,
OLVoS,34.14071,-118.471301,138,
OLVoS,34.142022,-118.471411,139,
OLVoS,34.142909,-118.471383,140,
OLVoS,34.143847,-118.471266,141,
OLVoS,34.144874,-118.471021,142,
OLVoS,34.146108,-118.470541,143,
OLVoS,34.147165,-118.470002,144,
OLVoS,34.147993,-118.469602,145,
OLVoS,34.149137,-118.468982,146,
OLVoS,34.15041,-118.468404,147,
OLVoS,34.15106,-118.468176,148,
OLVoS,34.151778,-118.468011,149,
OLVoS,34.152744,-118.467955,150,
OLVoS,34.153507,-118.467965,151,
OLVoS,34.15422,-118.468059,152,
OLVoS,34.156276,-118.468675,153,
OLVoS,34.157654,-118.469199,154,
OLVoS,34.158777,-118.469418,155,
OLVoS,34.159348,-118.469467,156,
OLVoS,34.160193,-118.469478,157,
OLVoS,34.161568,-118.469513,158,
OLVoS,34.165318,-118.469571,159,
OLVoS,34.166072,-118.469502,160,
OLVoS,34.16665,-118.469364,161,
OLVoS,34.167155,-118.469176,162,
OLVoS,34.167636,-118.468936,163,
OLVoS,34.168341,-118.468533,164,
OLVoS,34.169064,-118.468119,165,
OLVoS,34.16987,-118.467796,166,
OLVoS,34.169908,-118.467591,167,
OLVoS,34.169908,-118.46732,168,
OLVoS,34.169908,-118.467266,169,
OLVoS,34.169908,-118.467221,170,
OLVoS,34.172127,-118.467256,171,
OLVoS,34.172021,-118.473350,172,
OLVoS,34.171595,-118.475624,173,
OLVoS,34.176672,-118.477813,174,
OLVoS,34.180897,-118.483563,175,
OLVoS,34.181607,-118.483778,176,
OLVoS,34.169908,-118.483641,177,
OLVoS,34.169908,-118.483649,178,
OLVoS,34.201411,-118.483614,179,
OLVoS,34.208322,-118.483611,180,
OLVoS,34.208871,-118.483587,181,
OLVoS,34.208877,-118.483303,182,
OLVoS,34.208877,-118.483303,183,
OLVoS,34.208800,-118.483230,184,
OLVoS,34.208809,-118.483031,185,
OLVoS,34.208922,-118.483002,186,
OLVoS,34.209218,-118.483242,187,

OLViS,34.209218,-118.483242,1,
OLViS,34.208414,-118.482834,2,
OLViS,34.208325,-118.483649,3,
OLViS,34.201120,-118.483692,4,
OLViS,34.193879,-118.483692,5,
OLViS,34.186673,-118.483692,6,
OLViS,34.186602,-118.476783,7,
OLViS,34.186318,-118.474723,8,
OLViS,34.185892,-118.474165,9,
OLViS,34.184701,-118.473565,18,
OLViS,34.18373,-118.472962,19,
OLViS,34.182942,-118.472388,20,
OLViS,34.178740,-118.469330,21,
OLViS,34.177430,-118.468534,22,
OLViS,34.176113,-118.468045,23,
OLViS,34.174894,-118.467795,24,
OLViS,34.173856,-118.467731,25,
OLViS,34.171323,-118.467673,26,
OLViS,34.170482,-118.467718,27,
OLViS,34.16973,-118.467894,28,
OLViS,34.16915,-118.468128,29,
OLViS,34.168561,-118.468464,30,
OLViS,34.167685,-118.468998,31,
OLViS,34.166986,-118.469331,32,
OLViS,34.16634,-118.469531,33,
OLViS,34.165741,-118.46963,34,
OLViS,34.165202,-118.469654,35,
OLViS,34.164532,-118.469632,36,
OLViS,34.162058,-118.469574,37,
OLViS,34.159449,-118.469514,38,
OLViS,34.158817,-118.469473,39,
OLViS,34.157814,-118.469287,40,
OLViS,34.156792,-118.468949,41,
OLViS,34.15516,-118.46836,42,
OLViS,34.154108,-118.468124,43,
OLViS,34.152862,-118.46804,44,
OLViS,34.151826,-118.468134,45,
OLViS,34.150842,-118.468351,46,
OLViS,34.149764,-118.468764,47,
OLViS,34.148745,-118.469286,48,
OLViS,34.146281,-118.470534,49,
OLViS,34.14555,-118.470857,50,
OLViS,34.14434,-118.47122,51,
OLViS,34.14344,-118.471386,52,
OLViS,34.142173,-118.471464,53,
OLViS,34.141057,-118.471391,54,
OLViS,34.140047,-118.471257,55,
OLViS,34.138829,-118.471183,56,
OLViS,34.137242,-118.471379,57,
OLViS,34.136186,-118.471701,58,
OLViS,34.130567,-118.473509,59,
OLViS,34.131098,-118.473315,60,
OLViS,34.128985,-118.474024,61,
OLViS,34.12804,-118.474426,62,
OLViS,34.126664,-118.475283,63,
OLViS,34.124561,-118.476996,64,
OLViS,34.121226,-118.479673,65,
OLViS,34.120315,-118.48047,66,
OLViS,34.119677,-118.480998,67,
OLViS,34.119044,-118.481396,68,
OLViS,34.118388,-118.481669,69,
OLViS,34.117682,-118.481828,70,
OLViS,34.116659,-118.481909,71,
OLViS,34.112696,-118.482178,72,
OLViS,34.112037,-118.482159,73,
OLViS,34.111263,-118.481994,74,
OLViS,34.110706,-118.481761,75,
OLViS,34.110127,-118.481432,76,
OLViS,34.108552,-118.480339,77,
OLViS,34.105678,-118.478213,78,
OLViS,34.105035,-118.477829,79,
OLViS,34.104435,-118.477574,80,
OLViS,34.103547,-118.477379,81,
OLViS,34.102879,-118.477362,82,
OLViS,34.102018,-118.477489,83,
OLViS,34.100963,-118.47781,84,
OLViS,34.099912,-118.478078,85,
OLViS,34.099161,-118.478086,86,
OLViS,34.098399,-118.477971,87,
OLViS,34.097731,-118.477727,88,
OLViS,34.096927,-118.477292,89,
OLViS,34.096591,-118.477094,90,
OLViS,34.095669,-118.476533,91,
OLViS,34.094932,-118.476259,92,
OLViS,34.093897,-118.476082,93,
OLViS,34.085011,-118.474845,94,
OLViS,34.083008,-118.474411,95,
OLViS,34.081666,-118.473819,96,
OLViS,34.080499,-118.473051,97,
OLViS,34.079369,-118.472052,98,
OLViS,34.077792,-118.470554,99,
OLViS,34.073171,-118.466916,100,
OLViS,34.070727,-118.464907,101,
OLViS,34.059355,-118.455027,102,
OLViS,34.054162,-118.450744,103,
OLViS,34.053274,-118.450119,104,
OLViS,34.052151,-118.449569,105,
OLViS,34.050869,-118.449156,106,
OLViS,34.049777,-118.448732,107,
OLViS,34.048741,-118.448126,108,
OLViS,34.047876,-118.44745,109,
OLViS,34.039572,-118.440283,110,
OLViS,34.038563,-118.439502,111,
OLViS,34.037263,-118.438801,112,
OLViS,34.035747,-118.438097,113,
OLViS,34.03473,-118.437461,114,
OLViS,34.033644,-118.436455,115,
OLViS,34.03277,-118.435277,116,
OLViS,34.032038,-118.434284,117,
OLViS,34.031161,-118.433463,118,
OLViS,34.029501,-118.432149,119,
OLViS,34.016459,-118.421889,120,
OLViS,34.009745,-118.416568,121,
OLViS,33.99883,-118.407918,122,
OLViS,33.989116,-118.400197,123,
OLViS,33.980581,-118.393418,124,
OLViS,33.97943,-118.39271,125,
OLViS,33.978619,-118.391805,126,
OLViS,33.978047,-118.390956,127,
OLViS,33.977533,-118.390182,128,
OLViS,33.976919,-118.389805,129,
OLViS,33.976163,-118.3896,130,
OLViS,33.975193,-118.389578,131,
OLViS,33.975026,-118.389723,132,
OLViS,33.975053,-118.393293,133,
OLViS,33.975015,-118.393792,134,
OLViS,33.974984,-118.394048,135,
OLViS,33.974839,-118.39416,136,
OLViS,33.973459,-118.394539,137,
OLViS,33.971856,-118.394993,138,
OLViS,33.9679,-118.396001,139,
OLViS,33.967157,-118.396127,140,
OLViS,33.965431,-118.396254,141,
OLViS,33.963661,-118.396273,142,
OLViS,33.960095,-118.396335,143,
OLViS,33.959708,-118.396339,144,
OLViS,33.953152,-118.396327,145,
OLViS,33.952795,-118.396379,146,
OLViS,33.952435,-118.396477,147,
OLViS,33.951995,-118.396515,148,
OLViS,33.95145,-118.396419,149,
OLViS,33.95101,-118.396403,150,
OLViS,33.950298,-118.39647,151,
OLViS,33.949999,-118.396595,152,
OLViS,33.949647,-118.3969,153,
OLViS,33.949391,-118.397334,154,
OLViS,33.949089,-118.398326,155,
OLViS,33.948934,-118.399048,156,
OLViS,33.948761,-118.399359,157,
OLViS,33.948523,-118.39954,158,
OLViS,33.9483,-118.399625,159,
OLViS,33.947645,-118.399668,160,
OLViS,33.945804,-118.399658,161,
OLViS,33.945456,-118.399514,162,
OLViS,33.94561,-118.40068,163,
OLViS,33.945176,-118.403982,164,
OLViS,33.944842,-118.407115,165,
OLViS,33.944775,-118.40767,166,
OLViS,33.944753,-118.407923,167,
OLViS,33.944608,-118.408175,168,
OLViS,33.944268,-118.408279,169,
OLViS,33.943987,-118.408226,170,
OLViS,33.942939,-118.40807,171,
OLViS,33.942695,-118.408022,172,
OLViS,33.94245,-118.407756,173,
OLViS,33.942437,-118.407394,174,
OLViS,33.942465,-118.407061,175,
OLViS,33.942684,-118.404658,176,
OLViS,33.942962,-118.402125,177,
OLViS,33.943258,-118.399336,178,

LGBiS,33.768165,-118.189219,1,
LGBiS,33.774105,-118.189330,2,
LGBiS,33.782603,-118.189223,3,
LGBiS,33.804350,-118.189266,4,
LGBiS,33.805295,-118.189158,5,
LGBiS,33.806409,-118.189244,6,
LGBiS,33.811606,-118.189330,7,
LGBiS,33.814031,-118.189223,8,
LGBiS,33.818925,-118.189266,9,
LGBiS,33.818962,-118.190438,10,
LGBiS,33.820388,-118.193056,11,
LGBiS,33.824819,-118.201759,12,
LGBiS,33.825401,-118.202976,13,
LGBiS,33.825871,-118.204301,14,
LGBiS,33.826205,-118.205574,15,
LGBiS,33.826451,-118.207088,16,
LGBiS,33.826543,-118.208489,17,
LGBiS,33.826484,-118.210235,18,
LGBiS,33.826273,-118.211781,19,
LGBiS,33.825971,-118.213124,20,
LGBiS,33.825481,-118.215388,21,
LGBiS,33.825315,-118.217112,22,
LGBiS,33.825309,-118.223413,23,
LGBiS,33.825623,-118.229111,24,
LGBiS,33.825873,-118.233558,25,
LGBiS,33.825888,-118.247356,26,
LGBiS,33.826112,-118.248941,27,
LGBiS,33.826576,-118.250256,28,
LGBiS,33.827237,-118.251372,29,
LGBiS,33.827948,-118.252188,30,
LGBiS,33.832662,-118.256794,31,
LGBiS,33.844394,-118.268258,32,
LGBiS,33.846336,-118.270454,33,
LGBiS,33.848903,-118.274003,34,
LGBiS,33.853741,-118.280832,35,
LGBiS,33.856424,-118.283891,36,
LGBiS,33.857319,-118.285136,37,
LGBiS,33.857626,-118.285727,38,
LGBiS,33.859406,-118.290139,39,
LGBiS,33.859691,-118.291284,40,
LGBiS,33.859889,-118.293034,41,
LGBiS,33.859885,-118.307276,42,
LGBiS,33.859894,-118.308259,43,
LGBiS,33.860021,-118.309936,44,
LGBiS,33.860185,-118.311181,45,
LGBiS,33.860413,-118.312316,46,
LGBiS,33.860621,-118.313093,47,
LGBiS,33.867251,-118.335122,48,
LGBiS,33.867692,-118.336482,49,
LGBiS,33.868302,-118.337781,50,
LGBiS,33.869025,-118.338889,51,
LGBiS,33.869751,-118.339738,52,
LGBiS,33.870447,-118.340393,53,
LGBiS,33.871527,-118.341139,54,
LGBiS,33.879388,-118.346781,55,
LGBiS,33.880368,-118.347509,56,
LGBiS,33.881363,-118.348386,57,
LGBiS,33.882068,-118.349107,58,
LGBiS,33.882942,-118.350118,59,
LGBiS,33.884321,-118.351997,60,
LGBiS,33.895782,-118.367999,61,
LGBiS,33.896343,-118.368696,62,
LGBiS,33.896825,-118.369151,63,
LGBiS,33.897361,-118.369565,64,
LGBiS,33.897944,-118.369921,65,
LGBiS,33.898946,-118.370288,66,
LGBiS,33.899802,-118.370413,67,
LGBiS,33.900211,-118.370421,68,
LGBiS,33.902899,-118.370311,69,
LGBiS,33.911499,-118.370291,70,
LGBiS,33.914986,-118.370195,71,
LGBiS,33.916157,-118.369994,72,
LGBiS,33.917538,-118.369613,73,
LGBiS,33.918899,-118.369214,74,
LGBiS,33.920532,-118.368724,75,
LGBiS,33.921625,-118.368417,76,
LGBiS,33.922926,-118.368042,77,
LGBiS,33.924061,-118.367821,78,
LGBiS,33.924988,-118.367736,79,
LGBiS,33.925578,-118.367694,80,
LGBiS,33.927784,-118.367529,81,
LGBiS,33.928285,-118.367537,82,
LGBiS,33.928763,-118.367646,83,
LGBiS,33.929092,-118.367795,84,
LGBiS,33.929412,-118.367998,85,
LGBiS,33.929741,-118.368279,86,
LGBiS,33.930107,-118.368720,87,
LGBiS,33.930343,-118.369122,88,
LGBiS,33.930587,-118.369735,89,
LGBiS,33.930681,-118.370205,90,
LGBiS,33.930707,-118.370796,91,
LGBiS,33.930635,-118.373267,92,
LGBiS,33.930591,-118.375565,93,
LGBiS,33.930657,-118.376364,94,
LGBiS,33.930785,-118.377258,95,
LGBiS,33.930908,-118.377923,96,
LGBiS,33.931281,-118.379689,97,
LGBiS,33.931377,-118.380297,98,
LGBiS,33.931444,-118.380958,99,
LGBiS,33.931493,-118.381874,100,
LGBiS,33.931496,-118.382412,101,
LGBiS,33.931406,-118.383972,102,
LGBiS,33.931349,-118.384975,103,
LGBiS,33.931322,-118.385825,104,
LGBiS,33.931331,-118.386391,105,
LGBiS,33.931357,-118.386873,106,
LGBiS,33.931448,-118.388046,107,
LGBiS,33.931497,-118.388858,108,
LGBiS,33.931585,-118.390071,109,
LGBiS,33.931621,-118.390612,110,
LGBiS,33.931673,-118.391156,111,
LGBiS,33.931753,-118.391695,112,
LGBiS,33.931827,-118.392257,113,
LGBiS,33.931883,-118.393273,114,
LGBiS,33.931877,-118.393651,115,
LGBiS,33.931872,-118.394533,116,
LGBiS,33.931911,-118.394874,117,
LGBiS,33.931948,-118.395029,118,
LGBiS,33.932021,-118.395227,119,
LGBiS,33.932142,-118.395458,120,
LGBiS,33.932481,-118.395649,121,
LGBiS,33.932693,-118.395991,122,
LGBiS,33.932836,-118.396074,123,
LGBiS,33.933065,-118.396086,124,
LGBiS,33.934548,-118.396081,125,
LGBiS,33.940752,-118.396093,126,
LGBiS,33.941013,-118.396094,127,
LGBiS,33.941738,-118.396024,128,
LGBiS,33.942042,-118.395992,129,
LGBiS,33.942231,-118.395974,130,
LGBiS,33.942432,-118.395976,131,
LGBiS,33.943123,-118.395979,132,
LGBiS,33.943276,-118.395945,133,
LGBiS,33.943413,-118.395876,134,
LGBiS,33.943546,-118.395755,135,
LGBiS,33.943647,-118.395536,136,
LGBiS,33.943728,-118.395302,137,
LGBiS,33.943815,-118.395119,138,
LGBiS,33.943946,-118.394993,139,
LGBiS,33.944091,-118.394886,140,
LGBiS,33.944799,-118.394368,141,
LGBiS,33.944987,-118.394331,142,
LGBiS,33.945141,-118.394385,143,
LGBiS,33.945278,-118.394549,144,
LGBiS,33.945326,-118.394742,145,
LGBiS,33.945306,-118.394945,146,
LGBiS,33.945222,-118.395599,147,
LGBiS,33.945157,-118.396118,148,
LGBiS,33.945166,-118.396427,149,
LGBiS,33.945204,-118.396569,150,
LGBiS,33.945415,-118.397161,151,
LGBiS,33.945461,-118.397418,152,
LGBiS,33.945487,-118.397954,153,
LGBiS,33.945551,-118.398683,154,
LGBiS,33.945578,-118.399548,155,
LGBiS,33.945577,-118.400197,156,
LGBiS,33.945610,-118.400680,157,
LGBiS,33.945270,-118.404150,158,
LGBiS,33.945040,-118.406630,159,
LGBiS,33.944821,-118.407983,160,
LGBiS,33.944733,-118.408143,161,
LGBiS,33.944561,-118.408289,162,
LGBiS,33.944359,-118.408298,163,
LGBiS,33.943920,-118.408280,164,
LGBiS,33.942870,-118.408091,165,
LGBiS,33.942708,-118.408035,166,
LGBiS,33.942537,-118.407867,167,
LGBiS,33.942456,-118.407524,168,
LGBiS,33.942450,-118.407420,169,
LGBiS,33.942760,-118.404890,170,
LGBiS,33.943140,-118.400760,171,

LGBoS,33.945420,-118.401360,1,
LGBoS,33.945060,-118.404790,2,
LGBoS,33.944810,-118.407480,3,
LGBoS,33.944744,-118.407706,4,
LGBoS,33.944697,-118.407958,5,
LGBoS,33.944562,-118.408121,6,
LGBoS,33.944223,-118.408172,7,
LGBoS,33.943510,-118.408130,8,
LGBoS,33.942921,-118.407973,9,
LGBoS,33.942691,-118.407895,10,
LGBoS,33.942548,-118.407691,11,
LGBoS,33.942562,-118.407414,12,
LGBoS,33.942490,-118.407130,13,
LGBoS,33.942815,-118.403994,14,
LGBoS,33.943050,-118.401720,15,
LGBoS,33.943327,-118.399165,16,
LGBoS,33.943736,-118.397708,17,
LGBoS,33.943904,-118.397494,18,
LGBoS,33.943903,-118.397267,19,
LGBoS,33.941941,-118.396421,20,
LGBoS,33.933571,-118.396351,21,
LGBoS,33.932411,-118.397921,22,
LGBoS,33.932037,-118.397923,23,
LGBoS,33.931903,-118.397966,24,
LGBoS,33.931563,-118.397847,25,
LGBoS,33.931438,-118.397689,26,
LGBoS,33.931389,-118.397164,27,
LGBoS,33.931431,-118.395888,28,
LGBoS,33.931435,-118.395246,29,
LGBoS,33.931419,-118.394225,30,
LGBoS,33.931406,-118.393374,31,
LGBoS,33.931377,-118.392538,32,
LGBoS,33.931122,-118.381324,33,
LGBoS,33.931012,-118.380413,34,
LGBoS,33.930885,-118.379747,35,
LGBoS,33.930716,-118.379162,36,
LGBoS,33.930424,-118.378091,37,
LGBoS,33.930043,-118.376701,38,
LGBoS,33.929923,-118.376267,39,
LGBoS,33.929639,-118.374683,40,
LGBoS,33.929498,-118.373926,41,
LGBoS,33.929322,-118.373175,42,
LGBoS,33.928996,-118.371792,43,
LGBoS,33.928821,-118.371108,44,
LGBoS,33.928996,-118.371792,45,
LGBoS,33.927561,-118.369542,46,
LGBoS,33.927045,-118.369337,47,
LGBoS,33.926702,-118.369270,48,
LGBoS,33.926213,-118.369209,49,
LGBoS,33.925213,-118.369141,50,
LGBoS,33.924475,-118.369101,51,
LGBoS,33.923956,-118.369096,52,
LGBoS,33.923395,-118.369178,53,
LGBoS,33.922676,-118.369351,54,
LGBoS,33.920381,-118.369965,55,
LGBoS,33.918373,-118.370467,56,
LGBoS,33.917218,-118.370634,57,
LGBoS,33.916427,-118.370691,58,
LGBoS,33.915694,-118.370698,59,
LGBoS,33.914421,-118.370656,60,
LGBoS,33.913507,-118.370621,61,
LGBoS,33.912842,-118.370579,62,
LGBoS,33.911948,-118.370542,63,
LGBoS,33.911012,-118.370511,64,
LGBoS,33.908916,-118.370507,65,
LGBoS,33.905191,-118.370511,66,
LGBoS,33.902516,-118.370508,67,
LGBoS,33.901323,-118.370513,68,
LGBoS,33.900862,-118.370468,69,
LGBoS,33.899897,-118.370467,70,
LGBoS,33.899401,-118.370428,71,
LGBoS,33.899015,-118.370356,72,
LGBoS,33.898086,-118.370041,73,
LGBoS,33.897377,-118.369639,74,
LGBoS,33.896615,-118.369019,75,
LGBoS,33.895928,-118.368275,76,
LGBoS,33.892328,-118.363283,77,
LGBoS,33.890386,-118.360546,78,
LGBoS,33.887011,-118.355825,79,
LGBoS,33.883924,-118.351533,80,
LGBoS,33.882431,-118.349577,81,
LGBoS,33.881399,-118.348486,82,
LGBoS,33.880851,-118.347982,83,
LGBoS,33.880084,-118.347351,84,
LGBoS,33.879335,-118.346801,85,
LGBoS,33.878411,-118.346151,86,
LGBoS,33.877591,-118.345563,87,
LGBoS,33.871799,-118.341464,88,
LGBoS,33.870637,-118.340672,89,
LGBoS,33.870006,-118.340139,90,
LGBoS,33.869633,-118.339758,91,
LGBoS,33.869055,-118.339083,92,
LGBoS,33.868359,-118.338061,93,
LGBoS,33.867951,-118.337302,94,
LGBoS,33.867643,-118.336612,95,
LGBoS,33.867327,-118.335697,96,
LGBoS,33.865703,-118.330114,97,
LGBoS,33.863899,-118.324143,98,
LGBoS,33.860833,-118.313999,99,
LGBoS,33.860515,-118.312928,100,
LGBoS,33.860297,-118.312078,101,
LGBoS,33.860103,-118.311033,102,
LGBoS,33.859984,-118.310111,103,
LGBoS,33.859876,-118.308821,104,
LGBoS,33.859829,-118.307465,105,
LGBoS,33.859861,-118.297209,106,
LGBoS,33.859856,-118.293637,107,
LGBoS,33.859805,-118.292487,108,
LGBoS,33.859719,-118.291729,109,
LGBoS,33.859543,-118.290793,110,
LGBoS,33.859138,-118.289494,111,
LGBoS,33.858833,-118.288747,112,
LGBoS,33.858396,-118.287699,113,
LGBoS,33.857319,-118.285298,114,
LGBoS,33.856693,-118.284325,115,
LGBoS,33.856221,-118.283707,116,
LGBoS,33.855707,-118.283104,117,
LGBoS,33.854698,-118.281974,118,
LGBoS,33.854144,-118.281359,119,
LGBoS,33.853292,-118.280376,120,
LGBoS,33.852418,-118.279222,121,
LGBoS,33.849478,-118.274891,122,
LGBoS,33.847749,-118.272572,123,
LGBoS,33.847059,-118.271606,124,
LGBoS,33.846081,-118.270365,125,
LGBoS,33.845088,-118.269211,126,
LGBoS,33.844544,-118.268557,127,
LGBoS,33.839094,-118.263164,128,
LGBoS,33.834053,-118.258224,129,
LGBoS,33.834053,-118.258224,130,
LGBoS,33.829171,-118.253447,131,
LGBoS,33.827457,-118.251732,132,
LGBoS,33.827007,-118.251109,133,
LGBoS,33.826139,-118.249276,134,
LGBoS,33.825922,-118.248164,135,
LGBoS,33.825829,-118.247057,136,
LGBoS,33.825846,-118.240391,137,
LGBoS,33.825851,-118.234348,138,
LGBoS,33.825815,-118.233245,139,
LGBoS,33.825612,-118.229861,140,
LGBoS,33.825425,-118.226626,141,
LGBoS,33.825273,-118.223695,142,
LGBoS,33.825253,-118.222201,143,
LGBoS,33.825255,-118.217719,144,
LGBoS,33.825312,-118.216457,145,
LGBoS,33.825523,-118.214838,146,
LGBoS,33.825729,-118.213896,147,
LGBoS,33.826157,-118.212158,148,
LGBoS,33.826396,-118.210679,149,
LGBoS,33.826485,-118.209624,150,
LGBoS,33.826477,-118.207815,151,
LGBoS,33.826358,-118.206683,152,
LGBoS,33.826026,-118.204998,153,
LGBoS,33.825653,-118.203763,154,
LGBoS,33.825136,-118.202496,155,
LGBoS,33.824409,-118.201047,156,
LGBoS,33.822539,-118.197471,157,
LGBoS,33.820944,-118.194251,158,
LGBoS,33.818163,-118.190775,159,
LGBoS,33.817815,-118.191043,160,
LGBoS,33.817530,-118.190710,161,
LGBoS,33.816897,-118.189348,162,
LGBoS,33.813644,-118.189380,163,
LGBoS,33.811629,-118.189477,164,
LGBoS,33.806468,-118.189423,165,
LGBoS,33.804364,-118.189466,166,
LGBoS,33.789840,-118.189520,167,
LGBoS,33.778979,-118.189509,168,
LGBoS,33.774136,-118.189477,169,
LGBoS,33.769320,-118.189487,170,
LGBoS,33.768165,-118.189219,171,

CSHTLoS,33.945406,-118.400846,1,
CSHTLoS,33.945181,-118.403266,2,
CSHTLoS,33.944693,-118.407924,3,
CSHTLoS,33.944744,-118.407706,4,
CSHTLoS,33.944697,-118.407958,5,
CSHTLoS,33.944562,-118.408121,6,
CSHTLoS,33.944223,-118.408172,7,
CSHTLoS,33.942625,-118.40771,8,
CSHTLoS,33.942921,-118.407973,9,
CSHTLoS,33.942691,-118.407895,10,
CSHTLoS,33.942548,-118.407691,11,
CSHTLoS,33.942562,-118.407414,12,
CSHTLoS,33.942767,-118.405062,13,
CSHTLoS,33.942985,-118.403104,14,
CSHTLoS,33.943225,-118.400791,15,
CSHTLoS,33.943251,-118.40052,16,
CSHTLoS,33.943916,-118.397527,17,
CSHTLoS,33.94427,-118.397094,18,
CSHTLoS,33.944443,-118.396531,19,
CSHTLoS,33.944686,-118.394862,20,
CSHTLoS,33.944886,-118.394262,21,
CSHTLoS,33.945171,-118.393625,22,
CSHTLoS,33.945308,-118.393181,23,
CSHTLoS,33.945399,-118.392682,24,
CSHTLoS,33.945412,-118.392096,25,
CSHTLoS,33.945449,-118.390291,26,
CSHTLoS,33.945474,-118.387398,27,
CSHTLoS,33.945499,-118.386295,28,
CSHTLoS,33.945621,-118.38605,29,
CSHTLoS,33.945756,-118.386018,30,
CSHTLoS,33.94724,-118.385937,31,
CSHTLoS,33.94884,-118.385909,32,
CSHTLoS,33.949295,-118.385929,33,
CSHTLoS,33.949448,-118.385933,34,
CSHTLoS,33.949483,-118.386101,35,
CSHTLoS,33.949422,-118.38657,36,
CSHTLoS,33.94933,-118.386902,37,
CSHTLoS,33.949078,-118.387539,38,
CSHTLoS,33.948965,-118.387934,39,
CSHTLoS,33.948904,-118.388421,40,
CSHTLoS,33.948941,-118.389098,41,
CSHTLoS,33.94894,-118.390948,42,
CSHTLoS,33.948984,-118.391103,43,
CSHTLoS,33.949085,-118.391156,44,
CSHTLoS,33.949072,-118.391491,45,
CSHTLoS,33.949128,-118.391711,46,

CSHTLiS,33.949128,-118.391711,1,
CSHTLiS,33.949067,-118.392199,2,
CSHTLiS,33.94905,-118.392495,3,
CSHTLiS,33.94901,-118.392662,4,
CSHTLiS,33.948938,-118.392678,5,
CSHTLiS,33.948923,-118.39288,6,
CSHTLiS,33.948935,-118.393747,7,
CSHTLiS,33.948946,-118.393824,8,
CSHTLiS,33.949058,-118.393865,9,
CSHTLiS,33.949355,-118.39396,10,
CSHTLiS,33.949591,-118.394177,11,
CSHTLiS,33.949725,-118.394404,12,
CSHTLiS,33.949785,-118.394616,13,
CSHTLiS,33.949811,-118.394885,14,
CSHTLiS,33.949239,-118.397448,15,
CSHTLiS,33.948889,-118.398944,16,
CSHTLiS,33.948809,-118.399198,17,
CSHTLiS,33.948653,-118.399402,18,
CSHTLiS,33.948461,-118.399551,19,
CSHTLiS,33.948205,-118.39963,20,
CSHTLiS,33.948021,-118.399672,21,
CSHTLiS,33.945804,-118.399658,22,
CSHTLiS,33.945614,-118.39977,23,
CSHTLiS,33.945587,-118.400118,24,
CSHTLiS,33.945576,-118.401309,25,
CSHTLiS,33.945236,-118.404543,26,
CSHTLiS,33.944942,-118.407374,27,
CSHTLiS,33.944821,-118.407983,28,
CSHTLiS,33.944733,-118.408143,29,
CSHTLiS,33.944561,-118.408289,30,
CSHTLiS,33.944359,-118.408298,31,
CSHTLiS,33.943213,-118.408172,32,
CSHTLiS,33.94287,-118.408091,33,
CSHTLiS,33.942708,-118.408035,34,
CSHTLiS,33.942537,-118.407867,35,
CSHTLiS,33.942456,-118.407524,36,
CSHTLiS,33.942486,-118.406383,37,
CSHTLiS,33.94278,-118.403387,38,
CSHTLiS,33.943109,-118.400277,39,
CSHTLiS,33.943309,-118.398217,40,

GSHTLoS,33.945406,-118.400846,1,
GSHTLoS,33.945181,-118.403266,2,
GSHTLoS,33.944693,-118.407924,3,
GSHTLoS,33.944744,-118.407706,4,
GSHTLoS,33.944697,-118.407958,5,
GSHTLoS,33.944562,-118.408121,6,
GSHTLoS,33.944223,-118.408172,7,
GSHTLoS,33.942625,-118.40771,8,
GSHTLoS,33.942921,-118.407973,9,
GSHTLoS,33.942691,-118.407895,10,
GSHTLoS,33.942548,-118.407691,11,
GSHTLoS,33.942562,-118.407414,12,
GSHTLoS,33.942767,-118.405062,13,
GSHTLoS,33.942985,-118.403104,14,
GSHTLoS,33.943225,-118.400791,15,
GSHTLoS,33.943251,-118.40052,16,
GSHTLoS,33.943916,-118.397527,17,
GSHTLoS,33.94427,-118.397094,18,
GSHTLoS,33.944443,-118.396531,19,
GSHTLoS,33.944686,-118.394862,20,
GSHTLoS,33.944886,-118.394262,21,
GSHTLoS,33.945171,-118.393625,22,
GSHTLoS,33.945308,-118.393181,23,
GSHTLoS,33.945399,-118.392682,24,
GSHTLoS,33.945412,-118.392096,25,
GSHTLoS,33.945449,-118.390291,26,
GSHTLoS,33.945403,-118.386291,27,
GSHTLoS,33.945388,-118.38172,28,
GSHTLoS,33.945396,-118.37874,29,
GSHTLoS,33.945363,-118.378569,30,
GSHTLoS,33.945209,-118.378568,31,
GSHTLoS,33.942174,-118.378556,32,
GSHTLoS,33.934694,-118.378557,33,
GSHTLoS,33.931165,-118.378536,34,
GSHTLoS,33.929855,-118.37841,35,
GSHTLoS,33.929797,-118.378154,36,
GSHTLoS,33.92976,-118.377279,37,

GSHTLiS,33.92976,-118.377279,1,
GSHTLiS,33.929848,-118.377753,2,
GSHTLiS,33.929892,-118.378387,3,
GSHTLiS,33.930724,-118.378408,4,
GSHTLiS,33.932006,-118.378404,5,
GSHTLiS,33.932583,-118.378447,6,
GSHTLiS,33.934389,-118.378451,7,
GSHTLiS,33.941873,-118.378453,8,
GSHTLiS,33.944282,-118.37845,9,
GSHTLiS,33.945284,-118.378473,10,
GSHTLiS,33.94561,-118.378557,11,
GSHTLiS,33.945587,-118.378765,12,
GSHTLiS,33.945585,-118.379847,13,
GSHTLiS,33.945558,-118.381418,14,
GSHTLiS,33.945598,-118.385862,15,
GSHTLiS,33.94563,-118.389912,16,
GSHTLiS,33.945612,-118.392528,17,
GSHTLiS,33.945543,-118.393311,18,
GSHTLiS,33.945432,-118.39487,19,
GSHTLiS,33.945431,-118.395629,20,
GSHTLiS,33.945561,-118.399531,21,
GSHTLiS,33.945587,-118.400118,22,
GSHTLiS,33.945576,-118.401309,23,
GSHTLiS,33.945236,-118.404543,24,
GSHTLiS,33.944942,-118.407374,25,
GSHTLiS,33.944821,-118.407983,26,
GSHTLiS,33.944733,-118.408143,27,
GSHTLiS,33.944561,-118.408289,28,
GSHTLiS,33.944359,-118.408298,29,
GSHTLiS,33.943213,-118.408172,30,
GSHTLiS,33.94287,-118.408091,31,
GSHTLiS,33.942708,-118.408035,32,
GSHTLiS,33.942537,-118.407867,33,
GSHTLiS,33.942456,-118.407524,34,
GSHTLiS,33.942486,-118.406383,35,
GSHTLiS,33.94278,-118.403387,36,
GSHTLiS,33.943109,-118.400277,37,
GSHTLiS,33.943309,-118.398217,38,
