shape_id,shape_pt_lat,shape_pt_lon,shape_pt_sequence
10866849:1,35.28292800,-120.66243000,0
10866849:1,35.28295135,-120.66239166,1
10866849:1,35.28348923,-120.66287231,2
10866849:1,35.28464127,-120.66087341,3
10866849:1,35.28464127,-120.66087341,4
10866849:1,35.28583908,-120.65886688,5
10866849:1,35.28583908,-120.65886688,6
10866849:1,35.28593063,-120.65870667,7
10866849:1,35.28672028,-120.65939331,8
10866849:1,35.28776169,-120.65933228,9
10866849:1,35.28776169,-120.65866089,10
10866849:1,35.28776169,-120.65866089,11
10866849:1,35.28773880,-120.65821838,12
10866849:1,35.28675079,-120.65730286,13
10866849:1,35.28686142,-120.65714264,14
10866849:1,35.28686142,-120.65714264,15
10866849:1,35.28921127,-120.65319061,16
10866849:1,35.28942871,-120.65280151,17
10866849:1,35.28942871,-120.65280151,18
10866849:1,35.28960037,-120.65251923,19
10866849:1,35.29019165,-120.65303802,20
10866849:1,35.29034042,-120.65310669,21
10866849:1,35.29127121,-120.65310669,22
10866849:1,35.29127121,-120.65310669,23
10866849:1,35.29236984,-120.65309906,24
10866849:1,35.29238129,-120.65325928,25
10866849:1,35.29203033,-120.65545654,26
10866849:1,35.29193115,-120.65564728,27
10866849:1,35.29175949,-120.65648651,28
10866849:1,35.29133987,-120.65751648,29
10866849:1,35.29133987,-120.65766144,30
10866849:1,35.29090118,-120.65852356,31
10866849:1,35.29088974,-120.65879822,32
10866849:1,35.29101944,-120.65923309,33
10866849:1,35.29096985,-120.66029358,34
10866849:1,35.29130936,-120.66056061,35
10866849:1,35.29130936,-120.66056061,36
10866849:1,35.29558945,-120.66432953,37
10866849:1,35.29653931,-120.66502380,38
10866849:1,35.29999924,-120.66612244,39
10866849:1,35.30134964,-120.66638184,40
10866849:1,35.30221939,-120.66638947,41
10866849:1,35.30271912,-120.66655731,42
10866849:1,35.30310822,-120.66516876,43
10866849:1,35.30366898,-120.66446686,44
10866849:1,35.30395126,-120.66349030,45
10866849:1,35.30234909,-120.66304779,46
10866849:1,35.30226898,-120.66356659,47
10866849:1,35.30226898,-120.66356659,48
10866849:1,35.30170059,-120.66638947,49
10866849:1,35.29999924,-120.66612244,50
10866849:1,35.29671097,-120.66510010,51
10866849:1,35.29610825,-120.66474152,52
10866849:1,35.29499817,-120.66381836,53
10866849:1,35.29428864,-120.66581726,54
10866849:1,35.29428864,-120.66581726,55
10866849:1,35.29421997,-120.66600037,56
10866849:1,35.29404068,-120.66681671,57
10866849:1,35.29407120,-120.67018127,58
10866849:1,35.29407120,-120.67018127,59
10866849:1,35.29407120,-120.67047119,60
10866849:1,35.29410934,-120.67372131,61
10866849:1,35.29410934,-120.67372131,62
10866849:1,35.29412079,-120.67669678,63
10866849:1,35.29412842,-120.67701721,64
10866849:1,35.29412842,-120.67701721,65
10866849:1,35.29415131,-120.68443298,66
10866849:1,35.29415131,-120.68443298,67
10866849:1,35.29413986,-120.68567657,68
10866849:1,35.29397964,-120.68631744,69
10866849:1,35.29370880,-120.68672943,70
10866849:1,35.29206085,-120.68859100,71
10866849:1,35.29129028,-120.69017792,72
10866849:1,35.28992844,-120.69219208,73
10866849:1,35.28807068,-120.69609070,74
10866849:1,35.28638077,-120.70023346,75
10866849:1,35.28424072,-120.70310211,76
10866849:1,35.28271103,-120.70648956,77
10866849:1,35.28271103,-120.70648956,78
10866849:1,35.28203964,-120.70796204,79
10866849:1,35.28131104,-120.70877838,80
10866849:1,35.27661133,-120.71161652,81
10866849:1,35.27576065,-120.71067047,82
10866849:1,35.27413177,-120.70924377,83
10866849:1,35.27413177,-120.70924377,84
10866849:1,35.27272034,-120.70796967,85
10866849:1,35.26842117,-120.70419312,86
10866849:1,35.26729965,-120.70290375,87
10866849:1,35.26716995,-120.70285034,88
10866849:1,35.26697922,-120.70262909,89
10866849:1,35.26697922,-120.70262909,90
10866849:1,35.26469040,-120.69989777,91
10866849:1,35.26469040,-120.69989777,92
10866849:1,35.26343918,-120.69843292,93
10866849:1,35.26340866,-120.69828033,94
10866849:1,35.26195908,-120.69657135,95
10866849:1,35.26171875,-120.69628906,96
10866849:1,35.26171875,-120.69628906,97
10866849:1,35.26007843,-120.69432068,98
10866849:1,35.26007843,-120.69432068,99
10866849:1,35.25825882,-120.69214630,100
10866849:1,35.25769043,-120.69165039,101
10866849:1,35.25769043,-120.69165039,102
10866849:1,35.25677109,-120.69090271,103
10866849:1,35.25659180,-120.69082642,104
10866849:1,35.25947189,-120.68405914,105
10866849:1,35.25947189,-120.68405914,106
10866849:1,35.26126099,-120.68005371,107
10866849:1,35.26088715,-120.67961121,108
10866849:1,35.26071930,-120.67916870,109
10866849:1,35.26155090,-120.67820740,110
10866849:1,35.26155090,-120.67820740,111
10866849:1,35.26195908,-120.67774963,112
10866849:1,35.26242828,-120.67839050,113
10866849:1,35.26388931,-120.67646027,114
10866849:1,35.26388931,-120.67646027,115
10866849:1,35.26451111,-120.67559814,116
10866849:1,35.26467896,-120.67548370,117
10866849:1,35.26795959,-120.67092896,118
10866849:1,35.26824951,-120.67040253,119
10866849:1,35.26951981,-120.67030334,120
10866849:1,35.26950836,-120.66871643,121
10866849:1,35.26950836,-120.66871643,122
10866849:1,35.26951981,-120.66815186,123
10866849:1,35.26950836,-120.66480255,124
10866849:1,35.26945877,-120.66468048,125
10866849:1,35.26948166,-120.66200256,126
10866849:1,35.26948166,-120.66200256,127
10866849:1,35.26948166,-120.66076660,128
10866849:1,35.26951981,-120.66058350,129
10866849:1,35.26950836,-120.65901947,130
10866849:1,35.26950836,-120.65901947,131
10866849:1,35.26947021,-120.65814972,132
10866849:1,35.26950073,-120.65695190,133
10866849:1,35.26977921,-120.65646362,134
10866849:1,35.27048874,-120.65630341,135
10866849:1,35.27243042,-120.65615845,136
10866849:1,35.27243042,-120.65615845,137
10866849:1,35.27431870,-120.65614319,138
10866849:1,35.27573013,-120.65644836,139
10866849:1,35.27573013,-120.65644836,140
10866849:1,35.27606964,-120.65651703,141
10866849:1,35.27606964,-120.65624237,142
10866849:1,35.27544022,-120.65561676,143
10866849:1,35.27529907,-120.65563202,144
10866849:1,35.27524948,-120.65551758,145
10866849:1,35.27526093,-120.65545654,146
10866849:1,35.27611900,-120.65488400,147
10866849:1,35.27667999,-120.65470123,148
10866849:1,35.27748108,-120.65540314,149
10866849:1,35.27748108,-120.65540314,150
10866849:1,35.27811813,-120.65599823,151
10866849:1,35.27878952,-120.65659332,152
10866849:1,35.27878952,-120.65659332,153
10866849:1,35.28118896,-120.65873718,154
10866849:1,35.28176880,-120.65924072,155
10866849:1,35.28176880,-120.65924072,156
10866849:1,35.28258896,-120.65995026,157
10866849:1,35.28347015,-120.66072845,158
10866849:1,35.28266907,-120.66213989,159
10866849:1,35.28295135,-120.66239166,160
10866849:1,35.28292800,-120.66243000,161
11162412:1,35.30025966,-120.65776035,0
11162412:1,35.30031586,-120.65769196,1
11162412:1,35.30018997,-120.65733337,2
11162412:1,35.30006027,-120.65713501,3
11162412:1,35.29938507,-120.65670013,4
11162412:1,35.29774094,-120.65433502,5
11162412:1,35.29734039,-120.65370178,6
11162412:1,35.29701614,-120.65336609,7
11162412:1,35.29684448,-120.65322876,8
11162412:1,35.29645157,-120.65316010,9
11162412:1,35.29420853,-120.65318298,10
11162412:1,35.29059982,-120.65325928,11
11162412:1,35.29018021,-120.65316772,12
11162412:1,35.28950882,-120.65263367,13
11162412:1,35.28683472,-120.65727997,14
11162412:1,35.28773117,-120.65816498,15
11162412:1,35.28777313,-120.65930176,16
11162412:1,35.28674316,-120.65938568,17
11162412:1,35.28593063,-120.65875244,18
11162412:1,35.28353119,-120.66280365,19
11162412:1,35.28302765,-120.66243744,20
11162412:1,35.28292800,-120.66243000,21
11162412:1,35.28294754,-120.66236877,22
11162412:1,35.28265381,-120.66211700,23
11162412:1,35.28345871,-120.66067505,24
11162412:1,35.28994751,-120.66634369,25
11162412:1,35.29060364,-120.66680908,26
11162412:1,35.29399490,-120.66777802,27
11162412:1,35.29401779,-120.66679382,28
11162412:1,35.29425812,-120.66579437,29
11162412:1,35.29499435,-120.66385651,30
11162412:1,35.29610443,-120.66478729,31
11162412:1,35.29725266,-120.66529846,32
11162412:1,35.29999161,-120.66610718,33
11162412:1,35.30169296,-120.66635895,34
11162412:1,35.30224609,-120.66336823,35
11162412:1,35.30268097,-120.66115570,36
11162412:1,35.30285263,-120.66013336,37
11162412:1,35.30279922,-120.65951538,38
11162412:1,35.30266953,-120.65911865,39
11162412:1,35.30211258,-120.65857697,40
11162412:1,35.30157089,-120.65824890,41
11162412:1,35.30107117,-120.65804291,42
11162412:1,35.30037689,-120.65808868,43
11162412:1,35.30033112,-120.65780640,44
11162412:1,35.30025966,-120.65776035,45
10866883:1,35.28292800,-120.66243000,0
10866883:1,35.28295135,-120.66239166,1
10866883:1,35.28268051,-120.66213989,2
10866883:1,35.27973938,-120.66715240,3
10866883:1,35.27864838,-120.66615295,4
10866883:1,35.27864838,-120.66615295,5
10866883:1,35.27848053,-120.66599274,6
10866883:1,35.27737045,-120.66503906,7
10866883:1,35.27605057,-120.66381836,8
10866883:1,35.27605057,-120.66381836,9
10866883:1,35.27587128,-120.66365814,10
10866883:1,35.27339123,-120.66787166,11
10866883:1,35.27219009,-120.66980743,12
10866883:1,35.27114105,-120.67002106,13
10866883:1,35.27109909,-120.67002869,14
10866883:1,35.26982880,-120.67025757,15
10866883:1,35.26858902,-120.67037201,16
10866883:1,35.26795959,-120.67092896,17
10866883:1,35.26467896,-120.67548370,18
10866883:1,35.26391983,-120.67665863,19
10866883:1,35.26391983,-120.67665863,20
10866883:1,35.26136017,-120.68015289,21
10866883:1,35.26095963,-120.67964172,22
10866883:1,35.26071167,-120.67919159,23
10866883:1,35.26155090,-120.67820740,24
10866883:1,35.26155090,-120.67820740,25
10866883:1,35.26195908,-120.67774963,26
10866883:1,35.26256180,-120.67852783,27
10866883:1,35.26097870,-120.68061829,28
10866883:1,35.25963974,-120.68363953,29
10866883:1,35.25946045,-120.68406677,30
10866883:1,35.25946045,-120.68406677,31
10866883:1,35.25664902,-120.69071960,32
10866883:1,35.25677109,-120.69090271,33
10866883:1,35.25777817,-120.69172668,34
10866883:1,35.25794983,-120.69185638,35
10866883:1,35.25794983,-120.69185638,36
10866883:1,35.25825882,-120.69214630,37
10866883:1,35.25962830,-120.69380188,38
10866883:1,35.25968933,-120.69386292,39
10866883:1,35.25968933,-120.69386292,40
10866883:1,35.26094055,-120.69535828,41
10866883:1,35.26237106,-120.69705963,42
10866883:1,35.26237106,-120.69705963,43
10866883:1,35.26340866,-120.69828033,44
10866883:1,35.26351929,-120.69833374,45
10866883:1,35.26182938,-120.70049286,46
10866883:1,35.26174164,-120.70063019,47
10866883:1,35.26174164,-120.70063019,48
10866883:1,35.26165009,-120.70076752,49
10866883:1,35.26203918,-120.70118713,50
10866883:1,35.26272964,-120.70162964,51
10866883:1,35.26308060,-120.70195770,52
10866883:1,35.26308060,-120.70195770,53
10866883:1,35.26316833,-120.70205688,54
10866883:1,35.26369858,-120.70149994,55
10866883:1,35.26470184,-120.70017242,56
10866883:1,35.26470184,-120.70017242,57
10866883:1,35.26480103,-120.70004272,58
10866883:1,35.26343918,-120.69843292,59
10866883:1,35.26340866,-120.69828033,60
10866883:1,35.26171875,-120.69628906,61
10866883:1,35.26171875,-120.69628906,62
10866883:1,35.26007843,-120.69432068,63
10866883:1,35.26007843,-120.69432068,64
10866883:1,35.25825882,-120.69214630,65
10866883:1,35.25769043,-120.69165039,66
10866883:1,35.25769043,-120.69165039,67
10866883:1,35.25693893,-120.69103241,68
10866883:1,35.25622940,-120.69059753,69
10866883:1,35.25619888,-120.69056702,70
10866883:1,35.25468063,-120.68943024,71
10866883:1,35.25205994,-120.68724823,72
10866883:1,35.25205994,-120.68724823,73
10866883:1,35.25051117,-120.68582916,74
10866883:1,35.25040817,-120.68566132,75
10866883:1,35.24929810,-120.68469238,76
10866883:1,35.24837875,-120.68399811,77
10866883:1,35.24723816,-120.68332672,78
10866883:1,35.24383163,-120.68180084,79
10866883:1,35.24332809,-120.68145752,80
10866883:1,35.24304962,-120.68115997,81
10866883:1,35.24280167,-120.68077087,82
10866883:1,35.24261856,-120.68041229,83
10866883:1,35.24251175,-120.68010712,84
10866883:1,35.24240112,-120.67952728,85
10866883:1,35.24230957,-120.67796326,86
10866883:1,35.24230957,-120.67796326,87
10866883:1,35.24225998,-120.67742157,88
10866883:1,35.24214172,-120.67704010,89
10866883:1,35.24195862,-120.67665863,90
10866883:1,35.24438095,-120.67511749,91
10866883:1,35.24441147,-120.67510223,92
10866883:1,35.24911880,-120.67227936,93
10866883:1,35.24911880,-120.67214966,94
10866883:1,35.24911880,-120.67214966,95
10866883:1,35.24911880,-120.67227936,96
10866883:1,35.25400162,-120.66937256,97
10866883:1,35.25400162,-120.66937256,98
10866883:1,35.25498962,-120.66885376,99
10866883:1,35.25648880,-120.66867065,100
10866883:1,35.25648880,-120.66867065,101
10866883:1,35.25841141,-120.66854095,102
10866883:1,35.25957108,-120.66880035,103
10866883:1,35.25957108,-120.66880035,104
10866883:1,35.26139069,-120.66925049,105
10866883:1,35.26367950,-120.67041779,106
10866883:1,35.26406860,-120.67048645,107
10866883:1,35.26477814,-120.67047119,108
10866883:1,35.26483900,-120.67032600,109
10866883:1,35.26483917,-120.67047119,110
10866883:1,35.26824951,-120.67040253,111
10866883:1,35.26988983,-120.67024994,112
10866883:1,35.27040863,-120.67015076,113
10866883:1,35.27040863,-120.67015076,114
10866883:1,35.27056122,-120.67012787,115
10866883:1,35.27474976,-120.66935730,116
10866883:1,35.27508163,-120.66883087,117
10866883:1,35.27508163,-120.66883087,118
10866883:1,35.27576065,-120.66773987,119
10866883:1,35.27777863,-120.66436768,120
10866883:1,35.27777863,-120.66436768,121
10866883:1,35.27845001,-120.66329956,122
10866883:1,35.27920914,-120.66200256,123
10866883:1,35.27920914,-120.66200256,124
10866883:1,35.28036880,-120.66010284,125
10866883:1,35.28047943,-120.65991211,126
10866883:1,35.28047943,-120.65991211,127
10866883:1,35.28118896,-120.65873718,128
10866883:1,35.28176880,-120.65924072,129
10866883:1,35.28176880,-120.65924072,130
10866883:1,35.28430176,-120.66143799,131
10866883:1,35.28348923,-120.66287231,132
10866883:1,35.28295135,-120.66239166,133
10866883:1,35.28292800,-120.66243000,134
10866892:1,35.28292800,-120.66243000,0
10866892:1,35.28295135,-120.66239166,1
10866892:1,35.28348923,-120.66287231,2
10866892:1,35.28430176,-120.66143799,3
10866892:1,35.28118896,-120.65873718,4
10866892:1,35.28239822,-120.65676117,5
10866892:1,35.28239822,-120.65676117,6
10866892:1,35.28298187,-120.65590668,7
10866892:1,35.28150177,-120.65441895,8
10866892:1,35.28060913,-120.65345001,9
10866892:1,35.28052139,-120.65306091,10
10866892:1,35.28044891,-120.65199280,11
10866892:1,35.28036118,-120.65168762,12
10866892:1,35.27859879,-120.65012360,13
10866892:1,35.27852308,-120.65019791,14
10866892:1,35.27856064,-120.65009308,15
10866892:1,35.27487183,-120.64679718,16
10866892:1,35.27487183,-120.64679718,17
10866892:1,35.27429962,-120.64629364,18
10866892:1,35.27175903,-120.64407349,19
10866892:1,35.27175903,-120.64407349,20
10866892:1,35.27154160,-120.64385986,21
10866892:1,35.26982880,-120.64235687,22
10866892:1,35.26982880,-120.64235687,23
10866892:1,35.26961899,-120.64211273,24
10866892:1,35.26940155,-120.64176178,25
10866892:1,35.26921082,-120.64131927,26
10866892:1,35.26845169,-120.63858032,27
10866892:1,35.26834869,-120.63835907,28
10866892:1,35.26644135,-120.63979340,29
10866892:1,35.26644135,-120.63979340,30
10866892:1,35.26572037,-120.64031219,31
10866892:1,35.26504135,-120.64083099,32
10866892:1,35.26504135,-120.64083099,33
10866892:1,35.26335526,-120.64206696,34
10866892:1,35.26334763,-120.64207458,35
10866892:1,35.26136780,-120.64354706,36
10866892:1,35.26136780,-120.64312744,37
10866892:1,35.26137924,-120.64312744,38
10866892:1,35.26144028,-120.63780975,39
10866892:1,35.26144028,-120.63630676,40
10866892:1,35.26144028,-120.63630676,41
10866892:1,35.26144028,-120.63584137,42
10866892:1,35.26132965,-120.63571167,43
10866892:1,35.25947952,-120.63375854,44
10866892:1,35.25405884,-120.62821198,45
10866892:1,35.25040817,-120.62522125,46
10866892:1,35.25028992,-120.62519836,47
10866892:1,35.25025177,-120.62637329,48
10866892:1,35.25025940,-120.62705231,49
10866892:1,35.25025940,-120.62705231,50
10866892:1,35.25027847,-120.62822723,51
10866892:1,35.25019073,-120.62985229,52
10866892:1,35.25022125,-120.63075256,53
10866892:1,35.25022125,-120.63075256,54
10866892:1,35.25028992,-120.63201141,55
10866892:1,35.25022888,-120.63275909,56
10866892:1,35.24977875,-120.63420868,57
10866892:1,35.24961090,-120.63501740,58
10866892:1,35.24954987,-120.63590240,59
10866892:1,35.24966812,-120.63717651,60
10866892:1,35.24979000,-120.63722200,61
10866892:1,35.24967957,-120.63723755,62
10866892:1,35.24980164,-120.63835144,63
10866892:1,35.24979019,-120.63896942,64
10866892:1,35.24969864,-120.63945007,65
10866892:1,35.24919891,-120.64080048,66
10866892:1,35.24919891,-120.64080048,67
10866892:1,35.24834824,-120.64302826,68
10866892:1,35.24731827,-120.64244843,69
10866892:1,35.24731827,-120.64244843,70
10866892:1,35.24467087,-120.64114380,71
10866892:1,35.24386978,-120.64054871,72
10866892:1,35.24386978,-120.64054871,73
10866892:1,35.24314117,-120.63996124,74
10866892:1,35.24098587,-120.63800812,75
10866892:1,35.24083328,-120.63823700,76
10866892:1,35.24075317,-120.63837433,77
10866892:1,35.24072647,-120.63860321,78
10866892:1,35.24074173,-120.63893127,79
10866892:1,35.24068451,-120.63923645,80
10866892:1,35.24060059,-120.63939667,81
10866892:1,35.24050140,-120.63955688,82
10866892:1,35.24025345,-120.63990784,83
10866892:1,35.23994446,-120.64027405,84
10866892:1,35.23975372,-120.64022827,85
10866892:1,35.23956680,-120.64009857,86
10866892:1,35.23940659,-120.63981628,87
10866892:1,35.23937587,-120.63751370,88
10866892:1,35.23958206,-120.63671875,89
10866892:1,35.24304962,-120.63980103,90
10866892:1,35.24466324,-120.64106750,91
10866892:1,35.24665833,-120.64208221,92
10866892:1,35.25014496,-120.64408112,93
10866892:1,35.25016022,-120.64408112,94
10866892:1,35.25181961,-120.64495850,95
10866892:1,35.25466156,-120.64611053,96
10866892:1,35.25466156,-120.64611053,97
10866892:1,35.25616837,-120.64679718,98
10866892:1,35.25635147,-120.64682007,99
10866892:1,35.25791931,-120.64765167,100
10866892:1,35.25791931,-120.64765167,101
10866892:1,35.25936127,-120.64851379,102
10866892:1,35.26039886,-120.64922333,103
10866892:1,35.26126862,-120.64987183,104
10866892:1,35.26145935,-120.65003967,105
10866892:1,35.26147842,-120.65013123,106
10866892:1,35.26266861,-120.65100098,107
10866892:1,35.26266861,-120.65100098,108
10866892:1,35.26480865,-120.65261078,109
10866892:1,35.26480865,-120.65261078,110
10866892:1,35.26797104,-120.65512085,111
10866892:1,35.26805115,-120.65509796,112
10866892:1,35.26882935,-120.65573120,113
10866892:1,35.26882935,-120.65573120,114
10866892:1,35.26977921,-120.65646362,115
10866892:1,35.27006149,-120.65670776,116
10866892:1,35.27016068,-120.65686035,117
10866892:1,35.27016068,-120.65686035,118
10866892:1,35.27220154,-120.65849304,119
10866892:1,35.27452850,-120.66056824,120
10866892:1,35.27452850,-120.66056824,121
10866892:1,35.27811813,-120.66380310,122
10866892:1,35.27920914,-120.66200256,123
10866892:1,35.27920914,-120.66200256,124
10866892:1,35.28036880,-120.66010284,125
10866892:1,35.28047943,-120.65991211,126
10866892:1,35.28047943,-120.65991211,127
10866892:1,35.28118896,-120.65873718,128
10866892:1,35.28176880,-120.65924072,129
10866892:1,35.28176880,-120.65924072,130
10866892:1,35.28258896,-120.65995026,131
10866892:1,35.28179169,-120.66136169,132
10866892:1,35.28295135,-120.66239166,133
10866892:1,35.28292800,-120.66243000,134
10866895:1,35.28292800,-120.66243000,0
10866895:1,35.28295135,-120.66239166,1
10866895:1,35.28268051,-120.66213989,2
10866895:1,35.27973938,-120.66715240,3
10866895:1,35.27864838,-120.66615295,4
10866895:1,35.27864838,-120.66615295,5
10866895:1,35.27848053,-120.66599274,6
10866895:1,35.27737045,-120.66503906,7
10866895:1,35.27605057,-120.66381836,8
10866895:1,35.27605057,-120.66381836,9
10866895:1,35.27587128,-120.66365814,10
10866895:1,35.27339123,-120.66787166,11
10866895:1,35.27219009,-120.66980743,12
10866895:1,35.27114105,-120.67002106,13
10866895:1,35.27109909,-120.67002869,14
10866895:1,35.26951981,-120.67030334,15
10866895:1,35.26720810,-120.67043304,16
10866895:1,35.26720810,-120.67043304,17
10866895:1,35.26406860,-120.67048645,18
10866895:1,35.26367950,-120.67041779,19
10866895:1,35.26354980,-120.67070007,20
10866895:1,35.25975037,-120.67304230,21
10866895:1,35.25872040,-120.67350769,22
10866895:1,35.25669861,-120.67417908,23
10866895:1,35.25650024,-120.67373657,24
10866895:1,35.25616074,-120.67286682,25
10866895:1,35.25616074,-120.67286682,26
10866895:1,35.25497055,-120.66979218,27
10866895:1,35.25461960,-120.66899872,28
10866895:1,35.25407028,-120.66931915,29
10866895:1,35.25407028,-120.66931915,30
10866895:1,35.25149155,-120.67086029,31
10866895:1,35.25149155,-120.67086029,32
10866895:1,35.24858093,-120.67259979,33
10866895:1,35.24843979,-120.67269135,34
10866895:1,35.24848200,-120.67279800,35
10866895:1,35.24428177,-120.67519379,36
10866895:1,35.24424362,-120.67520142,37
10866895:1,35.24201965,-120.67668152,38
10866895:1,35.24238968,-120.67784119,39
10866895:1,35.24242783,-120.67816162,40
10866895:1,35.24242020,-120.67825317,41
10866895:1,35.24243164,-120.67839813,42
10866895:1,35.24243164,-120.67839813,43
10866895:1,35.24246979,-120.67932129,44
10866895:1,35.24256897,-120.68006134,45
10866895:1,35.24277878,-120.68064880,46
10866895:1,35.24317169,-120.68129730,47
10866895:1,35.24351120,-120.68161011,48
10866895:1,35.24398041,-120.68186951,49
10866895:1,35.24700928,-120.68321991,50
10866895:1,35.24706044,-120.68306834,51
10866895:1,35.24705887,-120.68325043,52
10866895:1,35.24768066,-120.68356323,53
10866895:1,35.24837875,-120.68399811,54
10866895:1,35.24929810,-120.68469238,55
10866895:1,35.25040817,-120.68566132,56
10866895:1,35.25064850,-120.68576813,57
10866895:1,35.25064850,-120.68576813,58
10866895:1,35.25342941,-120.68820190,59
10866895:1,35.25540161,-120.68981171,60
10866895:1,35.25664902,-120.69071960,61
10866895:1,35.25677109,-120.69090271,62
10866895:1,35.25777817,-120.69172668,63
10866895:1,35.25794983,-120.69185638,64
10866895:1,35.25794983,-120.69185638,65
10866895:1,35.25825882,-120.69214630,66
10866895:1,35.25962830,-120.69380188,67
10866895:1,35.25968933,-120.69386292,68
10866895:1,35.25968933,-120.69386292,69
10866895:1,35.26094055,-120.69535828,70
10866895:1,35.26237106,-120.69705963,71
10866895:1,35.26237106,-120.69705963,72
10866895:1,35.26340866,-120.69828033,73
10866895:1,35.26351929,-120.69833374,74
10866895:1,35.26182938,-120.70049286,75
10866895:1,35.26174164,-120.70063019,76
10866895:1,35.26174164,-120.70063019,77
10866895:1,35.26165009,-120.70076752,78
10866895:1,35.26203918,-120.70118713,79
10866895:1,35.26272964,-120.70162964,80
10866895:1,35.26308060,-120.70195770,81
10866895:1,35.26308060,-120.70195770,82
10866895:1,35.26316833,-120.70205688,83
10866895:1,35.26369858,-120.70149994,84
10866895:1,35.26470184,-120.70017242,85
10866895:1,35.26463393,-120.70015960,86
10866895:1,35.26480103,-120.70004272,87
10866895:1,35.26343918,-120.69843292,88
10866895:1,35.26340866,-120.69828033,89
10866895:1,35.26195908,-120.69657135,90
10866895:1,35.26171875,-120.69628906,91
10866895:1,35.26171875,-120.69628906,92
10866895:1,35.26007843,-120.69432068,93
10866895:1,35.26007843,-120.69432068,94
10866895:1,35.25825882,-120.69214630,95
10866895:1,35.25769043,-120.69165039,96
10866895:1,35.25769043,-120.69165039,97
10866895:1,35.25677109,-120.69090271,98
10866895:1,35.25659180,-120.69082642,99
10866895:1,35.25947189,-120.68405914,100
10866895:1,35.25947189,-120.68405914,101
10866895:1,35.26124954,-120.68004608,102
10866895:1,35.26085663,-120.67949677,103
10866895:1,35.26071930,-120.67920685,104
10866895:1,35.26155090,-120.67820740,105
10866895:1,35.26155090,-120.67820740,106
10866895:1,35.26195908,-120.67774963,107
10866895:1,35.26242828,-120.67839050,108
10866895:1,35.26388931,-120.67646027,109
10866895:1,35.26388931,-120.67646027,110
10866895:1,35.26451111,-120.67559814,111
10866895:1,35.26467896,-120.67548370,112
10866895:1,35.26795959,-120.67092896,113
10866895:1,35.26824951,-120.67040253,114
10866895:1,35.26988983,-120.67024994,115
10866895:1,35.27040863,-120.67015076,116
10866895:1,35.27040863,-120.67015076,117
10866895:1,35.27056122,-120.67012787,118
10866895:1,35.27474976,-120.66935730,119
10866895:1,35.27508163,-120.66883087,120
10866895:1,35.27508163,-120.66883087,121
10866895:1,35.27576065,-120.66773987,122
10866895:1,35.27777863,-120.66436768,123
10866895:1,35.27777863,-120.66436768,124
10866895:1,35.27845001,-120.66329956,125
10866895:1,35.27920914,-120.66200256,126
10866895:1,35.27920914,-120.66200256,127
10866895:1,35.28036880,-120.66010284,128
10866895:1,35.28047943,-120.65991211,129
10866895:1,35.28047943,-120.65991211,130
10866895:1,35.28118896,-120.65873718,131
10866895:1,35.28176880,-120.65924072,132
10866895:1,35.28176880,-120.65924072,133
10866895:1,35.28348923,-120.66075134,134
10866895:1,35.28429031,-120.66145325,135
10866895:1,35.28348160,-120.66286469,136
10866895:1,35.28295135,-120.66239166,137
10866895:1,35.28292800,-120.66243000,138
10866826:1,35.28292800,-120.66243000,0
10866826:1,35.28295135,-120.66239166,1
10866826:1,35.28266907,-120.66213989,2
10866826:1,35.28142166,-120.66423035,3
10866826:1,35.27973938,-120.66715240,4
10866826:1,35.27864838,-120.66615295,5
10866826:1,35.27864838,-120.66615295,6
10866826:1,35.27737045,-120.66503906,7
10866826:1,35.27777863,-120.66436768,8
10866826:1,35.27777863,-120.66436768,9
10866826:1,35.27811813,-120.66380310,10
10866826:1,35.27505875,-120.66104126,11
10866826:1,35.27468109,-120.66071320,12
10866826:1,35.27468109,-120.66071320,13
10866826:1,35.27175903,-120.65811920,14
10866826:1,35.27009964,-120.65679932,15
10866826:1,35.27000046,-120.65682220,16
10866826:1,35.26903152,-120.65606689,17
10866826:1,35.26903152,-120.65606689,18
10866826:1,35.26805115,-120.65528107,19
10866826:1,35.26799011,-120.65522003,20
10866826:1,35.26797104,-120.65512085,21
10866826:1,35.26676941,-120.65415192,22
10866826:1,35.26676941,-120.65415192,23
10866826:1,35.26493835,-120.65270996,24
10866826:1,35.26287842,-120.65115356,25
10866826:1,35.26282120,-120.65110779,26
10866826:1,35.26282120,-120.65110779,27
10866826:1,35.26147842,-120.65013123,28
10866826:1,35.26123810,-120.65001678,29
10866826:1,35.26129913,-120.64704895,30
10866826:1,35.26129913,-120.64704895,31
10866826:1,35.26124954,-120.64613342,32
10866826:1,35.26126099,-120.64452362,33
10866826:1,35.26137924,-120.64328766,34
10866826:1,35.26137924,-120.64317322,35
10866826:1,35.26137924,-120.64312744,36
10866826:1,35.26144028,-120.63780975,37
10866826:1,35.26144028,-120.63630676,38
10866826:1,35.26144028,-120.63630676,39
10866826:1,35.26144028,-120.63584137,40
10866826:1,35.26390076,-120.63580322,41
10866826:1,35.26390076,-120.63580322,42
10866826:1,35.26494980,-120.63578033,43
10866826:1,35.26491165,-120.63806915,44
10866826:1,35.26491165,-120.63861084,45
10866826:1,35.26491165,-120.63861084,46
10866826:1,35.26490021,-120.63957214,47
10866826:1,35.26499176,-120.64005280,48
10866826:1,35.26507950,-120.64025116,49
10866826:1,35.26507950,-120.64025116,50
10866826:1,35.26528168,-120.64064789,51
10866826:1,35.26618958,-120.63996124,52
10866826:1,35.26618958,-120.63996124,53
10866826:1,35.26684189,-120.63948822,54
10866826:1,35.26705170,-120.64018250,55
10866826:1,35.26705170,-120.64018250,56
10866826:1,35.26707077,-120.64026642,57
10866826:1,35.26779175,-120.64298248,58
10866826:1,35.26789856,-120.64324951,59
10866826:1,35.26810837,-120.64359283,60
10866826:1,35.26831818,-120.64380646,61
10866826:1,35.26953125,-120.64488983,62
10866826:1,35.26971054,-120.64502716,63
10866826:1,35.26971054,-120.64502716,64
10866826:1,35.27070999,-120.64588165,65
10866826:1,35.27236938,-120.64742279,66
10866826:1,35.27283859,-120.64779663,67
10866826:1,35.27283859,-120.64779663,68
10866826:1,35.27317047,-120.64810181,69
10866826:1,35.27429962,-120.64629364,70
10866826:1,35.27466965,-120.64662170,71
10866826:1,35.27466965,-120.64662170,72
10866826:1,35.27817154,-120.64974976,73
10866826:1,35.27859879,-120.65012360,74
10866826:1,35.27862930,-120.65014648,75
10866826:1,35.28036118,-120.65168762,76
10866826:1,35.28044891,-120.65199280,77
10866826:1,35.28054810,-120.65325928,78
10866826:1,35.28057098,-120.65335846,79
10866826:1,35.28065872,-120.65352631,80
10866826:1,35.28285980,-120.65579224,81
10866826:1,35.28285980,-120.65579224,82
10866826:1,35.28429031,-120.65721130,83
10866826:1,35.28350830,-120.65836334,84
10866826:1,35.28350830,-120.65836334,85
10866826:1,35.28258896,-120.65995026,86
10866826:1,35.28430176,-120.66143799,87
10866826:1,35.28348923,-120.66287231,88
10866826:1,35.28295135,-120.66239166,89
10866826:1,35.28292800,-120.66243000,90
11096761:2,35.26244275,-120.69695950,0
11096761:2,35.26237106,-120.69705963,1
11096761:2,35.26340866,-120.69828033,2
11096761:2,35.26351929,-120.69833374,3
11096761:2,35.26520157,-120.70030975,4
11096761:2,35.26520157,-120.70030975,5
11096761:2,35.26725006,-120.70275116,6
11096761:2,35.26729965,-120.70290375,7
11096761:2,35.26739883,-120.70301819,8
11096761:2,35.26739883,-120.70301819,9
11096761:2,35.26842117,-120.70419312,10
11096761:2,35.27384949,-120.70899200,11
11096761:2,35.27384949,-120.70899200,12
11096761:2,35.27576065,-120.71067047,13
11096761:2,35.27661133,-120.71161652,14
11096761:2,35.28131104,-120.70877838,15
11096761:2,35.28203964,-120.70796204,16
11096761:2,35.28271103,-120.70649719,17
11096761:2,35.28271103,-120.70649719,18
11096761:2,35.28424072,-120.70310211,19
11096761:2,35.28638077,-120.70023346,20
11096761:2,35.28807068,-120.69609070,21
11096761:2,35.28992844,-120.69219208,22
11096761:2,35.29129028,-120.69017792,23
11096761:2,35.29206085,-120.68859100,24
11096761:2,35.29370880,-120.68672943,25
11096761:2,35.29397964,-120.68631744,26
11096761:2,35.29415131,-120.68553162,27
11096761:2,35.29415131,-120.68208313,28
11096761:2,35.29415131,-120.68208313,29
11096761:2,35.29415131,-120.67800140,30
11096761:2,35.29288864,-120.67801666,31
11096761:2,35.29288864,-120.67785645,32
11096761:2,35.29288864,-120.67785645,33
11096761:2,35.29290009,-120.67485809,34
11096761:2,35.29280090,-120.67436218,35
11096761:2,35.29277039,-120.67402649,36
11096761:2,35.29277039,-120.67402649,37
11096761:2,35.29278183,-120.67172241,38
11096761:2,35.29410172,-120.67167664,39
11096761:2,35.29407120,-120.66989899,40
11096761:2,35.29407120,-120.66989899,41
11096761:2,35.29405975,-120.66805267,42
11096761:2,35.29328918,-120.66770935,43
11096761:2,35.29312897,-120.66766357,44
11096761:2,35.29312897,-120.66766357,45
11096761:2,35.29061127,-120.66693115,46
11096761:2,35.29005814,-120.66658020,47
11096761:2,35.29005814,-120.66658020,48
11096761:2,35.28971863,-120.66629028,49
11096761:2,35.28966904,-120.66616821,50
11096761:2,35.28591156,-120.66285706,51
11096761:2,35.28427505,-120.66141510,52
11096761:2,35.28351593,-120.66283417,53
11096761:2,35.28306961,-120.66249084,54
11096761:2,35.28295135,-120.66239166,55
11096761:2,35.28292800,-120.66243000,56
11096761:1,35.28292800,-120.66243000,0
11096761:1,35.28295135,-120.66239166,1
11096761:1,35.28268051,-120.66213989,2
11096761:1,35.28348923,-120.66075134,3
11096761:1,35.28908920,-120.66568756,4
11096761:1,35.28939056,-120.66593933,5
11096761:1,35.28939056,-120.66593933,6
11096761:1,35.29037094,-120.66667938,7
11096761:1,35.29151154,-120.66705322,8
11096761:1,35.29151154,-120.66705322,9
11096761:1,35.29339981,-120.66757202,10
11096761:1,35.29405975,-120.66783905,11
11096761:1,35.29407120,-120.67018127,12
11096761:1,35.29407120,-120.67018127,13
11096761:1,35.29407120,-120.67047119,14
11096761:1,35.29410934,-120.67372131,15
11096761:1,35.29410934,-120.67372131,16
11096761:1,35.29412079,-120.67669678,17
11096761:1,35.29412842,-120.67701721,18
11096761:1,35.29412842,-120.67701721,19
11096761:1,35.29415131,-120.68350983,20
11096761:1,35.29442978,-120.68351746,21
11096761:1,35.29442978,-120.68351746,22
11096761:1,35.29415131,-120.68350983,23
11096761:1,35.29415131,-120.68443298,24
11096761:1,35.29415131,-120.68443298,25
11096761:1,35.29413986,-120.68567657,26
11096761:1,35.29397964,-120.68631744,27
11096761:1,35.29370880,-120.68672943,28
11096761:1,35.29206085,-120.68859100,29
11096761:1,35.29129028,-120.69017792,30
11096761:1,35.28992844,-120.69219208,31
11096761:1,35.28807068,-120.69609070,32
11096761:1,35.28638077,-120.70023346,33
11096761:1,35.28424072,-120.70310211,34
11096761:1,35.28271103,-120.70648956,35
11096761:1,35.28271103,-120.70648956,36
11096761:1,35.28203964,-120.70796204,37
11096761:1,35.28131104,-120.70877838,38
11096761:1,35.27661133,-120.71161652,39
11096761:1,35.27576065,-120.71067047,40
11096761:1,35.27384949,-120.70899200,41
11096761:1,35.27384949,-120.70899200,42
11096761:1,35.26842117,-120.70419312,43
11096761:1,35.26729965,-120.70290375,44
11096761:1,35.26716995,-120.70285034,45
11096761:1,35.26697922,-120.70262909,46
11096761:1,35.26697922,-120.70262909,47
11096761:1,35.26480103,-120.70004272,48
11096761:1,35.26467896,-120.70021057,49
11096761:1,35.26467896,-120.70021057,50
11096761:1,35.26480103,-120.70004272,51
11096761:1,35.26343918,-120.69843292,52
11096761:1,35.26340866,-120.69828033,53
11096761:1,35.26237106,-120.69705963,54
11096761:1,35.26244275,-120.69695950,55
10867637:1,35.28292800,-120.66243000,0
10867637:1,35.28295135,-120.66239166,1
10867637:1,35.28264999,-120.66218567,2
10867637:1,35.28349304,-120.66075134,3
10867637:1,35.28258896,-120.65995026,4
10867637:1,35.28332138,-120.65866852,5
10867637:1,35.28332138,-120.65866852,6
10867637:1,35.28591919,-120.65482330,7
10867637:1,35.28591919,-120.65482330,8
10867637:1,35.28659058,-120.65384674,9
10867637:1,35.28718185,-120.65321350,10
10867637:1,35.28718185,-120.65321350,11
10867637:1,35.28863144,-120.65164948,12
10867637:1,35.28937912,-120.65232849,13
10867637:1,35.28937912,-120.65232849,14
10867637:1,35.29026031,-120.65308380,15
10867637:1,35.29126915,-120.65304381,16
10867637:1,35.29127121,-120.65310669,17
10867637:1,35.29407120,-120.65308380,18
10867637:1,35.29407120,-120.65308380,19
10867637:1,35.29623032,-120.65306091,20
10867637:1,35.29700089,-120.65331268,21
10867637:1,35.29727936,-120.65357971,22
10867637:1,35.29933167,-120.65653229,23
10867637:1,35.30017090,-120.65718079,24
10867637:1,35.30031967,-120.65753174,25
10867637:1,35.30031967,-120.65753174,26
10867637:1,35.30044174,-120.65808105,27
10867637:1,35.30110931,-120.65802002,28
10867637:1,35.30136108,-120.65805054,29
10867637:1,35.30152893,-120.65814972,30
10867637:1,35.30247116,-120.65886688,31
10867637:1,35.30266953,-120.65917969,32
10867637:1,35.30282974,-120.65956879,33
10867637:1,35.30287933,-120.65988922,34
10867637:1,35.30284119,-120.66043854,35
10867637:1,35.30228043,-120.66349030,36
10867637:1,35.30226898,-120.66356659,37
10867637:1,35.30226898,-120.66356659,38
10867637:1,35.30170059,-120.66638947,39
10867637:1,35.30221939,-120.66638947,40
10867637:1,35.30271912,-120.66655731,41
10867637:1,35.30260086,-120.66687012,42
10867637:1,35.30247116,-120.66755676,43
10867637:1,35.30247116,-120.66755676,44
10867637:1,35.30231857,-120.66813660,45
10867637:1,35.30197144,-120.66870117,46
10867637:1,35.30054092,-120.67008972,47
10867637:1,35.29975891,-120.67073059,48
10867637:1,35.29928970,-120.67099762,49
10867637:1,35.29895020,-120.67147064,50
10867637:1,35.29888916,-120.67170715,51
10867637:1,35.29885101,-120.67263794,52
10867637:1,35.29880142,-120.67288208,53
10867637:1,35.29813004,-120.67453766,54
10867637:1,35.29804993,-120.67494965,55
10867637:1,35.29804993,-120.67549896,56
10867637:1,35.29821014,-120.67639160,57
10867637:1,35.29822922,-120.67774963,58
10867637:1,35.29822922,-120.67774963,59
10867637:1,35.29822922,-120.67839813,60
10867637:1,35.29827118,-120.68070221,61
10867637:1,35.29827118,-120.68070221,62
10867637:1,35.29825974,-120.68350983,63
10867637:1,35.29790900,-120.68356300,64
10867637:1,35.29790878,-120.68350983,65
10867637:1,35.29443112,-120.68356991,66
10867637:1,35.29415131,-120.68350983,67
10867637:1,35.29415131,-120.68208313,68
10867637:1,35.29415131,-120.68208313,69
10867637:1,35.29415131,-120.67800140,70
10867637:1,35.29288864,-120.67801666,71
10867637:1,35.29288864,-120.67785645,72
10867637:1,35.29288864,-120.67785645,73
10867637:1,35.29290009,-120.67485809,74
10867637:1,35.29280090,-120.67436218,75
10867637:1,35.29277039,-120.67402649,76
10867637:1,35.29277039,-120.67402649,77
10867637:1,35.29278183,-120.67172241,78
10867637:1,35.29410172,-120.67167664,79
10867637:1,35.29407120,-120.66989899,80
10867637:1,35.29407120,-120.66989899,81
10867637:1,35.29405975,-120.66805267,82
10867637:1,35.29328918,-120.66770935,83
10867637:1,35.29312897,-120.66766357,84
10867637:1,35.29312897,-120.66766357,85
10867637:1,35.29061127,-120.66693115,86
10867637:1,35.29005814,-120.66658020,87
10867637:1,35.29005814,-120.66658020,88
10867637:1,35.28971863,-120.66629028,89
10867637:1,35.28966904,-120.66616821,90
10867637:1,35.28591156,-120.66285706,91
10867637:1,35.28434753,-120.66148376,92
10867637:1,35.28347015,-120.66284180,93
10867637:1,35.28306961,-120.66249084,94
10867637:1,35.28295135,-120.66239166,95
10867637:1,35.28292800,-120.66243000,96
11108697:1,35.28292800,-120.66243000,0
11108697:1,35.28295135,-120.66239166,1
11108697:1,35.28348923,-120.66287231,2
11108697:1,35.28266144,-120.66213989,3
11108697:1,35.28350449,-120.66073608,4
11108697:1,35.28118896,-120.65873718,5
11108697:1,35.28239822,-120.65676117,6
11108697:1,35.28239822,-120.65676117,7
11108697:1,35.28298187,-120.65590668,8
11108697:1,35.28065872,-120.65352631,9
11108697:1,35.28057098,-120.65335846,10
11108697:1,35.28052139,-120.65306091,11
11108697:1,35.28044891,-120.65199280,12
11108697:1,35.28078842,-120.65199280,13
11108697:1,35.28096008,-120.65218353,14
11108697:1,35.28134155,-120.65242767,15
11108697:1,35.28231049,-120.65258789,16
11108697:1,35.28273010,-120.65277100,17
11108697:1,35.28300858,-120.65299988,18
11108697:1,35.28309962,-120.65293468,19
11108697:1,35.28305817,-120.65303040,20
11108697:1,35.28313828,-120.65308380,21
11108697:1,35.28347015,-120.65310669,22
11108697:1,35.28459167,-120.65261841,23
11108697:1,35.28466034,-120.65303802,24
11108697:1,35.28475189,-120.65328979,25
11108697:1,35.28298187,-120.65590668,26
11108697:1,35.28429031,-120.65721130,27
11108697:1,35.28350830,-120.65836334,28
11108697:1,35.28350830,-120.65836334,29
11108697:1,35.28258896,-120.65995026,30
11108697:1,35.28430176,-120.66143799,31
11108697:1,35.28348923,-120.66287231,32
11108697:1,35.28295135,-120.66239166,33
11108697:1,35.28292800,-120.66243000,34
10867636:1,35.28292800,-120.66243000,0
10867636:1,35.28295135,-120.66239166,1
10867636:1,35.28306961,-120.66249084,2
10867636:1,35.28436279,-120.66352081,3
10867636:1,35.28513718,-120.66220093,4
10867636:1,35.28591156,-120.66285706,5
10867636:1,35.28908920,-120.66568756,6
10867636:1,35.28939056,-120.66593933,7
10867636:1,35.28939056,-120.66593933,8
10867636:1,35.29037094,-120.66667938,9
10867636:1,35.29151154,-120.66705322,10
10867636:1,35.29151154,-120.66705322,11
10867636:1,35.29339981,-120.66757202,12
10867636:1,35.29405975,-120.66783905,13
10867636:1,35.29407120,-120.67018127,14
10867636:1,35.29407120,-120.67018127,15
10867636:1,35.29407120,-120.67047119,16
10867636:1,35.29410934,-120.67372131,17
10867636:1,35.29410934,-120.67372131,18
10867636:1,35.29412079,-120.67669678,19
10867636:1,35.29412842,-120.67701721,20
10867636:1,35.29412842,-120.67705536,21
10867636:1,35.29413605,-120.67751312,22
10867636:1,35.29415131,-120.67803192,23
10867636:1,35.29288483,-120.67803192,24
10867636:1,35.29288483,-120.67786407,25
10867636:1,35.29288483,-120.67784882,26
10867636:1,35.29287338,-120.67592621,27
10867636:1,35.29289246,-120.67496490,28
10867636:1,35.29280472,-120.67446899,29
10867636:1,35.29275131,-120.67405701,30
10867636:1,35.29275513,-120.67404938,31
10867636:1,35.29277420,-120.67172241,32
10867636:1,35.29411316,-120.67166138,33
10867636:1,35.29419906,-120.68276525,34
10867636:1,35.29417419,-120.68280029,35
10867636:1,35.29416275,-120.68349457,36
10867636:1,35.29454041,-120.68351746,37
10867636:1,35.29825974,-120.68350983,38
10867636:1,35.29827118,-120.68000031,39
10867636:1,35.29822922,-120.67778778,40
10867636:1,35.29822922,-120.67778778,41
10867636:1,35.29821014,-120.67639160,42
10867636:1,35.29804993,-120.67549896,43
10867636:1,35.29804993,-120.67494965,44
10867636:1,35.29813004,-120.67453766,45
10867636:1,35.29880142,-120.67288208,46
10867636:1,35.29885101,-120.67263794,47
10867636:1,35.29888916,-120.67170715,48
10867636:1,35.29895020,-120.67147064,49
10867636:1,35.29928970,-120.67099762,50
10867636:1,35.29975891,-120.67073059,51
10867636:1,35.30054092,-120.67008972,52
10867636:1,35.30197144,-120.66870117,53
10867636:1,35.30221176,-120.66837311,54
10867636:1,35.30242157,-120.66780853,55
10867636:1,35.30260086,-120.66687012,56
10867636:1,35.30271912,-120.66655731,57
10867636:1,35.30221939,-120.66638947,58
10867636:1,35.30170059,-120.66638947,59
10867636:1,35.30210876,-120.66449738,60
10867636:1,35.30229652,-120.66325622,61
10867636:1,35.30284119,-120.66043854,62
10867636:1,35.30287933,-120.65988922,63
10867636:1,35.30284119,-120.65960693,64
10867636:1,35.30276871,-120.65940094,65
10867636:1,35.30266953,-120.65917969,66
10867636:1,35.30247116,-120.65886688,67
10867636:1,35.30184174,-120.65834808,68
10867636:1,35.30136108,-120.65805054,69
10867636:1,35.30089188,-120.65801239,70
10867636:1,35.30044174,-120.65808105,71
10867636:1,35.30036926,-120.65773010,72
10867636:1,35.30036926,-120.65773010,73
10867636:1,35.30033875,-120.65756989,74
10867636:1,35.30017090,-120.65718079,75
10867636:1,35.29933167,-120.65653229,76
10867636:1,35.29727936,-120.65357971,77
10867636:1,35.29700089,-120.65331268,78
10867636:1,35.29648972,-120.65312958,79
10867636:1,35.29600143,-120.65322876,80
10867636:1,35.29431152,-120.65322113,81
10867636:1,35.29431152,-120.65322113,82
10867636:1,35.29109955,-120.65325928,83
10867636:1,35.29109955,-120.65325928,84
10867636:1,35.29040909,-120.65323639,85
10867636:1,35.29021835,-120.65316772,86
10867636:1,35.28921890,-120.65232849,87
10867636:1,35.28921890,-120.65232849,88
10867636:1,35.28852844,-120.65174866,89
10867636:1,35.28726959,-120.65309906,90
10867636:1,35.28726959,-120.65309906,91
10867636:1,35.28659058,-120.65384674,92
10867636:1,35.28591919,-120.65482330,93
10867636:1,35.28591919,-120.65482330,94
10867636:1,35.28569031,-120.65515137,95
10867636:1,35.28350830,-120.65836334,96
10867636:1,35.28350830,-120.65836334,97
10867636:1,35.28258896,-120.65995026,98
10867636:1,35.28348923,-120.66075134,99
10867636:1,35.28268051,-120.66213989,100
10867636:1,35.28295135,-120.66239166,101
10867636:1,35.28292800,-120.66243000,102
trolley:1,35.29058460,-120.64957023,0
trolley:1,35.29051971,-120.64949036,1
trolley:1,35.29007721,-120.65001678,2
trolley:1,35.28925705,-120.65097046,3
trolley:1,35.28925323,-120.65096283,4
trolley:1,35.28916931,-120.65106964,5
trolley:1,35.28726959,-120.65309906,6
trolley:1,35.28726959,-120.65309906,7
trolley:1,35.28659058,-120.65384674,8
trolley:1,35.28591919,-120.65482330,9
trolley:1,35.28591919,-120.65482330,10
trolley:1,35.28569031,-120.65515137,11
trolley:1,35.28350830,-120.65836334,12
trolley:1,35.28350830,-120.65836334,13
trolley:1,35.28339005,-120.65854645,14
trolley:1,35.28170013,-120.66149902,15
trolley:1,35.28170013,-120.66149902,16
trolley:1,35.28054047,-120.66345215,17
trolley:1,35.27989960,-120.66288757,18
trolley:1,35.27883911,-120.66461182,19
trolley:1,35.27883911,-120.66461182,20
trolley:1,35.27816010,-120.66573334,21
trolley:1,35.27772141,-120.66533661,22
trolley:1,35.27772141,-120.66533661,23
trolley:1,35.27737045,-120.66503906,24
trolley:1,35.27777863,-120.66436768,25
trolley:1,35.27777863,-120.66436768,26
trolley:1,35.27845001,-120.66329956,27
trolley:1,35.27920914,-120.66200256,28
trolley:1,35.27920914,-120.66200256,29
trolley:1,35.28118896,-120.65873718,30
trolley:1,35.28258896,-120.65995026,31
trolley:1,35.28332138,-120.65866852,32
trolley:1,35.28332138,-120.65866852,33
trolley:1,35.28580093,-120.65499115,34
trolley:1,35.28580475,-120.65498352,35
trolley:1,35.28659058,-120.65384674,36
trolley:1,35.28718185,-120.65321350,37
trolley:1,35.28718185,-120.65321350,38
trolley:1,35.28876114,-120.65151978,39
trolley:1,35.28876114,-120.65151978,40
trolley:1,35.28916931,-120.65106964,41
trolley:1,35.29008865,-120.65001678,42
trolley:1,35.29008484,-120.65000153,43
trolley:1,35.29024506,-120.64981842,44
trolley:1,35.29033279,-120.64970398,45
trolley:1,35.29055023,-120.64991760,46
trolley:1,35.29072952,-120.64994812,47
trolley:1,35.29071426,-120.64964294,48
trolley:1,35.29079056,-120.64952087,49
trolley:1,35.29065323,-120.64935303,50
trolley:1,35.29051590,-120.64949036,51
trolley:1,35.29058460,-120.64957023,52
trolley:2,35.29058460,-120.64957023,0
trolley:2,35.29051971,-120.64949036,1
trolley:2,35.29007721,-120.65001678,2
trolley:2,35.28925705,-120.65097046,3
trolley:2,35.28925323,-120.65096283,4
trolley:2,35.28916931,-120.65106964,5
trolley:2,35.28726959,-120.65309906,6
trolley:2,35.28726959,-120.65309906,7
trolley:2,35.28659058,-120.65384674,8
trolley:2,35.28591919,-120.65482330,9
trolley:2,35.28591919,-120.65482330,10
trolley:2,35.28569031,-120.65515137,11
trolley:2,35.28350830,-120.65836334,12
trolley:2,35.28350830,-120.65836334,13
trolley:2,35.28339005,-120.65854645,14
trolley:2,35.28170013,-120.66149902,15
trolley:2,35.28170013,-120.66149902,16
trolley:2,35.28054047,-120.66345215,17
trolley:2,35.28142166,-120.66423035,18
trolley:2,35.27973938,-120.66715240,19
trolley:2,35.27864838,-120.66615295,20
trolley:2,35.27864838,-120.66615295,21
trolley:2,35.27848053,-120.66599274,22
trolley:2,35.27772141,-120.66533661,23
trolley:2,35.27772141,-120.66533661,24
trolley:2,35.27737045,-120.66503906,25
trolley:2,35.27777863,-120.66436768,26
trolley:2,35.27777863,-120.66436768,27
trolley:2,35.27845001,-120.66329956,28
trolley:2,35.27920914,-120.66200256,29
trolley:2,35.27920914,-120.66200256,30
trolley:2,35.28118896,-120.65873718,31
trolley:2,35.28258896,-120.65995026,32
trolley:2,35.28332138,-120.65866852,33
trolley:2,35.28332138,-120.65866852,34
trolley:2,35.28580093,-120.65499115,35
trolley:2,35.28580475,-120.65498352,36
trolley:2,35.28659058,-120.65384674,37
trolley:2,35.28718185,-120.65321350,38
trolley:2,35.28718185,-120.65321350,39
trolley:2,35.28876114,-120.65151978,40
trolley:2,35.28876114,-120.65151978,41
trolley:2,35.28916931,-120.65106964,42
trolley:2,35.29008865,-120.65001678,43
trolley:2,35.29008484,-120.65000153,44
trolley:2,35.29024506,-120.64981842,45
trolley:2,35.29033279,-120.64970398,46
trolley:2,35.29055023,-120.64991760,47
trolley:2,35.29072952,-120.64994812,48
trolley:2,35.29071426,-120.64964294,49
trolley:2,35.29079056,-120.64952087,50
trolley:2,35.29065323,-120.64935303,51
trolley:2,35.29051590,-120.64949036,52
trolley:2,35.29058460,-120.64957023,53
10866897:1,35.28292800,-120.66243000,0
10866897:1,35.28295135,-120.66239166,1
10866897:1,35.28179169,-120.66136169,2
10866897:1,35.28258896,-120.65995026,3
10866897:1,35.28105164,-120.65859985,4
10866897:1,35.28094864,-120.65852356,5
10866897:1,35.28094864,-120.65852356,6
10866897:1,35.27973175,-120.65743256,7
10866897:1,35.27973175,-120.65743256,8
10866897:1,35.27965927,-120.65735626,9
10866897:1,35.27885056,-120.65872192,10
10866897:1,35.27650833,-120.65663910,11
10866897:1,35.27528209,-120.65638040,12
10866897:1,35.27431870,-120.65614319,13
10866897:1,35.27256012,-120.65615845,14
10866897:1,35.27256012,-120.65615845,15
10866897:1,35.27246857,-120.65615845,16
10866897:1,35.27056885,-120.65632629,17
10866897:1,35.26995087,-120.65647125,18
10866897:1,35.26977158,-120.65661621,19
10866897:1,35.26956940,-120.65705872,20
10866897:1,35.26956177,-120.65873718,21
10866897:1,35.26950836,-120.65904236,22
10866897:1,35.26950836,-120.65904236,23
10866897:1,35.26950836,-120.65939331,24
10866897:1,35.26951981,-120.66058350,25
10866897:1,35.26956940,-120.66076660,26
10866897:1,35.26956940,-120.66149902,27
10866897:1,35.26956940,-120.66149902,28
10866897:1,35.26955032,-120.66468811,29
10866897:1,35.26950836,-120.66480255,30
10866897:1,35.26950836,-120.66902924,31
10866897:1,35.26951981,-120.66915131,32
10866897:1,35.26952744,-120.66915894,33
10866897:1,35.26951981,-120.66925812,34
10866897:1,35.26951981,-120.67030334,35
10866897:1,35.26858902,-120.67037201,36
10866897:1,35.26795959,-120.67092896,37
10866897:1,35.26467896,-120.67548370,38
10866897:1,35.26422882,-120.67623138,39
10866897:1,35.26422501,-120.67623138,40
10866897:1,35.26136017,-120.68015289,41
10866897:1,35.26095963,-120.67964172,42
10866897:1,35.26071167,-120.67919159,43
10866897:1,35.26155090,-120.67820740,44
10866897:1,35.26155090,-120.67820740,45
10866897:1,35.26195908,-120.67774963,46
10866897:1,35.26256180,-120.67852783,47
10866897:1,35.26137161,-120.68013763,48
10866897:1,35.26097870,-120.68061829,49
10866897:1,35.25963974,-120.68363953,50
10866897:1,35.25946045,-120.68406677,51
10866897:1,35.25946045,-120.68406677,52
10866897:1,35.25664902,-120.69071960,53
10866897:1,35.25677109,-120.69090271,54
10866897:1,35.25794983,-120.69185638,55
10866897:1,35.25794983,-120.69185638,56
10866897:1,35.25825882,-120.69214630,57
10866897:1,35.25962830,-120.69380188,58
10866897:1,35.25968933,-120.69386292,59
10866897:1,35.25968933,-120.69386292,60
10866897:1,35.26094055,-120.69535828,61
10866897:1,35.26237106,-120.69705963,62
10866897:1,35.26237106,-120.69705963,63
10866897:1,35.26340866,-120.69828033,64
10866897:1,35.26351929,-120.69833374,65
10866897:1,35.26520157,-120.70030975,66
10866897:1,35.26520157,-120.70030975,67
10866897:1,35.26725006,-120.70275116,68
10866897:1,35.26729965,-120.70290375,69
10866897:1,35.26739883,-120.70301819,70
10866897:1,35.26739883,-120.70301819,71
10866897:1,35.26842117,-120.70419312,72
10866897:1,35.27386093,-120.70899963,73
10866897:1,35.27386093,-120.70899963,74
10866897:1,35.27576065,-120.71067047,75
10866897:1,35.27661133,-120.71161652,76
10866897:1,35.28131104,-120.70877838,77
10866897:1,35.28203964,-120.70796204,78
10866897:1,35.28271103,-120.70649719,79
10866897:1,35.28271103,-120.70649719,80
10866897:1,35.28424072,-120.70310211,81
10866897:1,35.28638077,-120.70023346,82
10866897:1,35.28807068,-120.69609070,83
10866897:1,35.28992844,-120.69219208,84
10866897:1,35.29129028,-120.69017792,85
10866897:1,35.29206085,-120.68859100,86
10866897:1,35.29370880,-120.68672943,87
10866897:1,35.29397964,-120.68631744,88
10866897:1,35.29415131,-120.68553162,89
10866897:1,35.29415131,-120.68208313,90
10866897:1,35.29415131,-120.68208313,91
10866897:1,35.29415131,-120.67800140,92
10866897:1,35.29288864,-120.67801666,93
10866897:1,35.29288864,-120.67785645,94
10866897:1,35.29288864,-120.67785645,95
10866897:1,35.29290009,-120.67485809,96
10866897:1,35.29280090,-120.67436218,97
10866897:1,35.29277039,-120.67402649,98
10866897:1,35.29277039,-120.67402649,99
10866897:1,35.29278183,-120.67172241,100
10866897:1,35.29410172,-120.67167664,101
10866897:1,35.29407120,-120.66989899,102
10866897:1,35.29407120,-120.66989899,103
10866897:1,35.29404068,-120.66681671,104
10866897:1,35.29415894,-120.66622162,105
10866897:1,35.29415894,-120.66622162,106
10866897:1,35.29499817,-120.66381836,107
10866897:1,35.29610825,-120.66474152,108
10866897:1,35.29653931,-120.66502380,109
10866897:1,35.29674911,-120.66514587,110
10866897:1,35.29853821,-120.66570282,111
10866897:1,35.29999161,-120.66607666,112
10866897:1,35.30134964,-120.66638184,113
10866897:1,35.30221939,-120.66638947,114
10866897:1,35.30271912,-120.66655731,115
10866897:1,35.30310822,-120.66516876,116
10866897:1,35.30366898,-120.66446686,117
10866897:1,35.30395126,-120.66349030,118
10866897:1,35.30234909,-120.66304779,119
10866897:1,35.30229652,-120.66325622,120
10866897:1,35.30210876,-120.66449738,121
10866897:1,35.30170059,-120.66638947,122
10866897:1,35.30089951,-120.66631317,123
10866897:1,35.29999924,-120.66612244,124
10866897:1,35.29653931,-120.66502380,125
10866897:1,35.29558945,-120.66432953,126
10866897:1,35.29251862,-120.66162872,127
10866897:1,35.29244995,-120.66162872,128
10866897:1,35.29209137,-120.66132355,129
10866897:1,35.29209137,-120.66132355,130
10866897:1,35.29005051,-120.65959167,131
10866897:1,35.28966141,-120.65908051,132
10866897:1,35.28955841,-120.65889740,133
10866897:1,35.28947067,-120.65865326,134
10866897:1,35.28940964,-120.65862274,135
10866897:1,35.28921127,-120.65812683,136
10866897:1,35.29066086,-120.65795898,137
10866897:1,35.29106903,-120.65760803,138
10866897:1,35.29143143,-120.65686798,139
10866897:1,35.29164124,-120.65621185,140
10866897:1,35.29169083,-120.65538025,141
10866897:1,35.29164886,-120.65444946,142
10866897:1,35.29156113,-120.65390778,143
10866897:1,35.29138947,-120.65326691,144
10866897:1,35.29109955,-120.65325928,145
10866897:1,35.29108047,-120.65325928,146
10866897:1,35.29040909,-120.65323639,147
10866897:1,35.29021835,-120.65316772,148
10866897:1,35.28953934,-120.65261078,149
10866897:1,35.28924942,-120.65312195,150
10866897:1,35.28924942,-120.65312195,151
10866897:1,35.28684998,-120.65715027,152
10866897:1,35.28684998,-120.65715027,153
10866897:1,35.28675079,-120.65730286,154
10866897:1,35.28773880,-120.65821838,155
10866897:1,35.28776169,-120.65870667,156
10866897:1,35.28776169,-120.65870667,157
10866897:1,35.28776169,-120.65933228,158
10866897:1,35.28672028,-120.65939331,159
10866897:1,35.28593063,-120.65870667,160
10866897:1,35.28584133,-120.65893248,161
10866897:1,35.28438950,-120.66130066,162
10866897:1,35.28438950,-120.66130066,163
10866897:1,35.28348923,-120.66287231,164
10866897:1,35.28295135,-120.66239166,165
10866897:1,35.28292800,-120.66243000,166
11162259:1,35.29268600,-120.67404900,0
11162259:1,35.29275131,-120.67397308,1
11162259:1,35.29274750,-120.67166138,2
11162259:1,35.29417038,-120.67168427,3
11162259:1,35.29420900,-120.67372100,4
11162259:1,35.29418564,-120.67374420,5
11162259:1,35.29418945,-120.67700958,6
11162259:1,35.29420900,-120.67701700,7
11162259:1,35.29412842,-120.67701721,8
11162259:1,35.29415131,-120.68276978,9
11162259:1,35.29419906,-120.68276525,10
11162259:1,35.29417038,-120.68351746,11
11162259:1,35.29825974,-120.68351746,12
11162259:1,35.29820633,-120.67781067,13
11162259:1,35.29819099,-120.67779243,14
11162259:1,35.29821396,-120.67687225,15
11162259:1,35.29819489,-120.67624664,16
11162259:1,35.29805756,-120.67560577,17
11162259:1,35.29801559,-120.67504120,18
11162259:1,35.29819489,-120.67433929,19
11162259:1,35.29878235,-120.67290497,20
11162259:1,35.29884338,-120.67254639,21
11162259:1,35.29886627,-120.67215729,22
11162259:1,35.29886627,-120.67187500,23
11162259:1,35.29888153,-120.67161560,24
11162259:1,35.29890823,-120.67150879,25
11162259:1,35.29895020,-120.67140961,26
11162259:1,35.29903412,-120.67119598,27
11162259:1,35.29923630,-120.67095947,28
11162259:1,35.29942703,-120.67082977,29
11162259:1,35.29967117,-120.67073059,30
11162259:1,35.30047607,-120.67010498,31
11162259:1,35.30183792,-120.66882324,32
11162259:1,35.30211639,-120.66852570,33
11162259:1,35.30231476,-120.66814423,34
11162259:1,35.30245209,-120.66772461,35
11162259:1,35.30257034,-120.66697693,36
11162259:1,35.30269241,-120.66656494,37
11162259:1,35.30225754,-120.66639709,38
11162259:1,35.30170059,-120.66640472,39
11162259:1,35.30207062,-120.66454315,40
11162259:1,35.30229652,-120.66325622,41
11162259:1,35.30234528,-120.66304016,42
11162259:1,35.30395889,-120.66347504,43
11162259:1,35.30384445,-120.66396332,44
11162259:1,35.30372238,-120.66433716,45
11162259:1,35.30360031,-120.66455841,46
11162259:1,35.30350494,-120.66469574,47
11162259:1,35.30332184,-120.66488647,48
11162259:1,35.30311584,-120.66513824,49
11162259:1,35.30302048,-120.66539001,50
11162259:1,35.30295944,-120.66574097,51
11162259:1,35.30270767,-120.66655731,52
11162259:1,35.30228806,-120.66640472,53
11162259:1,35.30111694,-120.66638184,54
11162259:1,35.29997253,-120.66619110,55
11162259:1,35.29906082,-120.66589355,56
11162259:1,35.29714584,-120.66536713,57
11162259:1,35.29640961,-120.66506195,58
11162259:1,35.29538727,-120.66421509,59
11162259:1,35.29504776,-120.66396332,60
11162259:1,35.29489136,-120.66427612,61
11162259:1,35.29421234,-120.66613770,62
11162259:1,35.29406738,-120.66673279,63
11162259:1,35.29413223,-120.67014313,64
11162259:1,35.29418312,-120.67018008,65
11162259:1,35.29413986,-120.67797852,66
11162259:1,35.29281616,-120.67799377,67
11162259:1,35.29281985,-120.67785412,68
11162259:1,35.29287720,-120.67788696,69
11162259:1,35.29286575,-120.67559052,70
11162259:1,35.29288483,-120.67485809,71
11162259:1,35.29274368,-120.67407227,72
11162259:1,35.29268600,-120.67404900,73
11162259:2,35.29268600,-120.67404900,0
11162259:2,35.29275131,-120.67397308,1
11162259:2,35.29274750,-120.67166138,2
11162259:2,35.29417038,-120.67168427,3
11162259:2,35.29420900,-120.67372100,4
11162259:2,35.29418564,-120.67374420,5
11162259:2,35.29418945,-120.67700958,6
11162259:2,35.29420900,-120.67701700,7
11162259:2,35.29412842,-120.67701721,8
11162259:2,35.29415131,-120.68276978,9
11162259:2,35.29419906,-120.68276525,10
11162259:2,35.29417038,-120.68351746,11
11162259:2,35.29825974,-120.68351746,12
11162259:2,35.29820633,-120.67781067,13
11162259:2,35.29819099,-120.67779243,14
11162259:2,35.29821396,-120.67687225,15
11162259:2,35.29819489,-120.67624664,16
11162259:2,35.29805756,-120.67560577,17
11162259:2,35.29801559,-120.67504120,18
11162259:2,35.29819489,-120.67433929,19
11162259:2,35.29878235,-120.67290497,20
11162259:2,35.29884338,-120.67254639,21
11162259:2,35.29886627,-120.67215729,22
11162259:2,35.29886627,-120.67187500,23
11162259:2,35.29888153,-120.67161560,24
11162259:2,35.29890823,-120.67150879,25
11162259:2,35.29895020,-120.67140961,26
11162259:2,35.29903412,-120.67119598,27
11162259:2,35.29923630,-120.67095947,28
11162259:2,35.29942703,-120.67082977,29
11162259:2,35.29967117,-120.67073059,30
11162259:2,35.30047607,-120.67010498,31
11162259:2,35.30183792,-120.66882324,32
11162259:2,35.30211639,-120.66852570,33
11162259:2,35.30231476,-120.66814423,34
11162259:2,35.30245209,-120.66772461,35
11162259:2,35.30257034,-120.66697693,36
11162259:2,35.30269241,-120.66656494,37
11162259:2,35.30225754,-120.66639709,38
11162259:2,35.30170059,-120.66640472,39
11162259:2,35.30207062,-120.66454315,40
11162259:2,35.30229652,-120.66325622,41
