service_id,date,exception_type
10806628,20170529,2
10806628,20170704,2
10806628,20170904,2
10806628,20171123,2
10806628,20171124,2
10806628,20171222,2
10806628,20171225,2
10806628,20171226,2
10806628,20171227,2
10806628,20180101,2
10806628,20180115,2
10806628,20180219,2
10806628,20180528,2
10806628,20180704,2
10806628,20180903,2
10785079,20180115,1
10785079,20180528,1
10785079,20180704,1
10785079,20180903,1
10785079,20181123,1
10785079,20180120,2
10785079,20180121,2
10785079,20180127,2
10785079,20180128,2
10785079,20180203,2
10785079,20180204,2
10785079,20180210,2
10785079,20180211,2
10785079,20180217,2
10785079,20180218,2
10785079,20180224,2
10785079,20180225,2
10785079,20180303,2
10785079,20180304,2
10785079,20180310,2
10785079,20180311,2
10785079,20180317,2
10785079,20180318,2
10785079,20180324,2
10785079,20180325,2
10785079,20180331,2
10785079,20180401,2
10785079,20180407,2
10785079,20180408,2
10785079,20180414,2
10785079,20180415,2
10785079,20180421,2
10785079,20180422,2
10785079,20180428,2
10785079,20180429,2
10785079,20180505,2
10785079,20180506,2
10785079,20180512,2
10785079,20180513,2
10785079,20180519,2
10785079,20180520,2
10785079,20180526,2
10785079,20180527,2
10785079,20180602,2
10785079,20180603,2
10785079,20180609,2
10785079,20180610,2
10785079,20180922,2
10785079,20180923,2
10785079,20180929,2
10785079,20180930,2
10785079,20181006,2
10785079,20181007,2
10785079,20181013,2
10785079,20181014,2
10785079,20181020,2
10785079,20181021,2
10785079,20181027,2
10785079,20181028,2
10785079,20181103,2
10785079,20181104,2
10785079,20181110,2
10785079,20181111,2
10785079,20181117,2
10785079,20181118,2
7,20171127,2
7,20171128,2
7,20171129,2
7,20171130,2
7,20171201,2
7,20171204,2
7,20171205,2
7,20171206,2
7,20171207,2
7,20171208,2
7,20171211,2
7,20171212,2
7,20171213,2
7,20171214,2
7,20171215,2
7,20171222,2
7,20171225,2
7,20180101,2
7,20180103,2
7,20180104,2
7,20180105,2
7,20180108,2
7,20180109,2
7,20180110,2
7,20180111,2
7,20180112,2
7,20180115,2
7,20180116,2
7,20180117,2
7,20180118,2
7,20180119,2
7,20180122,2
7,20180123,2
7,20180124,2
7,20180125,2
7,20180126,2
7,20180129,2
7,20180130,2
7,20180131,2
7,20180201,2
7,20180202,2
7,20180205,2
7,20180206,2
7,20180207,2
7,20180208,2
7,20180209,2
7,20180212,2
7,20180213,2
7,20180214,2
7,20180215,2
7,20180216,2
11059168,20171123,2
11059168,20171124,2
11059168,20171222,2
11059168,20171225,2
11059168,20180101,2
11059168,20180115,2
11059168,20180219,2
11059168,20180528,2
11059168,20180704,2
11,20170529,1
10808205,20171124,2
10808205,20171222,2
10808205,20171225,2
10808205,20180101,2
10808205,20180115,2
10808205,20180219,2
10808205,20180528,2
"+11+10806628~10785079",20170415,1
"+11+10806628~10785079",20170416,1
"+11+10806628~10785079",20170422,1
"+11+10806628~10785079",20170423,1
"+11+10806628~10785079",20170429,1
"+11+10806628~10785079",20170430,1
"+11+10806628~10785079",20170506,1
"+11+10806628~10785079",20170507,1
"+11+10806628~10785079",20170513,1
"+11+10806628~10785079",20170514,1
"+11+10806628~10785079",20170520,1
"+11+10806628~10785079",20170521,1
"+11+10806628~10785079",20170527,1
"+11+10806628~10785079",20170528,1
"+11+10806628~10785079",20170603,1
"+11+10806628~10785079",20170604,1
"+11+10806628~10785079",20170610,1
"+11+10806628~10785079",20170611,1
"+11+10806628~10785079",20170617,1
"+11+10806628~10785079",20170618,1
"+11+10806628~10785079",20170704,2
"+11+10806628~10785079",20170904,2
"+11+10806628~10785079",20171123,2
"+11+10806628~10785079",20171124,2
"+11+10806628~10785079",20171222,2
"+11+10806628~10785079",20171225,2
"+11+10806628~10785079",20171226,2
"+11+10806628~10785079",20171227,2
"+11+10806628~10785079",20180101,2
"+11+10806628~10785079",20180115,2
"+11+10806628~10785079",20180219,2
"+11+10806628~10785079",20180528,2
"+11+10806628~10785079",20180704,2
"+11+10806628~10785079",20180903,2
"+11+10806628",20170415,1
"+11+10806628",20170416,1
"+11+10806628",20170422,1
"+11+10806628",20170423,1
"+11+10806628",20170429,1
"+11+10806628",20170430,1
"+11+10806628",20170506,1
"+11+10806628",20170507,1
"+11+10806628",20170513,1
"+11+10806628",20170514,1
"+11+10806628",20170520,1
"+11+10806628",20170521,1
"+11+10806628",20170527,1
"+11+10806628",20170528,1
"+11+10806628",20170603,1
"+11+10806628",20170604,1
"+11+10806628",20170610,1
"+11+10806628",20170611,1
"+11+10806628",20170617,1
"+11+10806628",20170618,1
"+11+10806628",20170704,2
"+11+10806628",20170904,2
"+11+10806628",20171123,2
"+11+10806628",20171124,2
"+11+10806628",20171222,2
"+11+10806628",20171225,2
"+11+10806628",20171226,2
"+11+10806628",20171227,2
"+11+10806628",20180101,2
"+11+10806628",20180115,2
"+11+10806628",20180219,2
"+11+10806628",20180528,2
"+11+10806628",20180704,2
"+11+10806628",20180903,2
"+11+10785079~10806628",20170529,1
"+11+10785079~10806628",20180115,1
"+11+10785079~10806628",20180528,1
"+11+10785079~10806628",20180704,1
"+11+10785079~10806628",20180903,1
"+11+10785079~10806628",20181123,1
"+11+10785079~10806628",20170624,2
"+11+10785079~10806628",20170625,2
"+11+10785079~10806628",20170701,2
"+11+10785079~10806628",20170702,2
"+11+10785079~10806628",20170708,2
"+11+10785079~10806628",20170709,2
"+11+10785079~10806628",20170715,2
"+11+10785079~10806628",20170716,2
"+11+10785079~10806628",20170722,2
"+11+10785079~10806628",20170723,2
"+11+10785079~10806628",20170729,2
"+11+10785079~10806628",20170730,2
"+11+10785079~10806628",20170805,2
"+11+10785079~10806628",20170806,2
"+11+10785079~10806628",20170812,2
"+11+10785079~10806628",20170813,2
"+11+10785079~10806628",20170819,2
"+11+10785079~10806628",20170820,2
"+11+10785079~10806628",20170826,2
"+11+10785079~10806628",20170827,2
"+11+10785079~10806628",20170902,2
"+11+10785079~10806628",20170903,2
"+11+10785079~10806628",20170909,2
"+11+10785079~10806628",20170910,2
"+11+10785079~10806628",20170916,2
"+11+10785079~10806628",20170917,2
"+11+10785079~10806628",20170923,2
"+11+10785079~10806628",20170924,2
"+11+10785079~10806628",20170930,2
"+11+10785079~10806628",20171001,2
"+11+10785079~10806628",20171007,2
"+11+10785079~10806628",20171008,2
"+11+10785079~10806628",20171014,2
"+11+10785079~10806628",20171015,2
"+11+10785079~10806628",20171021,2
"+11+10785079~10806628",20171022,2
"+11+10785079~10806628",20171028,2
"+11+10785079~10806628",20171029,2
"+11+10785079~10806628",20171104,2
"+11+10785079~10806628",20171105,2
"+11+10785079~10806628",20171111,2
"+11+10785079~10806628",20171112,2
"+11+10785079~10806628",20171118,2
"+11+10785079~10806628",20171119,2
"+11+10785079~10806628",20171125,2
"+11+10785079~10806628",20171126,2
"+11+10785079~10806628",20171202,2
"+11+10785079~10806628",20171203,2
"+11+10785079~10806628",20171209,2
"+11+10785079~10806628",20171210,2
"+11+10785079~10806628",20171216,2
"+11+10785079~10806628",20171217,2
"+11+10785079~10806628",20171223,2
"+11+10785079~10806628",20171224,2
"+11+10785079~10806628",20171230,2
"+11+10785079~10806628",20171231,2
"+11+10785079~10806628",20180106,2
"+11+10785079~10806628",20180107,2
"+11+10785079~10806628",20180113,2
"+11+10785079~10806628",20180114,2
"+11+10785079~10806628",20180120,2
"+11+10785079~10806628",20180121,2
"+11+10785079~10806628",20180127,2
"+11+10785079~10806628",20180128,2
"+11+10785079~10806628",20180203,2
"+11+10785079~10806628",20180204,2
"+11+10785079~10806628",20180210,2
"+11+10785079~10806628",20180211,2
"+11+10785079~10806628",20180217,2
"+11+10785079~10806628",20180218,2
"+11+10785079~10806628",20180224,2
"+11+10785079~10806628",20180225,2
"+11+10785079~10806628",20180303,2
"+11+10785079~10806628",20180304,2
"+11+10785079~10806628",20180310,2
"+11+10785079~10806628",20180311,2
"+11+10785079~10806628",20180317,2
"+11+10785079~10806628",20180318,2
"+11+10785079~10806628",20180324,2
"+11+10785079~10806628",20180325,2
"+11+10785079~10806628",20180331,2
"+11+10785079~10806628",20180401,2
"+11+10785079~10806628",20180407,2
"+11+10785079~10806628",20180408,2
"+11+10785079~10806628",20180414,2
"+11+10785079~10806628",20180415,2
"+11+10785079~10806628",20180421,2
"+11+10785079~10806628",20180422,2
"+11+10785079~10806628",20180428,2
"+11+10785079~10806628",20180429,2
"+11+10785079~10806628",20180505,2
"+11+10785079~10806628",20180506,2
"+11+10785079~10806628",20180512,2
"+11+10785079~10806628",20180513,2
"+11+10785079~10806628",20180519,2
"+11+10785079~10806628",20180520,2
"+11+10785079~10806628",20180526,2
"+11+10785079~10806628",20180527,2
"+11+10785079~10806628",20180602,2
"+11+10785079~10806628",20180603,2
"+11+10785079~10806628",20180609,2
"+11+10785079~10806628",20180610,2
"+11+10785079~10806628",20180922,2
"+11+10785079~10806628",20180923,2
"+11+10785079~10806628",20180929,2
"+11+10785079~10806628",20180930,2
"+11+10785079~10806628",20181006,2
"+11+10785079~10806628",20181007,2
"+11+10785079~10806628",20181013,2
"+11+10785079~10806628",20181014,2
"+11+10785079~10806628",20181020,2
"+11+10785079~10806628",20181021,2
"+11+10785079~10806628",20181027,2
"+11+10785079~10806628",20181028,2
"+11+10785079~10806628",20181103,2
"+11+10785079~10806628",20181104,2
"+11+10785079~10806628",20181110,2
"+11+10785079~10806628",20181111,2
"+11+10785079~10806628",20181117,2
"+11+10785079~10806628",20181118,2
