shape_id,shape_pt_lat,shape_pt_lon,shape_pt_sequence
1000.1,34.666711910127,-118.1491173326,0
1000.1,34.666711350814,-118.14957295373,1
1000.1,34.66758495109,-118.14973083708,4
1000.1,34.667611975125,-118.1478551656,10
1000.1,34.672461760355,-118.14789373387,27
1000.1,34.674835836133,-118.14789796202,36
1000.1,34.674882502893,-118.15238819411,50
1000.1,34.674895033547,-118.15551469186,59
1000.1,34.678676976849,-118.15687553354,73
1000.1,34.680166302641,-118.15685173727,79
1000.1,34.684826523256,-118.15685721433,96
1000.1,34.686964290827,-118.15685792646,103
1000.1,34.689393320971,-118.15685918889,112
1000.1,34.693872105695,-118.15692420653,129
1000.1,34.696699529052,-118.15694951245,139
1000.1,34.696707472335,-118.16138097308,152
1000.1,34.696706956571,-118.16585234091,166
1000.1,34.696706661397,-118.1720037999,184
1000.1,34.696689341089,-118.18385089564,220
1000.1,34.704017633767,-118.18385714444,246
1000.1,34.704016999709,-118.17496685074,273
1000.1,34.70401586151,-118.165970087,300
1000.1,34.703999917105,-118.16148165743,314
1000.1,34.703967230473,-118.15706306948,327
1000.1,34.70395816372,-118.15339980347,338
1000.1,34.703906960624,-118.14815271566,354
1000.1,34.703915559587,-118.14558080589,361
1000.1,34.703899354806,-118.14302548894,369
1000.1,34.701377366551,-118.14263187339,378
1000.1,34.701110631542,-118.14512673022,386
1000.1,34.703915559587,-118.14558080589,396
1000.1,34.703910752251,-118.13791160388,419
1000.1,34.69835306606,-118.13698412586,440
1000.1,34.698539245266,-118.13512464935,445
1000.1,34.699055440031,-118.13044106799,460
1000.1,34.703951942005,-118.13045874374,477
1000.1,34.704003337312,-118.12601368256,491
1000.1,34.704040821503,-118.12157857736,504
1000.1,34.704119392529,-118.11711025432,517
1000.1,34.704162060131,-118.11266183757,531
1000.1,34.7041790288,-118.10600744388,551
1000.1,34.704172757713,-118.1037183168,558
1000.1,34.704179163376,-118.09933306453,571
1000.1,34.704190937707,-118.09490789142,584
1000.1,34.704285454943,-118.0860443067,611
1000.1,34.704321558486,-118.08149604359,625
1000.1,34.70438212929,-118.07709419686,638
1000.1,34.704436943953,-118.06811741469,665
1000.1,34.704471818523,-118.0592304419,691
1000.1,34.697242425715,-118.05927518795,718
1000.1,34.69715053893,-118.07173445801,755
1000.1,34.697122548771,-118.07706749379,771
1000.1,34.695358491362,-118.07705254881,778
1000.1,34.689873972573,-118.07700753927,798
1000.1,34.689810648116,-118.0814219207,811
1000.1,34.689744415758,-118.08583629255,824
1000.1,34.68962406893,-118.09257590921,844
1000.1,34.689592153414,-118.09477144499,851
1001.1,34.689592153414,-118.09477144499,0
1001.1,34.689744415758,-118.08583629255,26
1001.1,34.689810648116,-118.0814219207,40
1001.1,34.689873972573,-118.07700753927,53
1001.1,34.697122548771,-118.07706749379,79
1001.1,34.69715053893,-118.07173445801,95
1001.1,34.697242425715,-118.05927518795,133
1001.1,34.704471818523,-118.0592304419,159
1001.1,34.704436943953,-118.06811741469,186
1001.1,34.704427083098,-118.07094886837,194
1001.1,34.70438212929,-118.07709419686,213
1001.1,34.704321558486,-118.08149604359,226
1001.1,34.704303501619,-118.08380843856,233
1001.1,34.704190937707,-118.09490789142,266
1001.1,34.704179163376,-118.09933306453,280
1001.1,34.704172757713,-118.1037183168,293
1001.1,34.7041790288,-118.10600744388,300
1001.1,34.704162060131,-118.11266183757,320
1001.1,34.704119392529,-118.11711025432,333
1001.1,34.704040821503,-118.12157857736,346
1001.1,34.704009341663,-118.12552126575,358
1001.1,34.703951942005,-118.13045874374,373
1001.1,34.699055440031,-118.13044106799,391
1001.1,34.698539245266,-118.13512464935,405
1001.1,34.69835306606,-118.13698412586,411
1001.1,34.70192177572,-118.13755229784,424
1001.1,34.701110631542,-118.14512673022,447
1001.1,34.703915559587,-118.14558080589,457
1001.1,34.703906960624,-118.14815271566,465
1001.1,34.70395816372,-118.15339980347,481
1001.1,34.703967230473,-118.15706306948,492
1001.1,34.703999917105,-118.16148165743,505
1001.1,34.70401586151,-118.165970087,518
1001.1,34.704016999709,-118.17496685074,546
1001.1,34.704017633767,-118.18385714444,572
1001.1,34.696689341089,-118.18385089564,599
1001.1,34.696706661397,-118.1720037999,635
1001.1,34.696706956571,-118.16585234091,653
1001.1,34.696699529052,-118.15694951245,680
1001.1,34.69269607096,-118.15691533017,694
1001.1,34.689393320971,-118.15685918889,706
1001.1,34.686964290827,-118.15685792646,715
1001.1,34.684826523256,-118.15685721433,723
1001.1,34.682161179073,-118.15685883194,733
1001.1,34.679199057525,-118.15687319366,743
1001.1,34.674895033547,-118.15551469186,760
1001.1,34.674882502893,-118.15238819411,769
1001.1,34.674835836133,-118.14789796202,783
1001.1,34.672461760355,-118.14789373387,791
1001.1,34.665754503089,-118.14783190471,816
1001.1,34.665771758672,-118.14945153736,820
1001.1,34.666711350814,-118.14957295373,824
1001.1,34.666711910127,-118.1491173326,825
1002.1,34.603607240162,-118.15262306038,0
1002.1,34.60171550337,-118.15142326758,7
1002.1,34.601733789228,-118.14772800365,18
1002.1,34.601720067703,-118.13593759169,54
1002.1,34.601742276153,-118.12550639044,85
1002.1,34.601782215243,-118.12135256351,98
1002.1,34.594487624217,-118.12051785506,124
1002.1,34.590716149726,-118.11923648288,139
1002.1,34.587208484766,-118.11791905351,152
1002.1,34.587277238446,-118.1120482412,170
1002.1,34.583152831962,-118.11198952447,185
1002.1,34.579525797999,-118.11190822765,198
1002.1,34.576522502673,-118.11184106528,209
1002.1,34.572565719682,-118.11176930402,223
1002.1,34.557966848996,-118.11147733115,276
1002.1,34.557957846395,-118.10618971719,292
1002.1,34.557971498076,-118.10310087134,302
1002.1,34.558082520657,-118.0914164555,337
1002.1,34.558065287388,-118.08487003285,357
1002.1,34.558068206507,-118.07632749405,382
1002.1,34.558041452488,-118.07058483762,400
1002.1,34.558089586107,-118.06300220898,422
1002.1,34.558080848389,-118.05849511474,436
1002.1,34.558076339074,-118.05640929667,442
1002.1,34.558054524857,-118.04973334757,462
1002.1,34.558056263906,-118.04528604713,476
1003.1,34.558056263906,-118.04528604713,0
1003.1,34.558054524857,-118.04973334757,13
1003.1,34.558080848389,-118.05849511474,39
1003.1,34.558068782614,-118.06595820463,62
1003.1,34.558041452488,-118.07058483762,76
1003.1,34.558068206507,-118.07632749405,93
1003.1,34.558067937523,-118.0809873639,107
1003.1,34.558065287388,-118.08487003285,119
1003.1,34.558082520657,-118.0914164555,138
1003.1,34.558034260763,-118.10034089835,165
1003.1,34.557966848996,-118.11147733115,199
1003.1,34.572565719682,-118.11176930402,252
1003.1,34.576789036969,-118.11184474594,267
1003.1,34.579525797999,-118.11190822765,277
1003.1,34.583152831962,-118.11198952447,290
1003.1,34.587277238446,-118.1120482412,305
1003.1,34.58724921036,-118.11557008359,316
1003.1,34.587208484766,-118.11791905351,323
1003.1,34.590716149726,-118.11923648288,337
1003.1,34.594487624217,-118.12051785506,351
1003.1,34.601782215243,-118.12135256351,377
1003.1,34.601742276153,-118.12550639044,390
1003.1,34.601720067703,-118.13593759169,421
1003.1,34.601733789228,-118.14772800365,457
1003.1,34.60171550337,-118.15142326758,468
1003.1,34.603607240162,-118.15262306038,476
1022.1,34.04305395419,-118.2536784066,0
1022.1,34.045165710099,-118.25691649944,12
1022.1,34.04585041924,-118.2579749343,16
1022.1,34.047923597532,-118.2612098226,28
1022.1,34.049379992815,-118.25992360863,35
1022.1,34.05083383166,-118.25854160618,42
1022.1,34.052268356596,-118.25718920802,48
1022.1,34.053683589596,-118.25585651263,55
1022.1,34.052998868589,-118.25479469472,59
1022.1,34.054411265002,-118.25349165105,65
1022.1,34.056361533543,-118.24987916761,78
1022.1,34.054337545835,-118.24662787289,91
1022.1,34.052208999381,-118.2434028419,103
1022.1,34.054048009108,-118.24169148431,112
1022.1,34.055402388505,-118.24047387359,118
1022.1,34.05366532083,-118.23791033784,128
1022.1,34.054761998065,-118.2377681953,132
1022.1,34.05395468834,-118.2332529461,146
1022.1,34.055205443468,-118.23300552635,151
1022.1,34.055365836653,-118.23247774707,152
1022.1,34.056617129576,-118.23194968881,157
1022.1,34.058540897098,-118.24024848579,183
1022.1,34.073125860037,-118.21893230957,267
1022.1,34.102561232228,-118.24996768254,409
1022.1,34.207955638294,-118.21888888755,804
1022.1,34.316523073242,-118.49045356443,1715
1022.1,34.335753225534,-118.5077024756,1802
1022.1,34.580053455128,-118.13107162507,3244
1022.1,34.579682210891,-118.12074223751,3275
1022.1,34.590716149726,-118.11923648288,3316
1022.1,34.594472293351,-118.12211278521,3332
1022.1,34.594374068697,-118.13447018553,3369
1022.1,34.660281362894,-118.15193242113,3615
1022.1,34.660322164216,-118.14780893382,3627
1022.1,34.667611975125,-118.1478551656,3653
1022.1,34.666711910127,-118.1491173326,3658
1023.1,34.666711910127,-118.1491173326,0
1023.1,34.667611975125,-118.1478551656,5
1023.1,34.660322164216,-118.14780893382,31
1023.1,34.660270750025,-118.15381793259,49
1023.1,34.601745501467,-118.14252071223,265
1023.1,34.601712941535,-118.12988952453,303
1023.1,34.594392900539,-118.12978504721,329
1023.1,34.594472293351,-118.12211278521,353
1023.1,34.590716149726,-118.11923648288,369
1023.1,34.579489563371,-118.11825361602,410
1023.1,34.581339082977,-118.13391089022,457
1023.1,34.333969691282,-118.50839386114,1901
1023.1,34.316523073242,-118.49045356443,1985
1023.1,34.207955638294,-118.21888888755,2895
1023.1,34.102561232228,-118.24996768254,3290
1023.1,34.074930137422,-118.21952151867,3427
1023.1,34.072008674333,-118.22427213219,3445
1023.1,34.058540897098,-118.24024848579,3513
1023.1,34.058248280798,-118.23954111877,3516
1023.1,34.054895154121,-118.24266124019,3531
1023.1,34.053928832094,-118.24356631048,3536
1023.1,34.052945989513,-118.24448451689,3540
1023.1,34.054337545835,-118.24662787289,3548
1023.1,34.056361533543,-118.24987916761,3561
1023.1,34.054411265002,-118.25349165105,3574
1023.1,34.051578193671,-118.25610757288,3587
1023.1,34.04869267308,-118.25880898548,3600
1023.1,34.047290412124,-118.25663252705,3608
1023.1,34.046638532547,-118.2556369056,3612
1023.1,34.048059480035,-118.25419205277,3619
1023.1,34.045947589013,-118.25098362589,3631
1023.1,34.045260070743,-118.24992523882,3636
1023.1,34.051003108105,-118.24455476813,3662
1023.1,34.055402388505,-118.24047387359,3682
1023.1,34.05366532083,-118.23791033784,3692
1023.1,34.054500848537,-118.23782027518,3695
1023.1,34.05395468834,-118.2332529461,3709
1023.1,34.055205443468,-118.23300552635,3714
1024.1,34.090709004414,-118.34412188571,0
1024.1,34.083440959877,-118.34409198078,26
1024.1,34.076175589965,-118.34408850999,52
1024.1,34.062232903901,-118.34408068721,103
1024.1,34.062411752699,-118.35257339884,129
1024.1,34.062976313827,-118.36144751248,156
1024.1,34.06339883976,-118.3653156781,168
1024.1,34.06410561871,-118.37143364375,186
1024.1,34.06519537973,-118.37624262226,201
1024.1,34.067040454068,-118.38370658377,225
1024.1,34.067052896253,-118.38669815228,234
1024.1,34.067056882338,-118.3897326072,243
1024.1,34.067067035023,-118.39757794667,267
1024.1,34.067072191723,-118.40100533464,277
1024.1,34.067084693585,-118.41037286476,306
1024.1,34.063143856377,-118.41610516106,328
1024.1,34.060343828368,-118.41368764874,341
1024.1,34.058659825901,-118.41595739902,350
1024.1,34.061406684185,-118.41863880661,363
1024.1,34.057564957572,-118.4242057532,385
1024.1,34.049860701279,-118.43708105116,433
1024.1,34.058788308577,-118.44393223021,471
1024.1,34.058364742099,-118.44553123637,477
1024.1,34.065641080473,-118.44777562028,504
1024.1,34.06855204123,-118.44899971885,515
1024.1,34.070345805065,-118.45503554867,534
1024.1,34.067291253802,-118.46126614361,556
1024.1,34.077608702452,-118.46933776609,601
1024.1,34.291139736735,-118.4677944064,1378
1024.1,34.336018251072,-118.50806515811,1582
1024.1,34.580053455128,-118.13107162507,3024
1024.1,34.579489563371,-118.11825361602,3063
1024.1,34.587168536135,-118.11943406844,3091
1024.1,34.590716149726,-118.11923648288,3104
1024.1,34.594472293351,-118.12211278521,3120
1024.1,34.594487624217,-118.12051785506,3125
1024.1,34.660506666548,-118.13065321367,3367
1024.1,34.660322164216,-118.14780893382,3419
1024.1,34.666713472782,-118.14783693743,3442
1024.1,34.666711910127,-118.1491173326,3446
1025.1,34.666711910127,-118.1491173326,0
1025.1,34.666713472782,-118.14783693743,3
1025.1,34.660322164216,-118.14780893382,27
1025.1,34.660506666548,-118.13065321367,78
1025.1,34.594487624217,-118.12051785506,320
1025.1,34.594472293351,-118.12211278521,325
1025.1,34.590716149726,-118.11923648288,341
1025.1,34.587168536135,-118.11943406844,354
1025.1,34.579489563371,-118.11825361602,382
1025.1,34.581339082977,-118.13391089022,430
1025.1,34.336018251072,-118.50806515811,1869
1025.1,34.317912961233,-118.49126651412,1952
1025.1,34.291139736735,-118.4677944064,2072
1025.1,34.160033290138,-118.46963876429,2549
1025.1,34.07320535152,-118.46823986185,2865
1025.1,34.072356428274,-118.46748553072,2869
1025.1,34.073007297995,-118.46616170994,2874
1025.1,34.067291253802,-118.46126614361,2899
1025.1,34.070345805065,-118.45503554867,2921
1025.1,34.06855204123,-118.44899971885,2941
1025.1,34.065641080473,-118.44777562028,2952
1025.1,34.06362775883,-118.44827991852,2959
1025.1,34.063685208955,-118.44537797542,2968
1025.1,34.062563948472,-118.44541162651,2972
1025.1,34.058788308577,-118.44393223021,2987
1025.1,34.049860701279,-118.43708105116,3025
1025.1,34.061406684185,-118.41863880661,3095
1025.1,34.058659825901,-118.41595739902,3108
1025.1,34.060343828368,-118.41368764874,3117
1025.1,34.063143856377,-118.41610516106,3130
1025.1,34.067084693585,-118.41037286476,3152
1025.1,34.067071951904,-118.40024920028,3183
1025.1,34.067069602002,-118.39596003221,3196
1025.1,34.067056882338,-118.3897326072,3215
1025.1,34.067052896253,-118.38669815228,3224
1025.1,34.067040454068,-118.38370658377,3233
1025.1,34.06519537973,-118.37624262226,3257
1025.1,34.064194468176,-118.37202835767,3270
1025.1,34.062976313827,-118.36144751248,3302
1025.1,34.062411752699,-118.35257339884,3329
1025.1,34.062232903901,-118.34408068721,3355
1025.1,34.064906646551,-118.34405866679,3365
1025.1,34.076175589965,-118.34408850999,3406
1025.1,34.083440959877,-118.34409198078,3432
1025.1,34.090709004414,-118.34412188571,3459
1026.1,34.168822143845,-118.53611748633,0
1026.1,34.172676104524,-118.55349587199,54
1026.1,34.170954316754,-118.57097993755,107
1026.1,34.166442318972,-118.58590145014,155
1026.1,34.166400376557,-118.58831442449,162
1026.1,34.173311700794,-118.58824737932,188
1026.1,34.173287371705,-118.58985728851,193
1026.1,34.17329366615,-118.59474377978,207
1026.1,34.173285684988,-118.59747788537,216
1026.1,34.179248577156,-118.59749408185,237
1026.1,34.182851111574,-118.59749009093,250
1026.1,34.184604234866,-118.59749932397,257
1026.1,34.188335802485,-118.59751940303,270
1026.1,34.188350484633,-118.5928603431,284
1026.1,34.188341653757,-118.58847888137,298
1026.1,34.193777031097,-118.58847749381,317
1026.1,34.200973679654,-118.58850505242,344
1026.1,34.208296792354,-118.58852027701,370
1026.1,34.21993131241,-118.58854935342,413
1026.1,34.235454171645,-118.58856945762,469
1026.1,34.242722294942,-118.58859092416,496
1026.1,34.242726020717,-118.57984891762,522
1026.1,34.242728459285,-118.5712458783,548
1026.1,34.242737058327,-118.56236824832,575
1026.1,34.242747194142,-118.55361305908,601
1026.1,34.24275447195,-118.53612576533,654
1026.1,34.240940833569,-118.5361306613,661
1026.1,34.240935327076,-118.53177295061,674
1026.1,34.240940833569,-118.5361306613,687
1026.1,34.24275447195,-118.53612576533,694
1026.1,34.257255129028,-118.53613286771,746
1026.1,34.274961966809,-118.53627973802,811
1026.1,34.266102711144,-118.47229105697,1007
1026.1,34.291139736735,-118.4677944064,1099
1026.1,34.333969691282,-118.50839386114,1297
1026.1,34.580053455128,-118.13107162507,2745
1026.1,34.579489563371,-118.11825361602,2784
1026.1,34.590716149726,-118.11923648288,2825
1026.1,34.594472293351,-118.12211278521,2841
1026.1,34.594392900539,-118.12978504721,2864
1026.1,34.601712941535,-118.12988952453,2891
1026.1,34.601745501467,-118.14252071223,2929
1026.1,34.660281362894,-118.15193242113,3143
1026.1,34.660322164216,-118.14780893382,3156
1026.1,34.666713472782,-118.14783693743,3179
1026.1,34.666711910127,-118.1491173326,3183
1027.1,34.666711910127,-118.1491173326,0
1027.1,34.666713472782,-118.14783693743,3
1027.1,34.660322164216,-118.14780893382,27
1027.1,34.660270750025,-118.15381793259,45
1027.1,34.604739876287,-118.14773667007,248
1027.1,34.601733789228,-118.14772800365,259
1027.1,34.601712941535,-118.12988952453,312
1027.1,34.594392900539,-118.12978504721,339
1027.1,34.594457471376,-118.12318603331,359
1027.1,34.590716149726,-118.11923648288,377
1027.1,34.579489563371,-118.11825361602,418
1027.1,34.581339082977,-118.13391089022,465
1027.1,34.336018251072,-118.50806515811,1904
1027.1,34.317912961233,-118.49126651412,1987
1027.1,34.291139736735,-118.4677944064,2107
1027.1,34.266102711144,-118.47229105697,2200
1027.1,34.274961966809,-118.53627973802,2396
1027.1,34.257255129028,-118.53613286771,2460
1027.1,34.240940833569,-118.5361306613,2519
1027.1,34.240935327076,-118.53177295061,2533
1027.1,34.240940833569,-118.5361306613,2546
1027.1,34.24275447195,-118.53612576533,2552
1027.1,34.242747194142,-118.55361305908,2605
1027.1,34.242737058327,-118.56236824832,2632
1027.1,34.242728459285,-118.5712458783,2658
1027.1,34.242726020717,-118.57984891762,2684
1027.1,34.242722294942,-118.58859092416,2711
1027.1,34.235454171645,-118.58856945762,2737
1027.1,34.21993131241,-118.58854935342,2794
1027.1,34.208296792354,-118.58852027701,2836
1027.1,34.200973679654,-118.58850505242,2863
1027.1,34.193777031097,-118.58847749381,2889
1027.1,34.188341653757,-118.58847888137,2909
1027.1,34.188350484633,-118.5928603431,2922
1027.1,34.188335802485,-118.59751940303,2936
1027.1,34.184604234866,-118.59749932397,2950
1027.1,34.182851111574,-118.59749009093,2956
1027.1,34.179248577156,-118.59749408185,2969
1027.1,34.173285684988,-118.59747788537,2991
1027.1,34.17329366615,-118.59474377978,2999
1027.1,34.173287371705,-118.58985728851,3014
1027.1,34.173311700794,-118.58824737932,3019
1027.1,34.166400376557,-118.58831442449,3044
1027.1,34.166442318972,-118.58590145014,3051
1027.1,34.170954316754,-118.57097993755,3099
1027.1,34.172676104524,-118.55349587199,3153
1027.1,34.168822143845,-118.53611748633,3207
1080.1,34.666711910127,-118.1491173326,0
1080.1,34.666713472782,-118.14783693743,3
1080.1,34.660322164216,-118.14780893382,27
1080.1,34.653018603075,-118.14776601086,53
1080.1,34.653015710524,-118.1432936649,67
1080.1,34.653045730713,-118.14111906106,73
1080.1,34.649630068382,-118.1412595594,86
1080.1,34.645805204764,-118.14120983197,100
1080.1,34.645809764052,-118.1372266434,112
1080.1,34.645849737817,-118.12829610047,138
1080.1,34.660506666548,-118.13065321367,192
1080.1,34.660321858377,-118.12343669183,214
1080.1,34.665472295845,-118.12770118945,237
1080.1,34.669421007286,-118.13015173658,253
1080.1,34.669470718453,-118.12466421397,269
1080.1,34.669473111791,-118.12230621229,276
1080.1,34.671316855499,-118.12232223128,283
1080.1,34.671316110871,-118.12574789921,293
1080.1,34.671300460362,-118.13017796339,307
1080.1,34.674963228549,-118.13019700942,320
1080.1,34.67496365412,-118.12719692332,329
1080.1,34.674964164009,-118.12131648825,347
1080.1,34.674949295088,-118.11685625014,360
1080.1,34.674953466347,-118.1124293,373
1080.1,34.674985413738,-118.10748352374,388
1080.1,34.675030034146,-118.10355885393,400
1080.1,34.675064767095,-118.09465175814,427
1080.1,34.682285877485,-118.09470655826,453
1080.1,34.685962373757,-118.09473736361,467
1080.1,34.689592153414,-118.09477144499,480
1080.1,34.693216458928,-118.09477558218,493
1080.1,34.696879192355,-118.09482966734,506
1080.1,34.696830279484,-118.10098107444,525
1080.1,34.696781188233,-118.10380888961,533
1080.1,34.696814490462,-118.10660686514,542
1080.1,34.69678705379,-118.11266180996,560
1080.1,34.696768647665,-118.11759559486,575
1080.1,34.696759262322,-118.12155460611,587
1080.1,34.696749284166,-118.12596274877,600
1080.1,34.696662130514,-118.13044396139,613
1080.1,34.699055440031,-118.13044106799,622
1080.1,34.698539245266,-118.13512464935,636
1080.1,34.69835306606,-118.13698412586,642
1081.1,34.69835306606,-118.13698412586,0
1081.1,34.70192177572,-118.13755229784,13
1081.1,34.701110631542,-118.14512673022,36
1081.1,34.703915559587,-118.14558080589,46
1081.1,34.703910752251,-118.13791160388,69
1081.1,34.69835306606,-118.13698412586,89
1081.1,34.698539245266,-118.13512464935,95
1081.1,34.699055440031,-118.13044106799,109
1081.1,34.696662130514,-118.13044396139,118
1081.1,34.696749284166,-118.12596274877,131
1081.1,34.696759262322,-118.12155460611,145
1081.1,34.696768647665,-118.11759559486,156
1081.1,34.69678705379,-118.11266180996,171
1081.1,34.696814490462,-118.10660686514,190
1081.1,34.696781188233,-118.10380888961,198
1081.1,34.696879192355,-118.09482966734,225
1081.1,34.693216458928,-118.09477558218,238
1081.1,34.689592153414,-118.09477144499,251
1081.1,34.685962373757,-118.09473736361,265
1081.1,34.682285877485,-118.09470655826,278
1081.1,34.675064767095,-118.09465175814,304
1081.1,34.675063506753,-118.09625823466,309
1081.1,34.675061231834,-118.09909201921,318
1081.1,34.675030034146,-118.10355885393,331
1081.1,34.674979112668,-118.10839152405,346
1081.1,34.674953466347,-118.1124293,358
1081.1,34.674949295088,-118.11685625014,371
1081.1,34.674964164009,-118.12131648825,384
1081.1,34.67496365412,-118.12719692332,402
1081.1,34.674963228549,-118.13019700942,411
1081.1,34.671300460362,-118.13017796339,425
1081.1,34.669421007286,-118.13015173658,431
1081.1,34.669470718453,-118.12466421397,448
1081.1,34.669473111791,-118.12230621229,455
1081.1,34.671316855499,-118.12232223128,462
1081.1,34.671316110871,-118.12574789921,472
1081.1,34.671300460362,-118.13017796339,485
1081.1,34.665472295845,-118.12770118945,508
1081.1,34.660321858377,-118.12343669183,530
1081.1,34.660506666548,-118.13065321367,552
1081.1,34.6531026546,-118.12946778499,579
1081.1,34.645849737817,-118.12829610047,606
1081.1,34.645809764052,-118.1372266434,633
1081.1,34.645805204764,-118.14120983197,645
1081.1,34.649630068382,-118.1412595594,659
1081.1,34.653045730713,-118.14111906106,671
1081.1,34.653018603075,-118.14776601086,691
1081.1,34.656703363964,-118.14778254211,705
1081.1,34.660322164216,-118.14780893382,718
1081.1,34.666713472782,-118.14783693743,741
1081.1,34.666711910127,-118.1491173326,745
1634.1,34.603607240162,-118.15262306038,0
1634.1,34.609196790656,-118.14775456316,25
1634.1,34.603137922257,-118.14772385306,47
1634.1,34.599203090592,-118.1477035677,61
1634.1,34.595372693704,-118.14766685554,75
1634.1,34.587121100939,-118.14760568255,105
1634.1,34.584118005477,-118.14739103893,116
1634.1,34.579823617032,-118.14702794661,132
1634.1,34.579781152967,-118.14347308398,142
1634.1,34.579768749574,-118.13997143144,153
1634.1,34.579770386517,-118.13854287502,157
1634.1,34.583416712841,-118.13855891879,170
1634.1,34.579774778544,-118.12957950426,200
1634.1,34.579837373169,-118.12490854253,214
1634.1,34.579532697737,-118.11910416576,232
1634.1,34.579499376712,-118.11662906494,239
1634.1,34.579525813294,-118.11189161657,254
1634.1,34.576789036969,-118.11184474594,264
1634.1,34.57443694687,-118.11180503969,272
1634.1,34.572565719682,-118.11176930402,279
1634.1,34.572596192961,-118.10846401192,289
1634.1,34.572609289539,-118.10288316453,306
1634.1,34.572662496502,-118.09835874116,319
1634.1,34.572685180735,-118.09400037503,333
1634.1,34.572694561214,-118.08499458995,360
1634.1,34.572697246349,-118.08106473064,371
1634.1,34.572771815553,-118.07623468977,386
1634.1,34.572875973246,-118.07215874911,398
1634.1,34.572944050573,-118.0684780815,409
1634.1,34.573092993959,-118.06232925375,428
1634.1,34.573061361798,-118.05376853932,454
1634.1,34.572971737072,-118.05133348744,461
1634.1,34.572737919109,-118.04504489774,480
1634.1,34.569088811401,-118.04508278247,493
1634.1,34.565425958231,-118.04513394304,507
1634.1,34.558056263906,-118.04528604713,533
1635.1,34.558056263906,-118.04528604713,0
1635.1,34.56218901717,-118.04517868749,15
1635.1,34.565425958231,-118.04513394304,26
1635.1,34.569088811401,-118.04508278247,40
1635.1,34.572737919109,-118.04504489774,53
1635.1,34.572971737072,-118.05133348744,72
1635.1,34.573061361798,-118.05376853932,79
1635.1,34.573092993959,-118.06232925375,105
1635.1,34.572977684961,-118.06729549259,120
1635.1,34.572875973246,-118.07215874911,135
1635.1,34.572771815553,-118.07623468977,147
1635.1,34.572697246349,-118.08106473064,161
1635.1,34.572694561214,-118.08499458995,173
1635.1,34.572685180735,-118.09400037503,200
1635.1,34.572662496502,-118.09835874116,213
1635.1,34.572609289539,-118.10288316453,227
1635.1,34.572599882004,-118.10740431697,241
1635.1,34.572565719682,-118.11176930402,254
1635.1,34.576789036969,-118.11184474594,269
1635.1,34.579525797999,-118.11190822765,279
1635.1,34.579509810917,-118.11432345944,286
1635.1,34.579489563371,-118.11825361602,298
1635.1,34.579837373169,-118.12490854253,318
1635.1,34.579774778544,-118.12957950426,332
1635.1,34.582432727253,-118.13636785875,355
1635.1,34.583416712841,-118.13855891879,363
1635.1,34.579770386517,-118.13854287502,376
1635.1,34.579781152967,-118.14347308398,391
1635.1,34.579823617032,-118.14702794661,401
1635.1,34.580274007761,-118.1472347227,403
1635.1,34.584118005477,-118.14739103893,417
1635.1,34.587121100939,-118.14760568255,428
1635.1,34.594345020241,-118.14766170707,454
1635.1,34.598202907703,-118.14768849848,468
1635.1,34.601733789228,-118.14772800365,481
1635.1,34.609196790656,-118.14775456316,508
1635.1,34.609208873107,-118.14685394112,511
1635.1,34.609105983444,-118.15663786044,541
1635.1,34.605445935796,-118.15661766941,554
1635.1,34.605523754155,-118.1559332243,556
1635.1,34.603607240162,-118.15262306038,568
2513.1,34.666711910127,-118.1491173326,0
2513.1,34.666713472782,-118.14783693743,3
2513.1,34.660322164216,-118.14780893382,27
2513.1,34.660321858377,-118.12343669183,100
2513.1,34.660439818744,-118.11229326245,133
2513.1,34.667740606042,-118.11236632338,160
2513.1,34.674953466347,-118.1124293,186
2513.1,34.674985413738,-118.10748352374,201
2513.1,34.675030034146,-118.10355885393,213
2513.1,34.675064767095,-118.09465175814,240
2513.1,34.682285877485,-118.09470655826,266
2513.1,34.685962373757,-118.09473736361,279
2513.1,34.689592153414,-118.09477144499,293
2513.1,34.689744415758,-118.08583629255,319
2513.1,34.689810648116,-118.0814219207,333
2513.1,34.689885005784,-117.82680801895,1098
2513.1,34.667714007693,-117.82738637528,1179
2513.1,34.645728887784,-117.82732898759,1259
2513.1,34.640760806075,-117.8272761449,1277
2513.1,34.638427908699,-117.82726104766,1285
2513.1,34.631209332642,-117.82717632683,1312
2513.1,34.631199039807,-117.83159100354,1325
2513.1,34.631188609119,-117.83602230055,1338
2513.1,34.631175290973,-117.84047022311,1352
2513.1,34.63116194261,-117.84939595751,1378
2513.1,34.631161846273,-117.85382058233,1392
2513.1,34.62748245648,-117.85374395205,1405
2513.1,34.623792113756,-117.85370058776,1419
2513.1,34.623797688955,-117.84926637345,1432
2513.1,34.623803030327,-117.84477565083,1445
2513.1,34.623805506078,-117.84032149675,1459
2513.1,34.62380787699,-117.8359105542,1472
2513.1,34.623770822647,-117.82701895054,1499
2513.1,34.620132705214,-117.82699660936,1512
2513.1,34.616469813421,-117.82694440842,1525
2514.1,34.620132705214,-117.82699660936,0
2514.1,34.623770822647,-117.82701895054,13
2514.1,34.62380787699,-117.8359105542,39
2514.1,34.623805506078,-117.84032149675,53
2514.1,34.623803030327,-117.84477565083,66
2514.1,34.623797688955,-117.84926637345,80
2514.1,34.623792113756,-117.85370058776,93
2514.1,34.62748245648,-117.85374395205,106
2514.1,34.631161846273,-117.85382058233,120
2514.1,34.63116194261,-117.84939595751,133
2514.1,34.631175290973,-117.84047022311,160
2514.1,34.631188609119,-117.83602230055,173
2514.1,34.631199039807,-117.83159100354,187
2514.1,34.631209332642,-117.82717632683,200
2514.1,34.645728887784,-117.82732898759,253
2514.1,34.667714007693,-117.82738637528,333
2514.1,34.689885005784,-117.82680801895,414
2514.1,34.689810648116,-118.0814219207,1179
2514.1,34.689744415758,-118.08583629255,1192
2514.1,34.68962406893,-118.09257590921,1212
2514.1,34.689592153414,-118.09477144499,1219
2514.1,34.685962373757,-118.09473736361,1232
2514.1,34.682285877485,-118.09470655826,1246
2514.1,34.675064767095,-118.09465175814,1272
2514.1,34.675030034146,-118.10355885393,1299
2514.1,34.674979112668,-118.10839152405,1313
2514.1,34.674953466347,-118.1124293,1325
2514.1,34.667740606042,-118.11236632338,1352
2514.1,34.660439818744,-118.11229326245,1378
2514.1,34.660321858377,-118.12343669183,1412
2514.1,34.660322164216,-118.14780893382,1485
2514.1,34.666713472782,-118.14783693743,1508
2514.1,34.666711910127,-118.1491173326,1512
2515.1,34.590716149726,-118.11923648288,0
2515.1,34.587208484766,-118.11791905351,13
2515.1,34.587273846712,-118.10974240127,37
2515.1,34.587334553493,-118.10317715897,57
2515.1,34.587402204536,-118.09431604463,84
2515.1,34.587425104235,-118.08946849242,98
2515.1,34.587425370677,-118.08527545401,111
2515.1,34.587450557939,-118.07632124681,138
2515.1,34.58740144498,-118.0663668921,168
2515.1,34.587446706771,-118.05849252061,192
2515.1,34.58021728461,-118.05836783336,218
2515.1,34.579664447216,-118.01398918439,352
2515.1,34.579710885136,-117.96949795365,486
2515.1,34.579741330303,-117.9606940423,512
2515.1,34.579779367958,-117.95185689753,539
2515.1,34.579868919911,-117.94291007534,566
2515.1,34.579963373756,-117.93408283003,592
2515.1,34.579941598749,-117.86220294792,809
2515.1,34.579925759039,-117.84887748123,849
2515.1,34.579920213973,-117.84448217137,862
2515.1,34.587152459759,-117.84448857656,888
2515.1,34.594494522289,-117.8444249982,915
2515.1,34.594513629464,-117.84009200413,928
2515.1,34.594551085317,-117.83121334999,955
2515.1,34.594566869591,-117.8268072538,968
2515.1,34.597941200196,-117.8268234835,980
2515.1,34.600717266004,-117.82544859472,991
2515.1,34.603330974015,-117.82392109171,1002
2515.1,34.612438767622,-117.82692953788,1036
2515.1,34.616469813421,-117.82694440842,1051
2516.1,34.667714007693,-117.82738637528,0
2516.1,34.612438767622,-117.82692953788,201
2516.1,34.603330974015,-117.82392109171,235
2516.1,34.600717266004,-117.82544859472,246
2516.1,34.597941200196,-117.8268234835,257
2516.1,34.594566869591,-117.8268072538,269
2516.1,34.594551085317,-117.83121334999,282
2516.1,34.594513629464,-117.84009200413,309
2516.1,34.594494522289,-117.8444249982,322
2516.1,34.587152459759,-117.84448857656,349
2516.1,34.579920213973,-117.84448217137,375
2516.1,34.579925759039,-117.84887748123,388
2516.1,34.579941598749,-117.86220294792,428
2516.1,34.579963373756,-117.93408283003,645
2516.1,34.572618543331,-117.93420492101,671
2516.1,34.572565991129,-117.93880584983,685
2516.1,34.572513163976,-117.94319084691,698
2516.1,34.572415375334,-117.95220664262,725
2516.1,34.579779367958,-117.95185689753,752
2516.1,34.579710885136,-117.96949795365,805
2516.1,34.58021728461,-118.05836783336,1073
2516.1,34.587446706771,-118.05849252061,1099
2516.1,34.58740144498,-118.0663668921,1123
2516.1,34.587450557939,-118.07632124681,1153
2516.1,34.587425370677,-118.08527545401,1180
2516.1,34.587424588618,-118.09016622414,1195
2516.1,34.587402204536,-118.09431604463,1207
2516.1,34.587334553493,-118.10317715897,1234
2516.1,34.587273846712,-118.10974240127,1253
2516.1,34.587277238446,-118.1120482412,1260
2516.1,34.590716149726,-118.11923648288,1285
3163.1,34.413529689617,-118.56008953492,0
3163.1,34.379184912844,-118.52672917507,160
3163.1,34.498322097445,-118.11778978497,1467
3163.1,34.590716149726,-118.11923648288,1803
3163.2,34.379184912844,-118.52672917507,160
3163.2,34.498322097445,-118.11778978497,1467
3163.2,34.590716149726,-118.11923648288,1803
3164.1,34.590716149726,-118.11923648288,0
3164.1,34.379184912844,-118.52672917507,1449
3164.2,34.590716149726,-118.11923648288,0
3164.2,34.379184912844,-118.52672917507,1449
3164.2,34.413529689617,-118.56008953492,1609
3165.1,34.666711910127,-118.1491173326,0
3165.1,34.666713472782,-118.14783693743,3
3165.1,34.660322164216,-118.14780893382,27
3165.1,34.660506666548,-118.13065321367,78
3165.1,34.594487624217,-118.12051785506,320
3165.1,34.594472293351,-118.12211278521,325
3165.1,34.590716149726,-118.11923648288,341
3165.1,34.587168536135,-118.11943406844,354
3165.1,34.579489563371,-118.11825361602,382
3165.1,34.581339082977,-118.13391089022,430
3165.1,34.336018251072,-118.50806515811,1869
3165.1,34.317912961233,-118.49126651412,1952
3165.1,34.291139736735,-118.4677944064,2072
3165.1,34.160033290138,-118.46963876429,2549
3165.1,34.090709004414,-118.34412188571,3005
3165.1,34.083440959877,-118.34409198078,3032
3165.1,34.076175589965,-118.34408850999,3058
3165.1,34.062232903901,-118.34408068721,3109
3165.1,34.062411752699,-118.35257339884,3135
3165.1,34.062976313827,-118.36144751248,3162
3165.1,34.06339883976,-118.3653156781,3173
3165.1,34.06410561871,-118.37143364375,3192
3165.1,34.06519537973,-118.37624262226,3207
3165.1,34.067040454068,-118.38370658377,3231
3165.1,34.067052896253,-118.38669815228,3240
3165.1,34.067056882338,-118.3897326072,3249
3165.1,34.067067035023,-118.39757794667,3273
3165.1,34.067072191723,-118.40100533464,3283
3165.1,34.067084693585,-118.41037286476,3312
3165.1,34.063143856377,-118.41610516106,3334
3165.1,34.060343828368,-118.41368764874,3347
3165.1,34.058659825901,-118.41595739902,3356
3165.1,34.061406684185,-118.41863880661,3369
3165.1,34.049860701279,-118.43708105116,3439
3165.1,34.058788308577,-118.44393223021,3477
3165.1,34.058364742099,-118.44553123637,3482
3165.1,34.065641080473,-118.44777562028,3510
3165.1,34.06855204123,-118.44899971885,3521
3257.1,34.666711910127,-118.1491173326,0
3257.1,34.666711350814,-118.14957295373,1
3257.1,34.66758495109,-118.14973083708,4
3257.1,34.66760077364,-118.15680139906,25
3257.1,34.667638930268,-118.1612446686,39
3257.1,34.66763847842,-118.16567123678,52
3257.1,34.671331445558,-118.16570853717,65
3257.1,34.674999698951,-118.16573248739,79
3257.1,34.674979756359,-118.17022592912,92
3257.1,34.674915707359,-118.17470264604,106
3257.1,34.674870698649,-118.17919935371,119
3257.1,34.674839388116,-118.18361293626,133
3257.1,34.678474632753,-118.18365756253,146
3257.1,34.682145566345,-118.18372222965,159
3257.1,34.684643256832,-118.18374771484,168
3257.1,34.689366490763,-118.18387459958,185
3257.1,34.689395332625,-118.17927727548,199
3257.1,34.68937164519,-118.17478296319,213
3257.1,34.689372535354,-118.17223144907,220
3257.1,34.692120130885,-118.17235691113,230
3257.1,34.694597275712,-118.17136400565,240
3257.1,34.696706661397,-118.1720037999,248
3257.1,34.696706956571,-118.16585234091,266
3257.1,34.689398079857,-118.16570800267,293
3257.1,34.689398497746,-118.16130688726,306
3257.1,34.689393320971,-118.15685918889,320
3257.1,34.689375616896,-118.15131035817,336
3257.1,34.689404340495,-118.14806363135,346
3257.1,34.689419803568,-118.14200588684,364
3257.1,34.689436635038,-118.13690953561,380
3257.1,34.689446550787,-118.1303827256,399
3257.1,34.689442939886,-118.12598493019,412
3257.1,34.689433734332,-118.12152724809,426
3257.1,34.689442237127,-118.1126917629,452
3257.1,34.689489788065,-118.10874978303,464
3257.1,34.689546389464,-118.1037166783,479
3257.1,34.689550134173,-118.09922574348,493
3257.1,34.689592153414,-118.09477144499,506
3258.1,34.689592153414,-118.09477144499,0
3258.1,34.689550134173,-118.09922574348,13
3258.1,34.689546389464,-118.1037166783,26
3258.1,34.689489788065,-118.10874978303,42
3258.1,34.689442237127,-118.1126917629,53
3258.1,34.689447851182,-118.11549610966,62
3258.1,34.689433734332,-118.12152724809,80
3258.1,34.689442939886,-118.12598493019,93
3258.1,34.689446550787,-118.1303827256,107
3258.1,34.689435406689,-118.1355522732,122
3258.1,34.689419803568,-118.14200588684,141
3258.1,34.689404340495,-118.14806363135,160
3258.1,34.689383358207,-118.15390180716,177
3258.1,34.689393320971,-118.15685918889,186
3258.1,34.689398497746,-118.16130688726,200
3258.1,34.689398079857,-118.16570800267,213
3258.1,34.693044278188,-118.16577848878,226
3258.1,34.696706956571,-118.16585234091,239
3258.1,34.696706661397,-118.1720037999,258
3258.1,34.692120130885,-118.17235691113,275
3258.1,34.689372535354,-118.17223144907,285
3258.1,34.68937164519,-118.17478296319,292
3258.1,34.689395332625,-118.17927727548,306
3258.1,34.689366490763,-118.18387459958,320
3258.1,34.684324520879,-118.18374368307,338
3258.1,34.682145566345,-118.18372222965,346
3258.1,34.678474632753,-118.18365756253,359
3258.1,34.674839388116,-118.18361293626,372
3258.1,34.674870698649,-118.17919935371,386
3258.1,34.674915707359,-118.17470264604,399
3258.1,34.674979756359,-118.17022592912,413
3258.1,34.674999698951,-118.16573248739,426
3258.1,34.671331445558,-118.16570853717,440
3258.1,34.66763847842,-118.16567123678,453
3258.1,34.667638930268,-118.1612446686,466
3258.1,34.66760077364,-118.15680139906,480
3258.1,34.66758495109,-118.14973083708,501
3258.1,34.666711910127,-118.1491173326,505
3453.1,34.590716149726,-118.11923648288,0
3453.1,34.594487624217,-118.12051785506,14
3453.1,34.594362031719,-118.1402585076,73
3453.1,34.594355207923,-118.14374745045,84
3453.1,34.594345020241,-118.14766170707,95
3453.1,34.598202907703,-118.14768849848,109
3453.1,34.601733789228,-118.14772800365,122
3453.1,34.60171550337,-118.15142326758,133
3453.1,34.601725486339,-118.15655748904,149
3453.1,34.601707990959,-118.16152882636,164
3453.1,34.601686198776,-118.16547331302,176
3453.1,34.601730015739,-118.18100229392,222
3453.1,34.601754188204,-118.18320889267,229
3453.1,34.607845131293,-118.19270385312,265
3453.1,34.612023025072,-118.1987656764,289
3453.1,34.615620740922,-118.20487985858,312
3453.1,34.617561720287,-118.21070784599,331
3453.1,34.619277373293,-118.21638262374,349
3453.1,34.621768591029,-118.2184997966,360
3453.1,34.630849416471,-118.21886275382,393
3453.1,34.63819744498,-118.21862944416,420
3453.1,34.645572842312,-118.21845268793,446
3453.1,34.649235482719,-118.21854544542,460
3453.1,34.652906322757,-118.21866150879,473
3453.1,34.656555124836,-118.21880745215,486
3453.1,34.660217843327,-118.21885368142,500
3453.1,34.660183780499,-118.21012095598,526
3453.1,34.660163794347,-118.20573796197,539
3453.1,34.660154646881,-118.20135167129,552
3453.1,34.660170162761,-118.1969089078,566
3453.1,34.660207672168,-118.19235645412,579
3453.1,34.660230974408,-118.1879968408,593
3453.1,34.660246097871,-118.18349088741,606
3453.1,34.667546820698,-118.18358351004,633
3453.1,34.671168365351,-118.18360481959,646
3453.1,34.674839388116,-118.18361293626,659
3453.1,34.678474632753,-118.18365756253,672
3453.1,34.682145566345,-118.18372222965,686
3453.1,34.684643256832,-118.18374771484,695
3453.1,34.689366490763,-118.18387459958,712
3453.1,34.689395332625,-118.17927727548,726
3453.1,34.68937164519,-118.17478296319,739
3453.1,34.689398079857,-118.16570800267,767
3453.1,34.689398497746,-118.16130688726,780
3453.1,34.689393320971,-118.15685918889,793
3453.1,34.689375616896,-118.15131035817,810
3453.1,34.689404340495,-118.14806363135,820
3453.1,34.689419803568,-118.14200588684,838
3453.1,34.689435406689,-118.1355522732,857
3453.1,34.69835306606,-118.13698412586,890
3454.1,34.69835306606,-118.13698412586,0
3454.1,34.70192177572,-118.13755229784,13
3454.1,34.701110631542,-118.14512673022,36
3454.1,34.703915559587,-118.14558080589,46
3454.1,34.703910752251,-118.13791160388,69
3454.1,34.689435406689,-118.1355522732,122
3454.1,34.689419803568,-118.14200588684,141
3454.1,34.689404340495,-118.14806363135,160
3454.1,34.689383358207,-118.15390180716,177
3454.1,34.689393320971,-118.15685918889,186
3454.1,34.689398497746,-118.16130688726,199
3454.1,34.689398079857,-118.16570800267,213
3454.1,34.68937164519,-118.17478296319,240
3454.1,34.689395332625,-118.17927727548,254
3454.1,34.689366490763,-118.18387459958,267
3454.1,34.684324520879,-118.18374368307,286
3454.1,34.682145566345,-118.18372222965,294
3454.1,34.678474632753,-118.18365756253,307
3454.1,34.674839388116,-118.18361293626,320
3454.1,34.671168365351,-118.18360481959,334
3454.1,34.667546820698,-118.18358351004,347
3454.1,34.663875814268,-118.18356209304,360
3454.1,34.660246097871,-118.18349088741,373
3454.1,34.660230974408,-118.1879968408,387
3454.1,34.660207672168,-118.19235645412,400
3454.1,34.660170162761,-118.1969089078,414
3454.1,34.660154646881,-118.20135167129,427
3454.1,34.660163794347,-118.20573796197,440
3454.1,34.660183780499,-118.21012095598,453
3454.1,34.660217843327,-118.21885368142,480
3454.1,34.656555124836,-118.21880745215,493
3454.1,34.652906322757,-118.21866150879,506
3454.1,34.649235482719,-118.21854544542,520
3454.1,34.645572842312,-118.21845268793,533
3454.1,34.63819744498,-118.21862944416,560
3454.1,34.630849416471,-118.21886275382,587
3454.1,34.621768591029,-118.2184997966,620
3454.1,34.619277373293,-118.21638262374,631
3454.1,34.618025877734,-118.21241411398,643
3454.1,34.615154997005,-118.20405776904,671
3454.1,34.612023025072,-118.1987656764,690
3454.1,34.607845131293,-118.19270385312,714
3454.1,34.601754188204,-118.18320889267,750
3454.1,34.601746399626,-118.17734358424,768
3454.1,34.601686198776,-118.16547331302,804
3454.1,34.601707990959,-118.16152882636,815
3454.1,34.601725486339,-118.15655748904,830
3454.1,34.601733789228,-118.14772800365,857
3454.1,34.598202907703,-118.14768849848,870
3454.1,34.594345020241,-118.14766170707,884
3454.1,34.594355207923,-118.14374745045,896
3454.1,34.594362031719,-118.1402585076,906
3454.1,34.594472293351,-118.12211278521,961
3454.1,34.590716149726,-118.11923648288,977
3455.1,34.660163063514,-118.23638199271,0
3455.1,34.65287343021,-118.23625151752,26
3455.1,34.652843482241,-118.22745638698,52
3455.1,34.652906322757,-118.21866150879,79
3455.1,34.656555124836,-118.21880745215,92
3455.1,34.660217843327,-118.21885368142,106
3455.1,34.660163063514,-118.23638199271,158
3455.1,34.674758994883,-118.23653995222,211
3455.1,34.682059693798,-118.23662062379,238
3455.1,34.689313750698,-118.23666125715,264
3455.1,34.695770962658,-118.23669297196,288
3455.1,34.698502235027,-118.23670075918,298
3455.1,34.703959280923,-118.2367163195,318
3455.1,34.704017633767,-118.18385714444,477
3455.1,34.718685306427,-118.18378980292,530
3455.1,34.718706443752,-118.1750410791,556
3455.1,34.718726952334,-118.1662923509,582
3455.1,34.718581942917,-118.15325711482,622
3455.1,34.718508220917,-118.1484450022,636
3455.1,34.71511481605,-118.14837903547,648
3455.1,34.711581241307,-118.14833944373,661
3455.1,34.707577878891,-118.14823246914,676
3455.1,34.703906960624,-118.14815271566,689
3455.1,34.703915559587,-118.14558080589,697
3455.1,34.703910752251,-118.13791160388,720
3455.1,34.69835306606,-118.13698412586,740
3455.1,34.689435406689,-118.1355522732,773
3455.1,34.68273786962,-118.13416755677,798
3455.1,34.674943792859,-118.13292433001,827
3455.1,34.674863087641,-118.14349766588,858
3455.1,34.674835836133,-118.14789796202,872
3455.1,34.672461760355,-118.14789373387,880
3455.1,34.667611975125,-118.1478551656,898
3455.1,34.66758495109,-118.14973083708,903
3455.1,34.666711910127,-118.1491173326,907
3456.1,34.666711910127,-118.1491173326,0
3456.1,34.66758495109,-118.14973083708,3
3456.1,34.667611975125,-118.1478551656,9
3456.1,34.672461760355,-118.14789373387,26
3456.1,34.674835836133,-118.14789796202,35
3456.1,34.674863087641,-118.14349766588,48
3456.1,34.674943792859,-118.13292433001,80
3456.1,34.689435406689,-118.1355522732,133
3456.1,34.69835306606,-118.13698412586,166
3456.1,34.703910752251,-118.13791160388,187
3456.1,34.703915559587,-118.14558080589,210
3456.1,34.703906960624,-118.14815271566,217
3456.1,34.707577878891,-118.14823246914,231
3456.1,34.713001827769,-118.14834531012,250
3456.1,34.718508220917,-118.1484450022,271
3456.1,34.718581942917,-118.15325711482,285
3456.1,34.718726952334,-118.1662923509,324
3456.1,34.718706443752,-118.1750410791,350
3456.1,34.718685306427,-118.18378980292,377
3456.1,34.704017633767,-118.18385714444,430
3456.1,34.703959280923,-118.2367163195,589
3456.1,34.698502235027,-118.23670075918,609
3456.1,34.695770962658,-118.23669297196,619
3456.1,34.689313750698,-118.23666125715,642
3456.1,34.685843293965,-118.23666799767,655
3456.1,34.682059693798,-118.23662062379,669
3456.1,34.674758994883,-118.23653995222,695
3456.1,34.660163063514,-118.23638199271,748
3457.1,34.666711910127,-118.1491173326,0
3457.1,34.666713472782,-118.14783693743,3
3457.1,34.660322164216,-118.14780893382,27
3457.1,34.660285809932,-118.13902302647,53
3457.1,34.660321858377,-118.12343669183,100
3457.1,34.665472295845,-118.12770118945,123
3457.1,34.671300460362,-118.13017796339,145
3457.1,34.674963228549,-118.13019700942,158
3457.1,34.67496365412,-118.12719692332,167
3457.1,34.674964164009,-118.12131648825,185
3457.1,34.674953466347,-118.1124293,212
3457.1,34.682136032268,-118.11255877303,238
3457.1,34.689442237127,-118.1126917629,265
3457.1,34.689489788065,-118.10874978303,276
3457.1,34.689546389464,-118.1037166783,292
3457.1,34.689550134173,-118.09922574348,305
3457.1,34.689592153414,-118.09477144499,318
3457.1,34.689744415758,-118.08583629255,345
3457.1,34.689810648116,-118.0814219207,359
3457.1,34.689885005784,-117.82680801895,1124
3457.1,34.667714007693,-117.82738637528,1205
3457.1,34.645728887784,-117.82732898759,1285
3457.1,34.640760806075,-117.8272761449,1303
3457.1,34.638427908699,-117.82726104766,1311
3457.1,34.631209332642,-117.82717632683,1338
3457.1,34.631199039807,-117.83159100354,1351
3457.1,34.631188609119,-117.83602230055,1364
3457.1,34.631175290973,-117.84047022311,1378
3457.1,34.63116194261,-117.84939595751,1404
3457.1,34.631161846273,-117.85382058233,1418
3457.1,34.62748245648,-117.85374395205,1431
3457.1,34.623792113756,-117.85370058776,1445
3457.1,34.623797688955,-117.84926637345,1458
3457.1,34.623803030327,-117.84477565083,1471
3457.1,34.623805506078,-117.84032149675,1485
3457.1,34.62380787699,-117.8359105542,1498
3457.1,34.623770822647,-117.82701895054,1525
3457.1,34.620132705214,-117.82699660936,1538
3457.1,34.614996963359,-117.82692421009,1557
3458.1,34.614996963359,-117.82692421009,0
3458.1,34.620132705214,-117.82699660936,18
3458.1,34.623770822647,-117.82701895054,31
3458.1,34.62380787699,-117.8359105542,58
3458.1,34.623805506078,-117.84032149675,71
3458.1,34.623803030327,-117.84477565083,85
3458.1,34.623797688955,-117.84926637345,98
3458.1,34.623792113756,-117.85370058776,112
3458.1,34.62748245648,-117.85374395205,125
3458.1,34.631161846273,-117.85382058233,139
3458.1,34.63116194261,-117.84939595751,152
3458.1,34.631175290973,-117.84047022311,179
3458.1,34.631188609119,-117.83602230055,192
3458.1,34.631199039807,-117.83159100354,205
3458.1,34.631209332642,-117.82717632683,219
3458.1,34.638427908699,-117.82726104766,245
3458.1,34.645728887784,-117.82732898759,272
3458.1,34.667714007693,-117.82738637528,352
3458.1,34.689885005784,-117.82680801895,432
3458.1,34.689810648116,-118.0814219207,1198
3458.1,34.689744415758,-118.08583629255,1211
3458.1,34.68962406893,-118.09257590921,1231
3458.1,34.689592153414,-118.09477144499,1238
3458.1,34.689550134173,-118.09922574348,1251
3458.1,34.689546389464,-118.1037166783,1265
3458.1,34.689489788065,-118.10874978303,1280
3458.1,34.689442237127,-118.1126917629,1292
3458.1,34.682136032268,-118.11255877303,1318
3458.1,34.674953466347,-118.1124293,1344
3458.1,34.674949295088,-118.11685625014,1358
3458.1,34.674964164009,-118.12131648825,1371
3458.1,34.67496365412,-118.12719692332,1389
3458.1,34.674963228549,-118.13019700942,1398
3458.1,34.671300460362,-118.13017796339,1411
3458.1,34.665472295845,-118.12770118945,1434
3458.1,34.660321858377,-118.12343669183,1456
3458.1,34.660285809932,-118.13902302647,1503
3458.1,34.660322164216,-118.14780893382,1530
3458.1,34.666713472782,-118.14783693743,1553
3458.1,34.666711910127,-118.1491173326,1557
3459.1,34.590716149726,-118.11923648288,0
3459.1,34.587208484766,-118.11791905351,13
3459.1,34.587277238446,-118.1120482412,31
3459.1,34.583152831962,-118.11198952447,46
3459.1,34.579525797999,-118.11190822765,59
3459.1,34.579552566545,-118.10967240912,65
3459.1,34.579605071279,-118.10305461077,85
3459.1,34.579644559007,-118.0985131794,99
3459.1,34.579746940316,-118.09414789308,112
3459.1,34.580099355045,-118.08959349842,126
3459.1,34.580135503515,-118.08517827605,139
3459.1,34.580171524686,-118.08071321621,153
3459.1,34.580201867431,-118.07627804766,166
3459.1,34.580171413634,-118.06736443822,193
3459.1,34.58021728461,-118.05836783336,220
3459.1,34.573177428263,-118.05829977398,246
3459.1,34.573061361798,-118.05376853932,259
3459.1,34.572971737072,-118.05133348744,267
3459.1,34.572737919109,-118.04504489774,286
3459.1,34.572587053188,-118.03601578122,313
3459.1,34.572552540902,-118.03167399171,326
3459.1,34.57249132631,-118.02282100705,352
3459.1,34.572385502927,-118.01395806231,379
3459.1,34.572311738161,-118.00955317149,392
3459.1,34.572262551352,-118.00497222788,406
3459.1,34.579579967059,-118.00500920993,433
3459.1,34.579710885136,-117.96949795365,540
3459.1,34.579741330303,-117.9606940423,566
3459.1,34.579779367958,-117.95185689753,593
3459.1,34.572415375334,-117.95220664262,620
3459.1,34.572513163976,-117.94319084691,647
3459.1,34.572618543331,-117.93420492101,674
3459.1,34.579963373756,-117.93408283003,701
3459.1,34.579941598749,-117.86220294792,917
3459.1,34.579925759039,-117.84887748123,957
3459.1,34.579920213973,-117.84448217137,970
3459.1,34.587152459759,-117.84448857656,997
3459.1,34.594494522289,-117.8444249982,1023
3459.1,34.594513629464,-117.84009200413,1036
3459.1,34.594551085317,-117.83121334999,1063
3459.1,34.594566869591,-117.8268072538,1076
3459.1,34.597941200196,-117.8268234835,1089
3459.1,34.600717266004,-117.82544859472,1100
3459.1,34.603330974015,-117.82392109171,1110
3459.1,34.612438767622,-117.82692953788,1144
3459.1,34.614996963359,-117.82692421009,1154
3460.1,34.614996963359,-117.82692421009,0
3460.1,34.612438767622,-117.82692953788,9
3460.1,34.603330974015,-117.82392109171,43
3460.1,34.600717266004,-117.82544859472,54
3460.1,34.597941200196,-117.8268234835,65
3460.1,34.594566869591,-117.8268072538,77
3460.1,34.594551085317,-117.83121334999,90
3460.1,34.594513629464,-117.84009200413,117
3460.1,34.594494522289,-117.8444249982,130
3460.1,34.587152459759,-117.84448857656,157
3460.1,34.579920213973,-117.84448217137,183
3460.1,34.579925759039,-117.84887748123,196
3460.1,34.579941598749,-117.86220294792,236
3460.1,34.579963373756,-117.93408283003,453
3460.1,34.572618543331,-117.93420492101,479
3460.1,34.572565991129,-117.93880584983,493
3460.1,34.572513163976,-117.94319084691,506
3460.1,34.572415375334,-117.95220664262,534
3460.1,34.579779367958,-117.95185689753,560
3460.1,34.579710885136,-117.96949795365,614
3460.1,34.579579967059,-118.00500920993,720
3460.1,34.572262551352,-118.00497222788,747
3460.1,34.572311738161,-118.00955317149,761
3460.1,34.572385502927,-118.01395806231,774
3460.1,34.57249132631,-118.02282100705,801
3460.1,34.572552540902,-118.03167399171,827
3460.1,34.572587053188,-118.03601578122,841
3460.1,34.572737919109,-118.04504489774,868
3460.1,34.572971737072,-118.05133348744,887
3460.1,34.573061361798,-118.05376853932,894
3460.1,34.573177428263,-118.05829977398,908
3460.1,34.58021728461,-118.05836783336,933
3460.1,34.580171413634,-118.06736443822,960
3460.1,34.580201867431,-118.07627804766,987
3460.1,34.580171524686,-118.08071321621,1001
3460.1,34.580135503515,-118.08517827605,1014
3460.1,34.580099355045,-118.08959349842,1027
3460.1,34.579746940316,-118.09414789308,1041
3460.1,34.579644559007,-118.0985131794,1054
3460.1,34.579605071279,-118.10305461077,1068
3460.1,34.579552566545,-118.10967240912,1088
3460.1,34.579525797999,-118.11190822765,1094
3460.1,34.583152831962,-118.11198952447,1108
3460.1,34.587277238446,-118.1120482412,1123
3460.1,34.58724921036,-118.11557008359,1133
3460.1,34.587208484766,-118.11791905351,1140
3460.1,34.590716149726,-118.11923648288,1154
3461.1,34.572737919109,-118.04504489774,0
3461.1,34.572587053188,-118.03601578122,27
3461.1,34.572552540902,-118.03167399171,40
3461.1,34.57249132631,-118.02282100705,66
3461.1,34.572385502927,-118.01395806231,93
3461.1,34.572311738161,-118.00955317149,106
3461.1,34.572262551352,-118.00497222788,120
3461.1,34.56204612278,-118.0063135108,158
3461.1,34.557833506282,-118.00962125664,176
3461.1,34.558180096632,-118.0365941019,257
3461.1,34.558056263906,-118.04528604713,283
3461.1,34.54269785274,-118.0304040596,355
3461.1,34.53813792047,-118.02392397103,380
3461.1,34.521021333189,-118.00124757834,473
3461.1,34.521037595553,-117.99250964889,499
3461.1,34.521072454655,-117.98370199479,526
3461.1,34.52110667704,-117.97490429303,552
3461.1,34.528369173485,-117.97488882145,579
3461.1,34.535637160476,-117.97487334551,605
3461.1,34.542888658078,-117.97487115486,632
3461.1,34.557783350099,-117.9695159605,688
3461.1,34.565001894664,-117.96966278783,714
3461.1,34.572289128704,-117.96980961572,741
3461.1,34.572355311642,-117.96098654201,767
3461.1,34.572415375334,-117.95220664262,794
3461.1,34.572513163976,-117.94319084691,821
3461.1,34.572618543331,-117.93420492101,848
3461.1,34.568909007917,-117.93422446534,862
3461.1,34.56526264551,-117.93419745488,875
3461.1,34.563468313102,-117.93417894534,881
3461.1,34.559857682729,-117.93417516037,895
3461.1,34.557895738,-117.93416674929,902
3461.1,34.557924962283,-117.94306131573,928
3461.1,34.557926977987,-117.94753850128,942
3461.1,34.557912335258,-117.95199908977,955
3461.1,34.557876163188,-117.95821668364,974
3461.1,34.55379840282,-117.95821209003,989
3461.1,34.550190515156,-117.95820061865,1002
3461.1,34.546566141524,-117.95819579836,1015
3461.1,34.542928024027,-117.95818102313,1028
3461.1,34.535671022064,-117.9581581078,1055
3461.1,34.528411271646,-117.95814847856,1081
3461.1,34.521137773579,-117.95812889825,1108
3461.1,34.506457687223,-117.91408584023,1251
3461.1,34.504619401964,-117.91410433433,1257
3462.1,34.504619401964,-117.91410433433,0
3462.1,34.504637653369,-117.90538801976,26
3462.1,34.4992491327,-117.90535763687,45
3462.1,34.499154992607,-117.90101647799,58
3462.1,34.499145837618,-117.89662543807,72
3462.1,34.506424834855,-117.89661639526,98
3462.1,34.521137773579,-117.95812889825,291
3462.1,34.528411271646,-117.95814847856,318
3462.1,34.535671022064,-117.9581581078,344
3462.1,34.542928024027,-117.95818102313,370
3462.1,34.546566141524,-117.95819579836,384
3462.1,34.550190515156,-117.95820061865,397
3462.1,34.55379840282,-117.95821209003,410
3462.1,34.557876163188,-117.95821668364,425
3462.1,34.557912335258,-117.95199908977,443
3462.1,34.557926977987,-117.94753850128,457
3462.1,34.557924962283,-117.94306131573,470
3462.1,34.557895738,-117.93416674929,497
3462.1,34.559857682729,-117.93417516037,504
3462.1,34.563468313102,-117.93417894534,517
3462.1,34.56526264551,-117.93419745488,524
3462.1,34.568909007917,-117.93422446534,537
3462.1,34.572618543331,-117.93420492101,551
3462.1,34.572565991129,-117.93880584983,565
3462.1,34.572513163976,-117.94319084691,578
3462.1,34.572415375334,-117.95220664262,605
3462.1,34.572355311642,-117.96098654201,631
3462.1,34.572289128704,-117.96980961572,658
3462.1,34.565001894664,-117.96966278783,684
3462.1,34.557783350099,-117.9695159605,711
3462.1,34.542888658078,-117.97487115486,767
3462.1,34.535637160476,-117.97487334551,794
3462.1,34.528369173485,-117.97488882145,820
3462.1,34.52110667704,-117.97490429303,847
3462.1,34.521072454655,-117.98370199479,873
3462.1,34.521037595553,-117.99250964889,900
3462.1,34.521021333189,-118.00124757834,926
3462.1,34.53813792047,-118.02392397103,1018
3462.1,34.54269785274,-118.0304040596,1044
3462.1,34.558056263906,-118.04528604713,1116
3462.1,34.565425958231,-118.04513394304,1142
3462.1,34.569088811401,-118.04508278247,1156
3462.1,34.572737919109,-118.04504489774,1169
8.1,34.64908223427,-118.2482872432,0
8.1,34.649116427122,-118.24497563455,9
8.1,34.645582845398,-118.24493529018,22
8.1,34.645581808917,-118.24271094964,29
8.1,34.645578287603,-118.23612437446,49
8.1,34.645606749216,-118.23276301234,59
8.1,34.645584200692,-118.22725031767,76
8.1,34.645570375983,-118.22284150583,89
8.1,34.645572842312,-118.21845268793,102
8.1,34.649235482719,-118.21854544542,115
8.1,34.652906322757,-118.21866150879,129
8.1,34.656555124836,-118.21880745215,142
8.1,34.660217843327,-118.21885368142,155
8.1,34.660183780499,-118.21012095598,182
8.1,34.660163794347,-118.20573796197,195
8.1,34.660154646881,-118.20135167129,208
8.1,34.660170162761,-118.1969089078,221
8.1,34.660207672168,-118.19235645412,235
8.1,34.660230974408,-118.1879968408,248
8.1,34.660246097871,-118.18349088741,262
8.1,34.660257755834,-118.18121297828,268
8.1,34.660297649761,-118.17460206334,288
8.1,34.660323114685,-118.17020586613,302
8.1,34.660351372391,-118.16566002665,315
8.1,34.660338461064,-118.15674113215,342
8.1,34.665968595195,-118.15679831745,363
8.1,34.66760077364,-118.15680139906,368
8.1,34.66758495109,-118.14973083708,390
8.1,34.666711350814,-118.14957295373,393
8.1,34.666711910127,-118.1491173326,394
9.1,34.666711910127,-118.1491173326,0
9.1,34.666711350814,-118.14957295373,1
9.1,34.66758495109,-118.14973083708,4
9.1,34.66760077364,-118.15680139906,25
9.1,34.664789799422,-118.15679609192,36
9.1,34.660338461064,-118.15674113215,52
9.1,34.660354655343,-118.1611706687,65
9.1,34.660351372391,-118.16566002665,79
9.1,34.660323114685,-118.17020586613,92
9.1,34.660297649761,-118.17460206334,105
9.1,34.660269322223,-118.17896832294,119
9.1,34.660246097871,-118.18349088741,132
9.1,34.660230974408,-118.1879968408,146
9.1,34.660207672168,-118.19235645412,159
9.1,34.660170162761,-118.1969089078,173
9.1,34.660154646881,-118.20135167129,186
9.1,34.660158860757,-118.20540540476,198
9.1,34.660183780499,-118.21012095598,212
9.1,34.660217843327,-118.21885368142,239
9.1,34.656555124836,-118.21880745215,252
9.1,34.652906322757,-118.21866150879,265
9.1,34.649235482719,-118.21854544542,279
9.1,34.645572842312,-118.21845268793,292
9.1,34.645570375983,-118.22284150583,305
9.1,34.645584200692,-118.22725031767,318
9.1,34.645606749216,-118.23276301234,335
9.1,34.645578287603,-118.23612437446,345
9.1,34.645581808917,-118.24271094964,365
9.1,34.645582845398,-118.24493529018,372
9.1,34.645573968799,-118.24930414206,385
9.1,34.646338280207,-118.24909696717,388
9.1,34.649077963854,-118.24903203257,397
9.1,34.64908223427,-118.2482872432,400
998.1,34.558056263906,-118.04528604713,0
998.1,34.558180096632,-118.0365941019,26
998.1,34.557975402008,-118.0316385473,41
998.1,34.565251576647,-118.03178082501,67
998.1,34.56533986214,-118.03989233074,92
998.1,34.565425958231,-118.04513394304,107
998.1,34.569088811401,-118.04508278247,121
998.1,34.572737919109,-118.04504489774,134
998.1,34.58021728461,-118.05836783336,182
998.1,34.580171413634,-118.06736443822,209
998.1,34.580201867431,-118.07627804766,236
998.1,34.580171524686,-118.08071321621,250
998.1,34.580135503515,-118.08517827605,263
998.1,34.580099355045,-118.08959349842,276
998.1,34.579746940316,-118.09414789308,290
998.1,34.579644559007,-118.0985131794,303
998.1,34.579605071279,-118.10305461077,317
998.1,34.579552566545,-118.10967240912,337
998.1,34.579509810917,-118.11432345944,351
998.1,34.579489563371,-118.11825361602,363
998.1,34.587168536135,-118.11943406844,391
998.1,34.590716149726,-118.11923648288,404
998.1,34.594472293351,-118.12211278521,420
998.1,34.594362031719,-118.1402585076,475
998.1,34.594355207923,-118.14374745045,485
998.1,34.594345020241,-118.14766170707,497
998.1,34.598202907703,-118.14768849848,511
998.1,34.601733789228,-118.14772800365,524
998.1,34.609196790656,-118.14775456316,551
998.1,34.612884307968,-118.14778106071,564
998.1,34.616613044554,-118.14780431024,578
998.1,34.631170975173,-118.14772050654,631
998.1,34.63851857857,-118.14771694838,658
998.1,34.64218961976,-118.14772347598,671
998.1,34.645780989617,-118.14771656299,684
998.1,34.649408082971,-118.14770638792,697
998.1,34.651246308544,-118.14774290755,704
998.1,34.653018603075,-118.14776601086,710
998.1,34.656703363964,-118.14778254211,724
998.1,34.660322164216,-118.14780893382,737
998.1,34.665754503089,-118.14783190471,757
998.1,34.665771705553,-118.14949477099,762
998.1,34.666711910127,-118.1491173326,765
998.1,34.66758495109,-118.14973083708,769
998.1,34.667611975125,-118.1478551656,775
998.1,34.672461760355,-118.14789373387,792
998.1,34.674835836133,-118.14789796202,801
998.1,34.678064447784,-118.14792034329,813
998.1,34.682133806723,-118.14800077182,828
998.1,34.685777332036,-118.14802057228,841
998.1,34.689404340495,-118.14806363135,854
998.1,34.693468257873,-118.14809416649,869
998.1,34.697139279078,-118.14809406125,882
998.1,34.700766289558,-118.14813047529,895
998.1,34.703906960624,-118.14815271566,907
998.1,34.703915559587,-118.14558080589,915
998.1,34.703901995688,-118.1359252519,944
998.1,34.698539245266,-118.13512464935,963
998.1,34.69835306606,-118.13698412586,969
999.1,34.69835306606,-118.13698412586,0
999.1,34.70192177572,-118.13755229784,13
999.1,34.701110631542,-118.14512673022,36
999.1,34.700766289558,-118.14813047529,45
999.1,34.697139279078,-118.14809406125,58
999.1,34.693468257873,-118.14809416649,71
999.1,34.689404340495,-118.14806363135,86
999.1,34.685777332036,-118.14802057228,99
999.1,34.680523666155,-118.14795466053,118
999.1,34.678064447784,-118.14792034329,127
999.1,34.674835836133,-118.14789796202,139
999.1,34.672461760355,-118.14789373387,148
999.1,34.667611975125,-118.1478551656,165
999.1,34.66758495109,-118.14973083708,171
999.1,34.666711910127,-118.1491173326,175
999.1,34.665771705553,-118.14949477099,178
999.1,34.665754503089,-118.14783190471,183
999.1,34.660322164216,-118.14780893382,203
999.1,34.65212558641,-118.14775444686,233
999.1,34.649408082971,-118.14770638792,243
999.1,34.645780989617,-118.14771656299,256
999.1,34.64218961976,-118.14772347598,269
999.1,34.63851857857,-118.14771694838,282
999.1,34.633012005423,-118.14771380677,302
999.1,34.616613044554,-118.14780431024,362
999.1,34.612884307968,-118.14778106071,376
999.1,34.609196790656,-118.14775456316,389
999.1,34.602415243246,-118.14772921487,414
999.1,34.599203090592,-118.1477035677,425
999.1,34.594345020241,-118.14766170707,443
999.1,34.594355207923,-118.14374745045,455
999.1,34.594362031719,-118.1402585076,465
999.1,34.594472293351,-118.12211278521,520
999.1,34.590716149726,-118.11923648288,536
999.1,34.587168536135,-118.11943406844,549
999.1,34.579489563371,-118.11825361602,577
999.1,34.579499376712,-118.11662906494,582
999.1,34.579525797999,-118.11190822765,596
999.1,34.579552566545,-118.10967240912,603
999.1,34.579605071279,-118.10305461077,623
999.1,34.579644559007,-118.0985131794,637
999.1,34.579746940316,-118.09414789308,650
999.1,34.580099355045,-118.08959349842,664
999.1,34.580135503515,-118.08517827605,677
999.1,34.580171524686,-118.08071321621,690
999.1,34.580201867431,-118.07627804766,704
999.1,34.580171413634,-118.06736443822,731
999.1,34.58021728461,-118.05836783336,758
999.1,34.572737919109,-118.04504489774,806
999.1,34.569088811401,-118.04508278247,819
999.1,34.565425958231,-118.04513394304,833
999.1,34.558056263906,-118.04528604713,860
