route_id,service_id,trip_id,trip_headsign,direction_id,block_id,shape_id,trip_short_name,bikes_allowed,wheelchair_accessible
11,73048,t2-sl2-p3F6-rB,,0,1101,b24bd794-6910-4bac-b288-70561f5cca64,,0,0
11,73048,t544-sl2-p43C-rC,,0,1102,b24bd794-6910-4bac-b288-70561f5cca64,,0,0
11,73048,t549-sl2-p43E-rD,,0,1103,b24bd794-6910-4bac-b288-70561f5cca64,,0,0
11,73048,t4F4-sl2-p442-rB,,0,1101,b24bd794-6910-4bac-b288-70561f5cca64,,0,0
11,73048,t57E-sl2-p440-rE,,0,1104,b24bd794-6910-4bac-b288-70561f5cca64,,0,0
11,73048,t593-sl2-p446-rB,,0,1101,b24bd794-6910-4bac-b288-70561f5cca64,,0,0
11,73048,tBA-sl2-p447-r11,,0,1107,b24bd794-6910-4bac-b288-70561f5cca64,,0,0
11,73048,tD6-sl2-p447-rC,,0,1102,b24bd794-6910-4bac-b288-70561f5cca64,,0,0
11,73048,t5C5-sl2-p43D-r13,,0,1109,b24bd794-6910-4bac-b288-70561f5cca64,,0,0
11,73048,t10A-sl2-p43D-rB,,0,1101,b24bd794-6910-4bac-b288-70561f5cca64,,0,0
11,73048,t11B-sl2-p43F-r12,,0,1108,b24bd794-6910-4bac-b288-70561f5cca64,,0,0
11,73048,t5E6-sl2-p441-r4A,,0,3010,b24bd794-6910-4bac-b288-70561f5cca64,,0,0
11,73048,t13F-sl2-p443-r4B,,0,3013,b24bd794-6910-4bac-b288-70561f5cca64,,0,0
11,73048,t151-sl2-p444-r10,,0,1106,b24bd794-6910-4bac-b288-70561f5cca64,,0,0
11,73048,t163-sl2-p448-r13,,0,1109,b24bd794-6910-4bac-b288-70561f5cca64,,0,0
11,73048,t17B-sl2-p445-rB,,0,1101,b24bd794-6910-4bac-b288-70561f5cca64,,0,0
11,73048,t567-sl2-p4C4-rC,,0,1102,1dbbbbeb-42db-441e-a61a-5d360f3abf00,,0,0
11,73048,t507-sl2-p4D4-r10,,0,1106,1dbbbbeb-42db-441e-a61a-5d360f3abf00,,0,0
11,73048,t136-sl2-p4D5-r11,,0,1107,1dbbbbeb-42db-441e-a61a-5d360f3abf00,,0,0
11,73048,t198-sl2-p4C4-r4A,,0,3010,1dbbbbeb-42db-441e-a61a-5d360f3abf00,,0,0
11,73048,t46B-sl2-p3F9-rC,,1,1102,b6e5b722-2a80-4476-81da-36083ede0b3f,,0,0
11,73048,t40-sl2-p450-rE,,1,1104,b6e5b722-2a80-4476-81da-36083ede0b3f,,0,0
11,73048,t4F-sl2-p44D-rD,,1,1103,b6e5b722-2a80-4476-81da-36083ede0b3f,,0,0
11,73048,t6E-sl2-p452-rF,,1,1105,b6e5b722-2a80-4476-81da-36083ede0b3f,,0,0
11,73048,t492-sl2-p44C-r10,,1,1106,b6e5b722-2a80-4476-81da-36083ede0b3f,,0,0
11,73048,t4A1-sl2-p44E-r12,,1,1108,b6e5b722-2a80-4476-81da-36083ede0b3f,,0,0
11,73048,t4A9-sl2-p458-r11,,1,1107,b6e5b722-2a80-4476-81da-36083ede0b3f,,0,0
11,73048,t4AD-sl2-p45A-r10,,1,1106,b6e5b722-2a80-4476-81da-36083ede0b3f,,0,0
11,73048,t4BC-sl2-p44F-r12,,1,1108,b6e5b722-2a80-4476-81da-36083ede0b3f,,0,0
11,73048,t4C1-sl2-p451-r4A,,1,3010,b6e5b722-2a80-4476-81da-36083ede0b3f,,0,0
11,73048,t4C6-sl2-p453-r11,,1,1107,b6e5b722-2a80-4476-81da-36083ede0b3f,,0,0
11,73048,t4CC-sl2-p454-r4B,,1,3013,b6e5b722-2a80-4476-81da-36083ede0b3f,,0,0
11,73048,t4D1-sl2-p455-r10,,1,1106,b6e5b722-2a80-4476-81da-36083ede0b3f,,0,0
11,73048,t19A-sl2-p459-r13,,1,1109,b6e5b722-2a80-4476-81da-36083ede0b3f,,0,0
11,73048,t4DF-sl2-p456-rB,,1,1101,b6e5b722-2a80-4476-81da-36083ede0b3f,,0,0
11,73048,t625-sl2-p457-r4A,,1,3010,b6e5b722-2a80-4476-81da-36083ede0b3f,,0,0
11,73049,t4FF-sl3-p4A6-r22,,1,2016,1e9dee90-d363-4652-a8b6-1de038767ea5,,0,0
11,73049,t502-sl3-p4A7-r20,,1,2014,1e9dee90-d363-4652-a8b6-1de038767ea5,,0,0
11,73049,t506-sl3-p3FB-r21,,1,13,1e9dee90-d363-4652-a8b6-1de038767ea5,,0,0
11,73049,t509-sl3-p4A4-r22,,1,2016,1e9dee90-d363-4652-a8b6-1de038767ea5,,0,0
11,73047,t509-sl4-p3FA-r3A,,1,3004,1e9dee90-d363-4652-a8b6-1de038767ea5,,0,0
11,73047,t510-sl4-p4BF-r3B,,1,3005,1e9dee90-d363-4652-a8b6-1de038767ea5,,0,0
11,73049,t4BC-sl3-p4A3-r51,,1,2017,1e9dee90-d363-4652-a8b6-1de038767ea5,,0,0
11,73049,t4C6-sl3-p4A5-r52,,1,2018,1e9dee90-d363-4652-a8b6-1de038767ea5,,0,0
11,73047,t4C6-sl4-p4BE-r3C,,1,3006,1e9dee90-d363-4652-a8b6-1de038767ea5,,0,0
11,73049,t4D1-sl3-p4A3-r53,,1,2019,1e9dee90-d363-4652-a8b6-1de038767ea5,,0,0
11,73049,t1A3-sl3-p4A8-r54,,1,2020,1e9dee90-d363-4652-a8b6-1de038767ea5,,0,0
11,73049,t50C-sl3-p4CE-r20,,1,2014,7b866982-0496-465d-b8d7-43a465e6560f,,0,0
11,73047,t4D1-sl4-p3FC-r3B,,1,3005,7b866982-0496-465d-b8d7-43a465e6560f,,0,0
11,73047,t1A3-sl4-p4C3-r3A,,1,3004,7b866982-0496-465d-b8d7-43a465e6560f,,0,0
11,73048,tC-sl2-p4CC-rB,,1,1101,8c813ae4-7556-41ea-b0be-be3c49bd52a8,,0,0
11,73048,t573-sl2-p4DA-rB,,1,1101,8c813ae4-7556-41ea-b0be-be3c49bd52a8,,0,0
11,73048,t592-sl2-p4DC-rC,,1,1102,8c813ae4-7556-41ea-b0be-be3c49bd52a8,,0,0
11,73048,t1F9-sl2-p4DD-rB,,1,1101,8c813ae4-7556-41ea-b0be-be3c49bd52a8,,0,0
11,73048,t21F-sl2-p4DB-r13,,1,1109,8c813ae4-7556-41ea-b0be-be3c49bd52a8,,0,0
11,73048,t4B5-sl2-p4D9-rB,,1,1101,8c813ae4-7556-41ea-b0be-be3c49bd52a8,,0,0
11,73049,t4F4-sl3-p3F8-r20,,0,2014,5a5d4ad9-e479-4bc5-b81a-0f46638bffa1,,0,0
11,73049,t258-sl3-p3F8-r22,,0,2016,5a5d4ad9-e479-4bc5-b81a-0f46638bffa1,,0,0
11,73047,t258-sl4-p3F7-r3A,,0,3004,5a5d4ad9-e479-4bc5-b81a-0f46638bffa1,,0,0
11,73049,t4FD-sl3-p3F8-r20,,0,2014,5a5d4ad9-e479-4bc5-b81a-0f46638bffa1,,0,0
11,73047,t4FD-sl4-p3F7-r3C,,0,3006,5a5d4ad9-e479-4bc5-b81a-0f46638bffa1,,0,0
11,73049,t50E-sl3-p3F8-r51,,0,2017,5a5d4ad9-e479-4bc5-b81a-0f46638bffa1,,0,0
11,73049,t229-sl3-p3F8-r52,,0,2018,5a5d4ad9-e479-4bc5-b81a-0f46638bffa1,,0,0
11,73049,t513-sl3-p3F8-r53,,0,2019,5a5d4ad9-e479-4bc5-b81a-0f46638bffa1,,0,0
11,73047,t515-sl4-p4BB-r3A,,0,3004,5a5d4ad9-e479-4bc5-b81a-0f46638bffa1,,0,0
11,73049,t515-sl3-p3F8-r54,,0,2020,5a5d4ad9-e479-4bc5-b81a-0f46638bffa1,,0,0
11,73049,t500-sl3-p4C7-r21,,0,13,585e63ce-1ca0-4e76-a0eb-a46be46c9b20,,0,0
11,73047,t500-sl4-p4C6-r3B,,0,3005,585e63ce-1ca0-4e76-a0eb-a46be46c9b20,,0,0
11,73047,t504-sl4-p4C6-r3A,,0,3004,585e63ce-1ca0-4e76-a0eb-a46be46c9b20,,0,0
11,73049,t504-sl3-p4C7-r22,,0,2016,585e63ce-1ca0-4e76-a0eb-a46be46c9b20,,0,0
11,73047,t507-sl4-p4C6-r3C,,0,3006,585e63ce-1ca0-4e76-a0eb-a46be46c9b20,,0,0
11,73047,t50B-sl4-p4C6-r3B,,0,3005,585e63ce-1ca0-4e76-a0eb-a46be46c9b20,,0,0
11,73049,t50B-sl3-p4C7-r21,,0,13,585e63ce-1ca0-4e76-a0eb-a46be46c9b20,,0,0
11,73047,t50E-sl4-p4C6-r3A,,0,3004,585e63ce-1ca0-4e76-a0eb-a46be46c9b20,,0,0
11,73047,t229-sl4-p4C6-r3C,,0,3006,585e63ce-1ca0-4e76-a0eb-a46be46c9b20,,0,0
11,73047,t513-sl4-p4C6-r3B,,0,3005,585e63ce-1ca0-4e76-a0eb-a46be46c9b20,,0,0
11,73049,t61-sl3-p4D1-r20,,1,2014,3591f3c9-3fd2-4f93-a342-9bfce15f8027,,0,0
11,73049,t4FB-sl3-p4E5-r21,,1,13,3591f3c9-3fd2-4f93-a342-9bfce15f8027,,0,0
11,73047,t4FB-sl4-p4E9-r3B,,1,3005,3591f3c9-3fd2-4f93-a342-9bfce15f8027,,0,0
11,73047,t4FF-sl4-p4E9-r3A,,1,3004,3591f3c9-3fd2-4f93-a342-9bfce15f8027,,0,0
11,73047,t502-sl4-p4EA-r3C,,1,3006,3591f3c9-3fd2-4f93-a342-9bfce15f8027,,0,0
11,73047,t506-sl4-p4EA-r3B,,1,3005,3591f3c9-3fd2-4f93-a342-9bfce15f8027,,0,0
11,73047,t50C-sl4-p4D0-r3C,,1,3006,3591f3c9-3fd2-4f93-a342-9bfce15f8027,,0,0
11,73049,t510-sl3-p4E4-r21,,1,13,3591f3c9-3fd2-4f93-a342-9bfce15f8027,,0,0
11,73047,t4BC-sl4-p4EB-r3A,,1,3004,3591f3c9-3fd2-4f93-a342-9bfce15f8027,,0,0
11,73049,t4F8-sl3-p4CA-r21,,0,13,a2ad2bef-7047-4c5e-ba28-1a83e4cfcfae,,0,0
11,73049,t507-sl3-p4CA-r20,,0,2014,a2ad2bef-7047-4c5e-ba28-1a83e4cfcfae,,0,0
11,73048,t674-sl2-p4DE-rB,,1,1101,cb1f5bae-8fc3-4b92-baf9-fc259b50151a,,0,0
11,73049,t67F-sl3-p4E6-r20,,1,2014,cb1f5bae-8fc3-4b92-baf9-fc259b50151a,,0,0
11,73048,t676-sl2-p4E0-rB,,1,1101,cb1f5bae-8fc3-4b92-baf9-fc259b50151a,,0,0
11,73047,t687-sl4-p4D2-r3B,,1,3005,cb1f5bae-8fc3-4b92-baf9-fc259b50151a,,0,0
11,73049,t680-sl3-p4D3-r21,,1,13,cb1f5bae-8fc3-4b92-baf9-fc259b50151a,,0,0
11,73047,t688-sl4-p4D2-r3A,,1,3004,cb1f5bae-8fc3-4b92-baf9-fc259b50151a,,0,0
11,73048,t677-sl2-p4E1-rC,,1,1102,cb1f5bae-8fc3-4b92-baf9-fc259b50151a,,0,0
11,73047,t689-sl4-p4D2-r3C,,1,3006,cb1f5bae-8fc3-4b92-baf9-fc259b50151a,,0,0
11,73048,t679-sl2-p4CD-rB,,1,1101,cb1f5bae-8fc3-4b92-baf9-fc259b50151a,,0,0
11,73047,t68B-sl4-p4D2-r3B,,1,3005,cb1f5bae-8fc3-4b92-baf9-fc259b50151a,,0,0
11,73047,t68D-sl4-p4D2-r3C,,1,3006,cb1f5bae-8fc3-4b92-baf9-fc259b50151a,,0,0
11,73048,t67B-sl2-p4E2-r13,,1,1109,cb1f5bae-8fc3-4b92-baf9-fc259b50151a,,0,0
11,73049,t686-sl3-p4E7-r21,,1,13,cb1f5bae-8fc3-4b92-baf9-fc259b50151a,,0,0
11,73048,t67C-sl2-p4DF-rB,,1,1101,cb1f5bae-8fc3-4b92-baf9-fc259b50151a,,0,0
11,73047,t690-sl4-p4D2-r3A,,1,3004,cb1f5bae-8fc3-4b92-baf9-fc259b50151a,,0,0
11,73048,t675-sl2-p4D6-rC,,0,1102,8417b13e-8ced-4684-a03d-a2d9137464db,,0,0
11,73048,t678-sl2-p4D7-r10,,0,1106,8417b13e-8ced-4684-a03d-a2d9137464db,,0,0
11,73048,t67A-sl2-p4C5-r11,,0,1107,8417b13e-8ced-4684-a03d-a2d9137464db,,0,0
11,73048,t67D-sl2-p4D8-r4A,,0,3010,8417b13e-8ced-4684-a03d-a2d9137464db,,0,0
11,73049,t67E-sl3-p4CB-r21,,0,13,ebaed7ef-8aaa-476e-b286-c9d8ffe38408,,0,0
11,73049,t683-sl3-p4CB-r20,,0,2014,ebaed7ef-8aaa-476e-b286-c9d8ffe38408,,0,0
11,73049,t681-sl3-p4C9-r21,,0,13,92d8e3ef-53d3-4814-a61d-ca1152abfe51,,0,0
11,73047,t681-sl4-p4C8-r3B,,0,3005,92d8e3ef-53d3-4814-a61d-ca1152abfe51,,0,0
11,73049,t682-sl3-p4E3-r22,,0,2016,92d8e3ef-53d3-4814-a61d-ca1152abfe51,,0,0
11,73047,t682-sl4-p4E8-r3A,,0,3004,92d8e3ef-53d3-4814-a61d-ca1152abfe51,,0,0
11,73047,t68A-sl4-p4C8-r3C,,0,3006,92d8e3ef-53d3-4814-a61d-ca1152abfe51,,0,0
11,73049,t684-sl3-p4C9-r21,,0,13,92d8e3ef-53d3-4814-a61d-ca1152abfe51,,0,0
11,73047,t684-sl4-p4C8-r3B,,0,3005,92d8e3ef-53d3-4814-a61d-ca1152abfe51,,0,0
11,73047,t68C-sl4-p4C8-r3A,,0,3004,92d8e3ef-53d3-4814-a61d-ca1152abfe51,,0,0
11,73047,t68E-sl4-p4C8-r3C,,0,3006,92d8e3ef-53d3-4814-a61d-ca1152abfe51,,0,0
11,73047,t68F-sl4-p4C8-r3B,,0,3005,92d8e3ef-53d3-4814-a61d-ca1152abfe51,,0,0
11,73049,t685-sl3-p4CF-r20,,1,2014,811586e4-e4ce-4b15-9f61-e933c946a111,,0,0
29,73048,t46F-sl2-p4FE-r30,,0,2903,ad003bb3-ec9b-4fc2-932e-306eeba4dcec,,0,0
29,73048,t473-sl2-p2E-r2F,,0,2902,ad003bb3-ec9b-4fc2-932e-306eeba4dcec,,0,0
29,73048,t56C-sl2-pE7-r31,,0,2904,ad003bb3-ec9b-4fc2-932e-306eeba4dcec,,0,0
29,73048,t58D-sl2-pE8-r32,,0,2905,ad003bb3-ec9b-4fc2-932e-306eeba4dcec,,0,0
29,73048,t48E-sl2-p460-r33,,0,2906,ad003bb3-ec9b-4fc2-932e-306eeba4dcec,,0,0
29,73048,t5A8-sl2-pE9-r30,,0,2903,ad003bb3-ec9b-4fc2-932e-306eeba4dcec,,0,0
29,73048,t4A4-sl2-p461-r33,,0,2906,ad003bb3-ec9b-4fc2-932e-306eeba4dcec,,0,0
29,73048,t14D-sl2-p509-r33,,0,2906,ad003bb3-ec9b-4fc2-932e-306eeba4dcec,,0,0
29,73048,t14-sl2-p2C2-r2E,,0,2901,ca3e4cdc-998e-4b6b-b0af-002916cc3e63,,0,0
29,73048,t5A4-sl2-pEF-r32,,1,2905,5500c285-bed9-4ca2-9fa5-4a218b05b29b,,0,0
29,73048,t49A-sl2-pF0-r33,,1,2906,5500c285-bed9-4ca2-9fa5-4a218b05b29b,,0,0
29,73048,t5C3-sl2-p31-r30,,1,2903,5500c285-bed9-4ca2-9fa5-4a218b05b29b,,0,0
29,73048,t5E7-sl2-pEE-r33,,1,2906,5500c285-bed9-4ca2-9fa5-4a218b05b29b,,0,0
29,73048,t5F1-sl2-pED-r34,,1,2907,5500c285-bed9-4ca2-9fa5-4a218b05b29b,,0,0
29,73048,t15A-sl2-pED-r35,,1,2908,5500c285-bed9-4ca2-9fa5-4a218b05b29b,,0,0
29,73048,t6B1-sl2-pF1-r36,,1,2909,5500c285-bed9-4ca2-9fa5-4a218b05b29b,,0,0
29,73048,t4C5-sl2-p3FE-r30,,1,2903,86398811-c816-437a-bcd6-095b023c26c6,,0,0
29,73048,t4C7-sl2-p2C-r34,,0,2907,10d0e77a-1d14-4434-a6f5-100a8b39cf75,,0,0
29,73048,t4CE-sl2-pE2-r35,,0,2908,10d0e77a-1d14-4434-a6f5-100a8b39cf75,,0,0
29,73048,t541-sl2-p2F-r2E,,1,2901,05c62217-70f0-4c8f-a240-6c75beef4331,,0,0
29,73048,t547-sl2-pEA-r30,,1,2903,05c62217-70f0-4c8f-a240-6c75beef4331,,0,0
29,73048,t550-sl2-pEB-r31,,1,2904,05c62217-70f0-4c8f-a240-6c75beef4331,,0,0
29,73048,t572-sl2-p462-r32,,1,2905,05c62217-70f0-4c8f-a240-6c75beef4331,,0,0
29,73048,t546-sl2-p34-r2F,,1,2902,8a53db88-2cc8-4b14-a30d-593e6095603b,,0,0
29,73048,t582-sl2-p463-r30,,1,2903,8a53db88-2cc8-4b14-a30d-593e6095603b,,0,0
29,73048,t5DF-sl2-p4FC-r30,,0,2903,7b7eea7c-ee31-426f-88e2-c55dbceb3510,,0,0
29,73048,t61C-sl2-p32-r33,,0,2906,11c4bc38-4893-4037-b06b-c1363d664fef,,0,0
29,73048,t61E-sl2-p338-r36,,0,2909,1d3d206f-ece8-488a-aebb-3382c2eb4d75,,0,0
29,73048,t622-sl2-p2C1-r30,,0,2903,1d3d206f-ece8-488a-aebb-3382c2eb4d75,,0,0
29,73048,t693-sl2-p4FF-r30,,0,2903,6dddafdc-8545-46ca-8a2e-f3ed4c8d6cc3,,0,0
29,73048,t69C-sl2-p50A-r33,,0,2906,6dddafdc-8545-46ca-8a2e-f3ed4c8d6cc3,,0,0
29,73048,t69B-sl2-p4FD-r30,,0,2903,258dcfd2-90f7-439c-b350-ded63b670226,,0,0
3,73048,t26D-sl2-p522-r3F,,0,401,dbb12d9d-71c5-464a-ba75-60dccd3a5230,,0,0
3,73048,t273-sl2-p521-r41,,0,502,dbb12d9d-71c5-464a-ba75-60dccd3a5230,,0,0
3,73049,t273-sl3-p2AF-r16,,0,2003,dbb12d9d-71c5-464a-ba75-60dccd3a5230,,0,0
3,73048,t277-sl2-p520-r40,,0,501,dbb12d9d-71c5-464a-ba75-60dccd3a5230,,0,0
3,73049,t4F7-sl3-p538-r16,,0,2003,dbb12d9d-71c5-464a-ba75-60dccd3a5230,,0,0
3,73048,t47A-sl2-p520-r3F,,0,401,dbb12d9d-71c5-464a-ba75-60dccd3a5230,,0,0
3,73048,t285-sl2-p521-r3E,,0,302,dbb12d9d-71c5-464a-ba75-60dccd3a5230,,0,0
3,73049,t285-sl3-p538-r16,,0,2003,dbb12d9d-71c5-464a-ba75-60dccd3a5230,,0,0
3,73048,t28B-sl2-p521-r40,,0,501,dbb12d9d-71c5-464a-ba75-60dccd3a5230,,0,0
3,73049,t4FC-sl3-p539-r16,,0,2003,dbb12d9d-71c5-464a-ba75-60dccd3a5230,,0,0
3,73048,t291-sl2-p520-r1C,,0,201,dbb12d9d-71c5-464a-ba75-60dccd3a5230,,0,0
3,73048,t299-sl2-p520-r3E,,0,302,dbb12d9d-71c5-464a-ba75-60dccd3a5230,,0,0
3,73049,t299-sl3-p2AF-r16,,0,2003,dbb12d9d-71c5-464a-ba75-60dccd3a5230,,0,0
3,73048,t29D-sl2-p520-r3D,,0,301,dbb12d9d-71c5-464a-ba75-60dccd3a5230,,0,0
3,73049,t501-sl3-p537-r16,,0,2003,dbb12d9d-71c5-464a-ba75-60dccd3a5230,,0,0
3,73048,t2A3-sl2-p521-r1C,,0,201,dbb12d9d-71c5-464a-ba75-60dccd3a5230,,0,0
3,73048,t2AC-sl2-p520-r3E,,0,302,dbb12d9d-71c5-464a-ba75-60dccd3a5230,,0,0
3,73049,t2AC-sl3-p2AF-r16,,0,2003,dbb12d9d-71c5-464a-ba75-60dccd3a5230,,0,0
3,73048,t2B1-sl2-p2B0-r3D,,0,301,dbb12d9d-71c5-464a-ba75-60dccd3a5230,,0,0
3,73049,t505-sl3-p2AF-r16,,0,2003,dbb12d9d-71c5-464a-ba75-60dccd3a5230,,0,0
3,73048,t2B9-sl2-p520-r3F,,0,401,dbb12d9d-71c5-464a-ba75-60dccd3a5230,,0,0
3,73048,t2BC-sl2-p520-r3E,,0,302,dbb12d9d-71c5-464a-ba75-60dccd3a5230,,0,0
3,73049,t2BC-sl3-p2AF-r16,,0,2003,dbb12d9d-71c5-464a-ba75-60dccd3a5230,,0,0
3,73048,t2C3-sl2-p520-r3D,,0,301,dbb12d9d-71c5-464a-ba75-60dccd3a5230,,0,0
3,73049,t50A-sl3-p2AF-r16,,0,2003,dbb12d9d-71c5-464a-ba75-60dccd3a5230,,0,0
3,73048,t2C9-sl2-p520-r1C,,0,201,dbb12d9d-71c5-464a-ba75-60dccd3a5230,,0,0
3,73048,t2D0-sl2-p2B0-r3E,,0,302,dbb12d9d-71c5-464a-ba75-60dccd3a5230,,0,0
3,73049,t2D0-sl3-p535-r16,,0,2003,dbb12d9d-71c5-464a-ba75-60dccd3a5230,,0,0
3,73048,t2D6-sl2-p2B0-r3D,,0,301,dbb12d9d-71c5-464a-ba75-60dccd3a5230,,0,0
3,73049,t50F-sl3-p2AF-r16,,0,2003,dbb12d9d-71c5-464a-ba75-60dccd3a5230,,0,0
3,73048,t2DF-sl2-p2B0-r1C,,0,201,dbb12d9d-71c5-464a-ba75-60dccd3a5230,,0,0
3,73048,t2E5-sl2-p2B0-r41,,0,502,dbb12d9d-71c5-464a-ba75-60dccd3a5230,,0,0
3,73049,t2E5-sl3-p536-r16,,0,2003,dbb12d9d-71c5-464a-ba75-60dccd3a5230,,0,0
3,73048,t2EA-sl2-p523-r40,,0,501,dbb12d9d-71c5-464a-ba75-60dccd3a5230,,0,0
3,73049,t512-sl3-p2AF-r16,,0,2003,dbb12d9d-71c5-464a-ba75-60dccd3a5230,,0,0
3,73048,t2EF-sl2-p2B0-r3F,,0,401,dbb12d9d-71c5-464a-ba75-60dccd3a5230,,0,0
3,73048,t2F5-sl2-p520-r41,,0,502,dbb12d9d-71c5-464a-ba75-60dccd3a5230,,0,0
3,73049,t2F5-sl3-p2AF-r16,,0,2003,dbb12d9d-71c5-464a-ba75-60dccd3a5230,,0,0
3,73048,t2FC-sl2-p520-r3D,,0,301,dbb12d9d-71c5-464a-ba75-60dccd3a5230,,0,0
4,73048,t26F-sl2-p186-r3D,,0,301,a63397fc-9389-4596-9668-7869c90b88fa,,0,0
4,73049,t4F5-sl3-p166-r17,,0,2004,a63397fc-9389-4596-9668-7869c90b88fa,,0,0
4,73048,t275-sl2-p185-r1C,,0,201,a63397fc-9389-4596-9668-7869c90b88fa,,0,0
4,73049,t27C-sl3-p2C8-r17,,0,2004,a63397fc-9389-4596-9668-7869c90b88fa,,0,0
4,73048,t27C-sl2-p188-r41,,0,502,a63397fc-9389-4596-9668-7869c90b88fa,,0,0
4,73048,t281-sl2-p187-r3D,,0,301,a63397fc-9389-4596-9668-7869c90b88fa,,0,0
4,73049,t4F9-sl3-p2C9-r17,,0,2004,a63397fc-9389-4596-9668-7869c90b88fa,,0,0
4,73049,t28E-sl3-p2CA-r17,,0,2004,a63397fc-9389-4596-9668-7869c90b88fa,,0,0
4,73048,t28E-sl2-p189-r41,,0,502,a63397fc-9389-4596-9668-7869c90b88fa,,0,0
4,73048,t295-sl2-p183-r40,,0,501,a63397fc-9389-4596-9668-7869c90b88fa,,0,0
4,73049,t4FE-sl3-p2CB-r17,,0,2004,a63397fc-9389-4596-9668-7869c90b88fa,,0,0
4,73048,t29B-sl2-p524-r3F,,0,401,a63397fc-9389-4596-9668-7869c90b88fa,,0,0
4,73049,t2A0-sl3-p2CC-r17,,0,2004,a63397fc-9389-4596-9668-7869c90b88fa,,0,0
4,73048,t2A0-sl2-p167-r41,,0,502,a63397fc-9389-4596-9668-7869c90b88fa,,0,0
4,73048,t2A7-sl2-p167-r40,,0,501,a63397fc-9389-4596-9668-7869c90b88fa,,0,0
4,73049,t503-sl3-p2CD-r17,,0,2004,a63397fc-9389-4596-9668-7869c90b88fa,,0,0
4,73048,t2AD-sl2-p167-r3F,,0,401,a63397fc-9389-4596-9668-7869c90b88fa,,0,0
4,73049,t2B4-sl3-p2CE-r17,,0,2004,a63397fc-9389-4596-9668-7869c90b88fa,,0,0
4,73048,t2B4-sl2-p167-r41,,0,502,a63397fc-9389-4596-9668-7869c90b88fa,,0,0
4,73048,t2BB-sl2-p184-r40,,0,501,a63397fc-9389-4596-9668-7869c90b88fa,,0,0
4,73049,t508-sl3-p2CB-r17,,0,2004,a63397fc-9389-4596-9668-7869c90b88fa,,0,0
4,73048,t2C2-sl2-p183-r3F,,0,401,a63397fc-9389-4596-9668-7869c90b88fa,,0,0
4,73049,t2C6-sl3-p2CA-r17,,0,2004,a63397fc-9389-4596-9668-7869c90b88fa,,0,0
4,73048,t2CD-sl2-p183-r40,,0,501,a63397fc-9389-4596-9668-7869c90b88fa,,0,0
4,73049,t50D-sl3-p53A-r17,,0,2004,a63397fc-9389-4596-9668-7869c90b88fa,,0,0
4,73048,t2D3-sl2-p189-r3F,,0,401,a63397fc-9389-4596-9668-7869c90b88fa,,0,0
4,73049,t2D9-sl3-p53B-r17,,0,2004,a63397fc-9389-4596-9668-7869c90b88fa,,0,0
4,73048,t2D9-sl2-p189-r3E,,0,302,a63397fc-9389-4596-9668-7869c90b88fa,,0,0
4,73048,t2E0-sl2-p183-r3D,,0,301,a63397fc-9389-4596-9668-7869c90b88fa,,0,0
4,73049,t511-sl3-p53A-r17,,0,2004,a63397fc-9389-4596-9668-7869c90b88fa,,0,0
4,73048,t2E8-sl2-p183-r3F,,0,401,a63397fc-9389-4596-9668-7869c90b88fa,,0,0
4,73049,t2EE-sl3-p2CB-r17,,0,2004,a63397fc-9389-4596-9668-7869c90b88fa,,0,0
4,73048,t2EE-sl2-p167-r3E,,0,302,a63397fc-9389-4596-9668-7869c90b88fa,,0,0
4,73048,t2F4-sl2-p167-r3D,,0,301,a63397fc-9389-4596-9668-7869c90b88fa,,0,0
4,73049,t514-sl3-p53C-r17,,0,2004,a63397fc-9389-4596-9668-7869c90b88fa,,0,0
4,73048,t2F9-sl2-p189-r3F,,0,401,a63397fc-9389-4596-9668-7869c90b88fa,,0,0
4,73048,t2FF-sl2-p189-r3E,,0,302,a63397fc-9389-4596-9668-7869c90b88fa,,0,0
4,73048,t287-sl2-p168-r1C,,0,201,ce8af4ad-71e8-4749-8ae8-c46efb5d7e10,,0,0
4,73048,t2C6-sl2-p18A-r3E,,0,302,ce8af4ad-71e8-4749-8ae8-c46efb5d7e10,,0,0
5,73048,t26C-sl2-p18C-r1C,,0,201,5d5d5944-c1a1-4f98-916f-8a77f0569ae6,,0,0
5,73049,t303-sl3-p169-r18,,0,2005,5d5d5944-c1a1-4f98-916f-8a77f0569ae6,,0,0
5,73048,t272-sl2-p18C-r3E,,0,302,5d5d5944-c1a1-4f98-916f-8a77f0569ae6,,0,0
5,73048,t278-sl2-p190-r3D,,0,301,5d5d5944-c1a1-4f98-916f-8a77f0569ae6,,0,0
5,73049,t309-sl3-p19C-r18,,0,2005,5d5d5944-c1a1-4f98-916f-8a77f0569ae6,,0,0
5,73048,t27E-sl2-p18D-r1C,,0,201,5d5d5944-c1a1-4f98-916f-8a77f0569ae6,,0,0
5,73049,t30E-sl3-p19D-r18,,0,2005,5d5d5944-c1a1-4f98-916f-8a77f0569ae6,,0,0
5,73048,t286-sl2-p525-r41,,0,502,5d5d5944-c1a1-4f98-916f-8a77f0569ae6,,0,0
5,73048,t28A-sl2-p525-r3D,,0,301,5d5d5944-c1a1-4f98-916f-8a77f0569ae6,,0,0
5,73049,t315-sl3-p53E-r18,,0,2005,5d5d5944-c1a1-4f98-916f-8a77f0569ae6,,0,0
5,73048,t290-sl2-p525-r3F,,0,401,5d5d5944-c1a1-4f98-916f-8a77f0569ae6,,0,0
5,73049,t31B-sl3-p53F-r18,,0,2005,5d5d5944-c1a1-4f98-916f-8a77f0569ae6,,0,0
5,73048,t298-sl2-p525-r41,,0,502,5d5d5944-c1a1-4f98-916f-8a77f0569ae6,,0,0
5,73048,t29E-sl2-p16A-r40,,0,501,5d5d5944-c1a1-4f98-916f-8a77f0569ae6,,0,0
5,73049,t322-sl3-p540-r18,,0,2005,5d5d5944-c1a1-4f98-916f-8a77f0569ae6,,0,0
5,73048,t2A4-sl2-p16A-r3F,,0,401,5d5d5944-c1a1-4f98-916f-8a77f0569ae6,,0,0
5,73049,t328-sl3-p541-r18,,0,2005,5d5d5944-c1a1-4f98-916f-8a77f0569ae6,,0,0
5,73048,t2A9-sl2-p16A-r41,,0,502,5d5d5944-c1a1-4f98-916f-8a77f0569ae6,,0,0
5,73048,t2B0-sl2-p16A-r40,,0,501,5d5d5944-c1a1-4f98-916f-8a77f0569ae6,,0,0
5,73049,t32E-sl3-p19E-r18,,0,2005,5d5d5944-c1a1-4f98-916f-8a77f0569ae6,,0,0
5,73048,t2B6-sl2-p18E-r1C,,0,201,5d5d5944-c1a1-4f98-916f-8a77f0569ae6,,0,0
5,73049,t335-sl3-p19E-r18,,0,2005,5d5d5944-c1a1-4f98-916f-8a77f0569ae6,,0,0
5,73048,t2BE-sl2-p16A-r41,,0,502,5d5d5944-c1a1-4f98-916f-8a77f0569ae6,,0,0
5,73048,t2C4-sl2-p16A-r40,,0,501,5d5d5944-c1a1-4f98-916f-8a77f0569ae6,,0,0
5,73049,t33C-sl3-p19F-r18,,0,2005,5d5d5944-c1a1-4f98-916f-8a77f0569ae6,,0,0
5,73048,t2CC-sl2-p16A-r3F,,0,401,5d5d5944-c1a1-4f98-916f-8a77f0569ae6,,0,0
5,73049,t342-sl3-p19F-r18,,0,2005,5d5d5944-c1a1-4f98-916f-8a77f0569ae6,,0,0
5,73048,t2D1-sl2-p18B-r41,,0,502,5d5d5944-c1a1-4f98-916f-8a77f0569ae6,,0,0
5,73048,t2D7-sl2-p18B-r40,,0,501,5d5d5944-c1a1-4f98-916f-8a77f0569ae6,,0,0
5,73049,t349-sl3-p19F-r18,,0,2005,5d5d5944-c1a1-4f98-916f-8a77f0569ae6,,0,0
5,73048,t2DC-sl2-p18B-r3F,,0,401,5d5d5944-c1a1-4f98-916f-8a77f0569ae6,,0,0
5,73049,t34F-sl3-p19F-r18,,0,2005,5d5d5944-c1a1-4f98-916f-8a77f0569ae6,,0,0
5,73048,t2E2-sl2-p18B-r3E,,0,302,5d5d5944-c1a1-4f98-916f-8a77f0569ae6,,0,0
5,73048,t2E9-sl2-p18B-r3D,,0,301,5d5d5944-c1a1-4f98-916f-8a77f0569ae6,,0,0
5,73049,t356-sl3-p19F-r18,,0,2005,5d5d5944-c1a1-4f98-916f-8a77f0569ae6,,0,0
5,73048,t2F2-sl2-p525-r1C,,0,201,5d5d5944-c1a1-4f98-916f-8a77f0569ae6,,0,0
5,73049,t6B0-sl3-p53D-r18,,0,2005,5d5d5944-c1a1-4f98-916f-8a77f0569ae6,,0,0
5,73048,t2F8-sl2-p525-r3E,,0,302,5d5d5944-c1a1-4f98-916f-8a77f0569ae6,,0,0
5,73048,t2FD-sl2-p18F-r40,,0,501,5d5d5944-c1a1-4f98-916f-8a77f0569ae6,,0,0
6,73048,t276-sl2-p527-r42,,0,601,791f35c8-cb6f-4317-ad89-2a5421f198ef,,0,0
6,73049,t276-sl3-p544-r19,,0,2006,791f35c8-cb6f-4317-ad89-2a5421f198ef,,0,0
6,73048,t280-sl2-p528-r42,,0,601,791f35c8-cb6f-4317-ad89-2a5421f198ef,,0,0
6,73049,t280-sl3-p544-r19,,0,2006,791f35c8-cb6f-4317-ad89-2a5421f198ef,,0,0
6,73049,t289-sl3-p16B-r19,,0,2006,791f35c8-cb6f-4317-ad89-2a5421f198ef,,0,0
6,73048,t289-sl2-p526-r42,,0,601,791f35c8-cb6f-4317-ad89-2a5421f198ef,,0,0
6,73048,t293-sl2-p16C-r42,,0,601,791f35c8-cb6f-4317-ad89-2a5421f198ef,,0,0
6,73049,t293-sl3-p16B-r19,,0,2006,791f35c8-cb6f-4317-ad89-2a5421f198ef,,0,0
6,73049,t29C-sl3-p16B-r19,,0,2006,791f35c8-cb6f-4317-ad89-2a5421f198ef,,0,0
6,73048,t29C-sl2-p16C-r42,,0,601,791f35c8-cb6f-4317-ad89-2a5421f198ef,,0,0
6,73049,t2A6-sl3-p16B-r19,,0,2006,791f35c8-cb6f-4317-ad89-2a5421f198ef,,0,0
6,73048,t2A6-sl2-p16C-r42,,0,601,791f35c8-cb6f-4317-ad89-2a5421f198ef,,0,0
6,73049,t2AE-sl3-p16B-r19,,0,2006,791f35c8-cb6f-4317-ad89-2a5421f198ef,,0,0
6,73048,t2AE-sl2-p16C-r42,,0,601,791f35c8-cb6f-4317-ad89-2a5421f198ef,,0,0
6,73049,t2B7-sl3-p543-r19,,0,2006,791f35c8-cb6f-4317-ad89-2a5421f198ef,,0,0
6,73048,t2B7-sl2-p16C-r42,,0,601,791f35c8-cb6f-4317-ad89-2a5421f198ef,,0,0
6,73049,t2C1-sl3-p16B-r19,,0,2006,791f35c8-cb6f-4317-ad89-2a5421f198ef,,0,0
6,73048,t2C1-sl2-p2E8-r42,,0,601,791f35c8-cb6f-4317-ad89-2a5421f198ef,,0,0
6,73049,t2CA-sl3-p16B-r19,,0,2006,791f35c8-cb6f-4317-ad89-2a5421f198ef,,0,0
6,73048,t2CA-sl2-p2E8-r42,,0,601,791f35c8-cb6f-4317-ad89-2a5421f198ef,,0,0
6,73049,t2D4-sl3-p16B-r19,,0,2006,791f35c8-cb6f-4317-ad89-2a5421f198ef,,0,0
6,73048,t2D4-sl2-p2E8-r42,,0,601,791f35c8-cb6f-4317-ad89-2a5421f198ef,,0,0
6,73049,t2DD-sl3-p542-r19,,0,2006,791f35c8-cb6f-4317-ad89-2a5421f198ef,,0,0
6,73048,t2DD-sl2-p2E8-r42,,0,601,791f35c8-cb6f-4317-ad89-2a5421f198ef,,0,0
6,73049,t2E7-sl3-p542-r19,,0,2006,791f35c8-cb6f-4317-ad89-2a5421f198ef,,0,0
6,73048,t2E7-sl2-p16C-r42,,0,601,791f35c8-cb6f-4317-ad89-2a5421f198ef,,0,0
6,73049,t2F0-sl3-p542-r19,,0,2006,791f35c8-cb6f-4317-ad89-2a5421f198ef,,0,0
6,73048,t2F0-sl2-p526-r42,,0,601,791f35c8-cb6f-4317-ad89-2a5421f198ef,,0,0
6,73049,t2FA-sl3-p542-r19,,0,2006,791f35c8-cb6f-4317-ad89-2a5421f198ef,,0,0
6,73048,t2FA-sl2-p526-r42,,0,601,791f35c8-cb6f-4317-ad89-2a5421f198ef,,0,0
6,73048,t301-sl2-p526-r42,,0,601,791f35c8-cb6f-4317-ad89-2a5421f198ef,,0,0
1,73048,t470-sl2-p51A-rA,,0,101,c750ec97-abb0-47ef-833a-59ee87766c26,,0,0
1,73049,t470-sl3-p2AB-r14,,0,2001,c750ec97-abb0-47ef-833a-59ee87766c26,,0,0
1,73048,t478-sl2-p51B-rA,,0,101,c750ec97-abb0-47ef-833a-59ee87766c26,,0,0
1,73049,t478-sl3-p529-r14,,0,2001,c750ec97-abb0-47ef-833a-59ee87766c26,,0,0
1,73049,t47F-sl3-p52A-r14,,0,2001,c750ec97-abb0-47ef-833a-59ee87766c26,,0,0
1,73048,t47F-sl2-p2AC-rA,,0,101,c750ec97-abb0-47ef-833a-59ee87766c26,,0,0
1,73048,t487-sl2-p51C-rA,,0,101,c750ec97-abb0-47ef-833a-59ee87766c26,,0,0
1,73049,t487-sl3-p530-r14,,0,2001,c750ec97-abb0-47ef-833a-59ee87766c26,,0,0
1,73049,t48D-sl3-p531-r14,,0,2001,c750ec97-abb0-47ef-833a-59ee87766c26,,0,0
1,73048,t48D-sl2-p2AC-rA,,0,101,c750ec97-abb0-47ef-833a-59ee87766c26,,0,0
1,73048,t491-sl2-p517-rA,,0,101,c750ec97-abb0-47ef-833a-59ee87766c26,,0,0
1,73049,t491-sl3-p532-r14,,0,2001,c750ec97-abb0-47ef-833a-59ee87766c26,,0,0
1,73048,t498-sl2-p518-rA,,0,101,c750ec97-abb0-47ef-833a-59ee87766c26,,0,0
1,73049,t498-sl3-p533-r14,,0,2001,c750ec97-abb0-47ef-833a-59ee87766c26,,0,0
1,73048,t4A0-sl2-p518-rA,,0,101,c750ec97-abb0-47ef-833a-59ee87766c26,,0,0
1,73049,t4A0-sl3-p534-r14,,0,2001,c750ec97-abb0-47ef-833a-59ee87766c26,,0,0
1,73049,t4A5-sl3-p534-r14,,0,2001,c750ec97-abb0-47ef-833a-59ee87766c26,,0,0
1,73048,t4A5-sl2-p518-rA,,0,101,c750ec97-abb0-47ef-833a-59ee87766c26,,0,0
1,73049,t4AA-sl3-p52B-r14,,0,2001,c750ec97-abb0-47ef-833a-59ee87766c26,,0,0
1,73048,t4AA-sl2-p518-rA,,0,101,c750ec97-abb0-47ef-833a-59ee87766c26,,0,0
1,73048,t2D2-sl2-p519-rA,,0,101,c750ec97-abb0-47ef-833a-59ee87766c26,,0,0
1,73049,t2D2-sl3-p52C-r14,,0,2001,c750ec97-abb0-47ef-833a-59ee87766c26,,0,0
1,73048,t4B2-sl2-p51D-rA,,0,101,c750ec97-abb0-47ef-833a-59ee87766c26,,0,0
1,73049,t4B2-sl3-p52D-r14,,0,2001,c750ec97-abb0-47ef-833a-59ee87766c26,,0,0
1,73049,t4BA-sl3-p52E-r14,,0,2001,c750ec97-abb0-47ef-833a-59ee87766c26,,0,0
1,73048,t4BA-sl2-p51E-rA,,0,101,c750ec97-abb0-47ef-833a-59ee87766c26,,0,0
1,73049,t4C2-sl3-p52A-r14,,0,2001,c750ec97-abb0-47ef-833a-59ee87766c26,,0,0
1,73048,t4C2-sl2-p51E-rA,,0,101,c750ec97-abb0-47ef-833a-59ee87766c26,,0,0
1,73048,t4C9-sl2-p51F-rA,,0,101,c750ec97-abb0-47ef-833a-59ee87766c26,,0,0
1,73049,t4C9-sl3-p52F-r14,,0,2001,c750ec97-abb0-47ef-833a-59ee87766c26,,0,0
2,73048,t26E-sl2-p2AE-r40,,0,501,3c92b42b-fbe2-4a34-8b2a-4ea75a5f2960,,0,0
2,73049,t304-sl3-p2AD-r15,,0,2002,3c92b42b-fbe2-4a34-8b2a-4ea75a5f2960,,0,0
2,73048,t274-sl2-p2AE-r3F,,0,401,3c92b42b-fbe2-4a34-8b2a-4ea75a5f2960,,0,0
2,73049,t27A-sl3-p2AD-r15,,0,2002,3c92b42b-fbe2-4a34-8b2a-4ea75a5f2960,,0,0
2,73048,t476-sl2-p2AE-r3E,,0,302,3c92b42b-fbe2-4a34-8b2a-4ea75a5f2960,,0,0
2,73048,t282-sl2-p2AE-r40,,0,501,3c92b42b-fbe2-4a34-8b2a-4ea75a5f2960,,0,0
2,73049,t30F-sl3-p2AD-r15,,0,2002,3c92b42b-fbe2-4a34-8b2a-4ea75a5f2960,,0,0
2,73048,t288-sl2-p2AE-r3F,,0,401,3c92b42b-fbe2-4a34-8b2a-4ea75a5f2960,,0,0
2,73049,t316-sl3-p2AD-r15,,0,2002,3c92b42b-fbe2-4a34-8b2a-4ea75a5f2960,,0,0
2,73048,t28F-sl2-p2AE-r3E,,0,302,3c92b42b-fbe2-4a34-8b2a-4ea75a5f2960,,0,0
2,73048,t294-sl2-p2AE-r3D,,0,301,3c92b42b-fbe2-4a34-8b2a-4ea75a5f2960,,0,0
2,73049,t31E-sl3-p2AD-r15,,0,2002,3c92b42b-fbe2-4a34-8b2a-4ea75a5f2960,,0,0
2,73048,t29A-sl2-p2AE-r1C,,0,201,3c92b42b-fbe2-4a34-8b2a-4ea75a5f2960,,0,0
2,73049,t325-sl3-p2AD-r15,,0,2002,3c92b42b-fbe2-4a34-8b2a-4ea75a5f2960,,0,0
2,73048,t2A2-sl2-p2AE-r3E,,0,302,3c92b42b-fbe2-4a34-8b2a-4ea75a5f2960,,0,0
2,73048,t2A8-sl2-p2AE-r3D,,0,301,3c92b42b-fbe2-4a34-8b2a-4ea75a5f2960,,0,0
2,73049,t32B-sl3-p2AD-r15,,0,2002,3c92b42b-fbe2-4a34-8b2a-4ea75a5f2960,,0,0
2,73048,t2AF-sl2-p2AE-r1C,,0,201,3c92b42b-fbe2-4a34-8b2a-4ea75a5f2960,,0,0
2,73049,t332-sl3-p2AD-r15,,0,2002,3c92b42b-fbe2-4a34-8b2a-4ea75a5f2960,,0,0
2,73048,t2B3-sl2-p2AE-r3E,,0,302,3c92b42b-fbe2-4a34-8b2a-4ea75a5f2960,,0,0
2,73048,t2BA-sl2-p2AE-r3D,,0,301,3c92b42b-fbe2-4a34-8b2a-4ea75a5f2960,,0,0
2,73049,t338-sl3-p2AD-r15,,0,2002,3c92b42b-fbe2-4a34-8b2a-4ea75a5f2960,,0,0
2,73048,t2C0-sl2-p2AE-r1C,,0,201,3c92b42b-fbe2-4a34-8b2a-4ea75a5f2960,,0,0
2,73049,t33F-sl3-p2AD-r15,,0,2002,3c92b42b-fbe2-4a34-8b2a-4ea75a5f2960,,0,0
2,73048,t2C7-sl2-p2AE-r41,,0,502,3c92b42b-fbe2-4a34-8b2a-4ea75a5f2960,,0,0
2,73048,t2CE-sl2-p2AE-r3D,,0,301,3c92b42b-fbe2-4a34-8b2a-4ea75a5f2960,,0,0
2,73049,t345-sl3-p2AD-r15,,0,2002,3c92b42b-fbe2-4a34-8b2a-4ea75a5f2960,,0,0
2,73048,t2D5-sl2-p2AE-r1C,,0,201,3c92b42b-fbe2-4a34-8b2a-4ea75a5f2960,,0,0
2,73049,t34A-sl3-p2AD-r15,,0,2002,3c92b42b-fbe2-4a34-8b2a-4ea75a5f2960,,0,0
2,73048,t2DB-sl2-p2AE-r41,,0,502,3c92b42b-fbe2-4a34-8b2a-4ea75a5f2960,,0,0
2,73048,t2E1-sl2-p2AE-r40,,0,501,3c92b42b-fbe2-4a34-8b2a-4ea75a5f2960,,0,0
2,73049,t350-sl3-p2AD-r15,,0,2002,3c92b42b-fbe2-4a34-8b2a-4ea75a5f2960,,0,0
2,73048,t2E6-sl2-p2AE-r1C,,0,201,3c92b42b-fbe2-4a34-8b2a-4ea75a5f2960,,0,0
2,73049,t357-sl3-p2AD-r15,,0,2002,3c92b42b-fbe2-4a34-8b2a-4ea75a5f2960,,0,0
2,73048,t2EC-sl2-p2AE-r41,,0,502,3c92b42b-fbe2-4a34-8b2a-4ea75a5f2960,,0,0
2,73048,t2F3-sl2-p2AE-r40,,0,501,3c92b42b-fbe2-4a34-8b2a-4ea75a5f2960,,0,0
2,73049,t35D-sl3-p2AD-r15,,0,2002,3c92b42b-fbe2-4a34-8b2a-4ea75a5f2960,,0,0
2,73048,t2FB-sl2-p2AE-r1C,,0,201,3c92b42b-fbe2-4a34-8b2a-4ea75a5f2960,,0,0
2,73048,t300-sl2-p2AE-r41,,0,502,3c92b42b-fbe2-4a34-8b2a-4ea75a5f2960,,0,0
7,73048,t307-sl2-p16E-r43,,0,701,2e1320d3-8bec-4014-8210-6f96fea9898f,,0,0
7,73049,t307-sl3-p16D-r1A,,0,2007,2e1320d3-8bec-4014-8210-6f96fea9898f,,0,0
7,73049,t475-sl3-p16D-r1A,,0,2007,2e1320d3-8bec-4014-8210-6f96fea9898f,,0,0
7,73048,t475-sl2-p16E-r43,,0,701,2e1320d3-8bec-4014-8210-6f96fea9898f,,0,0
7,73049,t47B-sl3-p16D-r1A,,0,2007,2e1320d3-8bec-4014-8210-6f96fea9898f,,0,0
7,73048,t47B-sl2-p16E-r43,,0,701,2e1320d3-8bec-4014-8210-6f96fea9898f,,0,0
7,73049,t484-sl3-p16D-r1A,,0,2007,2e1320d3-8bec-4014-8210-6f96fea9898f,,0,0
7,73048,t484-sl2-p16E-r43,,0,701,2e1320d3-8bec-4014-8210-6f96fea9898f,,0,0
7,73049,t488-sl3-p16D-r1A,,0,2007,2e1320d3-8bec-4014-8210-6f96fea9898f,,0,0
7,73048,t488-sl2-p16E-r43,,0,701,2e1320d3-8bec-4014-8210-6f96fea9898f,,0,0
7,73048,t296-sl2-p16E-r43,,0,701,2e1320d3-8bec-4014-8210-6f96fea9898f,,0,0
7,73049,t296-sl3-p16D-r1A,,0,2007,2e1320d3-8bec-4014-8210-6f96fea9898f,,0,0
7,73049,t321-sl3-p16D-r1A,,0,2007,2e1320d3-8bec-4014-8210-6f96fea9898f,,0,0
7,73048,t321-sl2-p16E-r43,,0,701,2e1320d3-8bec-4014-8210-6f96fea9898f,,0,0
7,73048,t494-sl2-p16E-r43,,0,701,2e1320d3-8bec-4014-8210-6f96fea9898f,,0,0
7,73049,t494-sl3-p16D-r1A,,0,2007,2e1320d3-8bec-4014-8210-6f96fea9898f,,0,0
7,73048,t499-sl2-p16E-r43,,0,701,2e1320d3-8bec-4014-8210-6f96fea9898f,,0,0
7,73049,t499-sl3-p16D-r1A,,0,2007,2e1320d3-8bec-4014-8210-6f96fea9898f,,0,0
7,73049,t49F-sl3-p16D-r1A,,0,2007,2e1320d3-8bec-4014-8210-6f96fea9898f,,0,0
7,73048,t49F-sl2-p16E-r43,,0,701,2e1320d3-8bec-4014-8210-6f96fea9898f,,0,0
7,73049,t4A2-sl3-p16D-r1A,,0,2007,2e1320d3-8bec-4014-8210-6f96fea9898f,,0,0
7,73048,t4A2-sl2-p16E-r43,,0,701,2e1320d3-8bec-4014-8210-6f96fea9898f,,0,0
7,73049,t2C5-sl3-p16D-r1A,,0,2007,2e1320d3-8bec-4014-8210-6f96fea9898f,,0,0
7,73048,t2C5-sl2-p16E-r43,,0,701,2e1320d3-8bec-4014-8210-6f96fea9898f,,0,0
7,73049,t340-sl3-p16D-r1A,,0,2007,2e1320d3-8bec-4014-8210-6f96fea9898f,,0,0
7,73048,t340-sl2-p16E-r43,,0,701,2e1320d3-8bec-4014-8210-6f96fea9898f,,0,0
7,73048,t4AF-sl2-p16E-r43,,0,701,2e1320d3-8bec-4014-8210-6f96fea9898f,,0,0
7,73049,t4AF-sl3-p16D-r1A,,0,2007,2e1320d3-8bec-4014-8210-6f96fea9898f,,0,0
7,73048,t4B1-sl2-p16E-r43,,0,701,2e1320d3-8bec-4014-8210-6f96fea9898f,,0,0
7,73049,t4B1-sl3-p16D-r1A,,0,2007,2e1320d3-8bec-4014-8210-6f96fea9898f,,0,0
7,73048,t4B7-sl2-p16E-r43,,0,701,2e1320d3-8bec-4014-8210-6f96fea9898f,,0,0
7,73049,t4B7-sl3-p16D-r1A,,0,2007,2e1320d3-8bec-4014-8210-6f96fea9898f,,0,0
7,73049,t4BF-sl3-p16D-r1A,,0,2007,2e1320d3-8bec-4014-8210-6f96fea9898f,,0,0
7,73048,t4BF-sl2-p16E-r43,,0,701,2e1320d3-8bec-4014-8210-6f96fea9898f,,0,0
7,73048,t2F1-sl2-p16E-r43,,0,701,2e1320d3-8bec-4014-8210-6f96fea9898f,,0,0
7,73049,t2F1-sl3-p16D-r1A,,0,2007,2e1320d3-8bec-4014-8210-6f96fea9898f,,0,0
7,73049,t360-sl3-p16D-r1A,,0,2007,2e1320d3-8bec-4014-8210-6f96fea9898f,,0,0
7,73048,t360-sl2-p16E-r43,,0,701,2e1320d3-8bec-4014-8210-6f96fea9898f,,0,0
7,73048,t4D0-sl2-p16E-r43,,0,701,2e1320d3-8bec-4014-8210-6f96fea9898f,,0,0
8,73048,t32-sl2-p8F-r44,,0,801,93a6735a-8af3-4512-8bab-a00b77066f6f,,0,0
8,73049,t1C4-sl3-p19-r1B,,0,2008,93a6735a-8af3-4512-8bab-a00b77066f6f,,0,0
8,73048,t1C4-sl2-p1A-r45,,0,802,93a6735a-8af3-4512-8bab-a00b77066f6f,,0,0
8,73048,t59-sl2-p90-r44,,0,801,93a6735a-8af3-4512-8bab-a00b77066f6f,,0,0
8,73049,t68-sl3-p19-r1B,,0,2008,93a6735a-8af3-4512-8bab-a00b77066f6f,,0,0
8,73048,t68-sl2-p2ED-r45,,0,802,93a6735a-8af3-4512-8bab-a00b77066f6f,,0,0
8,73048,t74-sl2-p1A-r44,,0,801,93a6735a-8af3-4512-8bab-a00b77066f6f,,0,0
8,73049,t87-sl3-p19-r1B,,0,2008,93a6735a-8af3-4512-8bab-a00b77066f6f,,0,0
8,73048,t87-sl2-p1A-r45,,0,802,93a6735a-8af3-4512-8bab-a00b77066f6f,,0,0
8,73048,t91-sl2-p8A-r44,,0,801,93a6735a-8af3-4512-8bab-a00b77066f6f,,0,0
8,73049,tA5-sl3-p19-r1B,,0,2008,93a6735a-8af3-4512-8bab-a00b77066f6f,,0,0
8,73048,tA5-sl2-p8A-r45,,0,802,93a6735a-8af3-4512-8bab-a00b77066f6f,,0,0
8,73048,tAE-sl2-p1A-r44,,0,801,93a6735a-8af3-4512-8bab-a00b77066f6f,,0,0
8,73049,tC0-sl3-p19-r1B,,0,2008,93a6735a-8af3-4512-8bab-a00b77066f6f,,0,0
8,73048,tC0-sl2-p8A-r45,,0,802,93a6735a-8af3-4512-8bab-a00b77066f6f,,0,0
8,73048,tD2-sl2-p8A-r44,,0,801,93a6735a-8af3-4512-8bab-a00b77066f6f,,0,0
8,73049,tE0-sl3-p19-r1B,,0,2008,93a6735a-8af3-4512-8bab-a00b77066f6f,,0,0
8,73048,tE0-sl2-p8A-r45,,0,802,93a6735a-8af3-4512-8bab-a00b77066f6f,,0,0
8,73048,tF0-sl2-p8B-r44,,0,801,93a6735a-8af3-4512-8bab-a00b77066f6f,,0,0
8,73049,tFA-sl3-p19-r1B,,0,2008,93a6735a-8af3-4512-8bab-a00b77066f6f,,0,0
8,73048,tFA-sl2-p90-r45,,0,802,93a6735a-8af3-4512-8bab-a00b77066f6f,,0,0
8,73048,t109-sl2-p8C-r44,,0,801,93a6735a-8af3-4512-8bab-a00b77066f6f,,0,0
8,73049,t110-sl3-p19-r1B,,0,2008,93a6735a-8af3-4512-8bab-a00b77066f6f,,0,0
8,73048,t110-sl2-p1A-r45,,0,802,93a6735a-8af3-4512-8bab-a00b77066f6f,,0,0
8,73048,t124-sl2-p91-r44,,0,801,93a6735a-8af3-4512-8bab-a00b77066f6f,,0,0
8,73049,t12E-sl3-p19-r1B,,0,2008,93a6735a-8af3-4512-8bab-a00b77066f6f,,0,0
8,73048,t12E-sl2-p8D-r45,,0,802,93a6735a-8af3-4512-8bab-a00b77066f6f,,0,0
8,73048,t144-sl2-p2EC-r44,,0,801,93a6735a-8af3-4512-8bab-a00b77066f6f,,0,0
8,73049,t153-sl3-p19-r1B,,0,2008,93a6735a-8af3-4512-8bab-a00b77066f6f,,0,0
8,73048,t153-sl2-p1A-r45,,0,802,93a6735a-8af3-4512-8bab-a00b77066f6f,,0,0
8,73048,t166-sl2-p90-r44,,0,801,93a6735a-8af3-4512-8bab-a00b77066f6f,,0,0
8,73049,t171-sl3-p19-r1B,,0,2008,93a6735a-8af3-4512-8bab-a00b77066f6f,,0,0
8,73048,t171-sl2-p1A-r45,,0,802,93a6735a-8af3-4512-8bab-a00b77066f6f,,0,0
8,73048,t184-sl2-p8F-r44,,0,801,93a6735a-8af3-4512-8bab-a00b77066f6f,,0,0
8,73048,t191-sl2-p8E-r45,,0,802,93a6735a-8af3-4512-8bab-a00b77066f6f,,0,0
8,73048,t21-sl2-p89-r44,,1,801,1ff84a21-2ca6-4101-b0b0-08d1cace5804,,0,0
8,73049,t35-sl3-p10C-r1B,,1,2008,1ff84a21-2ca6-4101-b0b0-08d1cace5804,,0,0
8,73048,t35-sl2-p89-r45,,1,802,1ff84a21-2ca6-4101-b0b0-08d1cace5804,,0,0
8,73048,t48-sl2-p86-r44,,1,801,1ff84a21-2ca6-4101-b0b0-08d1cace5804,,0,0
8,73048,t5C-sl2-p87-r45,,1,802,1ff84a21-2ca6-4101-b0b0-08d1cace5804,,0,0
8,73049,t5C-sl3-p10B-r1B,,1,2008,1ff84a21-2ca6-4101-b0b0-08d1cace5804,,0,0
8,73048,t66-sl2-p86-r44,,1,801,1ff84a21-2ca6-4101-b0b0-08d1cace5804,,0,0
8,73049,t78-sl3-p10B-r1B,,1,2008,1ff84a21-2ca6-4101-b0b0-08d1cace5804,,0,0
8,73048,t78-sl2-p86-r45,,1,802,1ff84a21-2ca6-4101-b0b0-08d1cace5804,,0,0
8,73048,t83-sl2-p87-r44,,1,801,1ff84a21-2ca6-4101-b0b0-08d1cace5804,,0,0
8,73048,t98-sl2-p2E9-r45,,1,802,1ff84a21-2ca6-4101-b0b0-08d1cace5804,,0,0
8,73049,t98-sl3-p17-r1B,,1,2008,1ff84a21-2ca6-4101-b0b0-08d1cace5804,,0,0
8,73048,tA2-sl2-p18-r44,,1,801,1ff84a21-2ca6-4101-b0b0-08d1cace5804,,0,0
8,73048,tB4-sl2-p85-r45,,1,802,1ff84a21-2ca6-4101-b0b0-08d1cace5804,,0,0
8,73049,tB4-sl3-p17-r1B,,1,2008,1ff84a21-2ca6-4101-b0b0-08d1cace5804,,0,0
8,73048,tC1-sl2-p85-r44,,1,801,1ff84a21-2ca6-4101-b0b0-08d1cace5804,,0,0
8,73048,tD1-sl2-p2EA-r45,,1,802,1ff84a21-2ca6-4101-b0b0-08d1cace5804,,0,0
8,73049,tD1-sl3-p17-r1B,,1,2008,1ff84a21-2ca6-4101-b0b0-08d1cace5804,,0,0
8,73048,tE2-sl2-p85-r44,,1,801,1ff84a21-2ca6-4101-b0b0-08d1cace5804,,0,0
8,73049,tEA-sl3-p17-r1B,,1,2008,1ff84a21-2ca6-4101-b0b0-08d1cace5804,,0,0
8,73048,tEA-sl2-p85-r45,,1,802,1ff84a21-2ca6-4101-b0b0-08d1cace5804,,0,0
8,73048,tFD-sl2-p85-r44,,1,801,1ff84a21-2ca6-4101-b0b0-08d1cace5804,,0,0
8,73049,t104-sl3-p17-r1B,,1,2008,1ff84a21-2ca6-4101-b0b0-08d1cace5804,,0,0
8,73048,t104-sl2-p85-r45,,1,802,1ff84a21-2ca6-4101-b0b0-08d1cace5804,,0,0
8,73048,t112-sl2-p85-r44,,1,801,1ff84a21-2ca6-4101-b0b0-08d1cace5804,,0,0
8,73048,t121-sl2-p85-r45,,1,802,1ff84a21-2ca6-4101-b0b0-08d1cace5804,,0,0
8,73049,t121-sl3-p17-r1B,,1,2008,1ff84a21-2ca6-4101-b0b0-08d1cace5804,,0,0
8,73048,t132-sl2-p85-r44,,1,801,1ff84a21-2ca6-4101-b0b0-08d1cace5804,,0,0
8,73049,t141-sl3-p17-r1B,,1,2008,1ff84a21-2ca6-4101-b0b0-08d1cace5804,,0,0
8,73048,t141-sl2-p85-r45,,1,802,1ff84a21-2ca6-4101-b0b0-08d1cace5804,,0,0
8,73048,t158-sl2-p85-r44,,1,801,1ff84a21-2ca6-4101-b0b0-08d1cace5804,,0,0
8,73048,t161-sl2-p85-r45,,1,802,1ff84a21-2ca6-4101-b0b0-08d1cace5804,,0,0
8,73049,t161-sl3-p17-r1B,,1,2008,1ff84a21-2ca6-4101-b0b0-08d1cace5804,,0,0
8,73048,t173-sl2-p88-r44,,1,801,1ff84a21-2ca6-4101-b0b0-08d1cace5804,,0,0
8,73048,t181-sl2-p88-r45,,1,802,1ff84a21-2ca6-4101-b0b0-08d1cace5804,,0,0
10,73049,t257-sl3-p4EF-r1D,,0,2011,ce0edcc1-47ae-457d-bb81-400bb65a24c0,,0,0
10,73049,t82-sl3-p4EF-r1E,,0,2012,ce0edcc1-47ae-457d-bb81-400bb65a24c0,,0,0
10,73047,t667-sl4-p4EE-r38,,0,3002,ce0edcc1-47ae-457d-bb81-400bb65a24c0,,0,0
10,73049,t1E6-sl3-p4EF-r1F,,0,2013,ce0edcc1-47ae-457d-bb81-400bb65a24c0,,0,0
10,73047,t669-sl4-p4EE-r39,,0,3003,ce0edcc1-47ae-457d-bb81-400bb65a24c0,,0,0
10,73047,t66B-sl4-p4EE-r37,,0,3001,ce0edcc1-47ae-457d-bb81-400bb65a24c0,,0,0
10,73049,t201-sl3-p4EF-r1E,,0,2012,ce0edcc1-47ae-457d-bb81-400bb65a24c0,,0,0
10,73047,t66E-sl4-p4EE-r39,,0,3003,ce0edcc1-47ae-457d-bb81-400bb65a24c0,,0,0
10,73047,t66F-sl4-p4EE-r37,,0,3001,ce0edcc1-47ae-457d-bb81-400bb65a24c0,,0,0
10,73047,t233-sl4-p4EE-r38,,0,3002,ce0edcc1-47ae-457d-bb81-400bb65a24c0,,0,0
10,73049,t233-sl3-p4EF-r1F,,0,2013,ce0edcc1-47ae-457d-bb81-400bb65a24c0,,0,0
10,73048,t54A-sl2-p3F2-r1,,1,1001,e0f0d757-92b6-4fe3-8c1b-79d528a0c707,,0,0
10,73048,t55A-sl2-p42F-r3,,1,1003,e0f0d757-92b6-4fe3-8c1b-79d528a0c707,,0,0
10,73048,t56A-sl2-p42F-r4,,1,1004,e0f0d757-92b6-4fe3-8c1b-79d528a0c707,,0,0
10,73048,t571-sl2-p431-r5,,1,1005,e0f0d757-92b6-4fe3-8c1b-79d528a0c707,,0,0
10,73048,t581-sl2-p433-r1,,1,1001,e0f0d757-92b6-4fe3-8c1b-79d528a0c707,,0,0
10,73048,tB3-sl2-p435-r3,,1,1003,e0f0d757-92b6-4fe3-8c1b-79d528a0c707,,0,0
10,73048,t1FA-sl2-p439-r5,,1,1005,e0f0d757-92b6-4fe3-8c1b-79d528a0c707,,0,0
10,73048,t5BC-sl2-p432-r1,,1,1001,e0f0d757-92b6-4fe3-8c1b-79d528a0c707,,0,0
10,73048,t5DA-sl2-p432-r3,,1,1003,e0f0d757-92b6-4fe3-8c1b-79d528a0c707,,0,0
10,73048,t12F-sl2-p436-r5,,1,1005,e0f0d757-92b6-4fe3-8c1b-79d528a0c707,,0,0
10,73048,t155-sl2-p438-r1,,1,1001,e0f0d757-92b6-4fe3-8c1b-79d528a0c707,,0,0
10,73048,t177-sl2-p430-r2,,1,1002,e0f0d757-92b6-4fe3-8c1b-79d528a0c707,,0,0
10,73048,t186-sl2-p434-r3,,1,1003,e0f0d757-92b6-4fe3-8c1b-79d528a0c707,,0,0
10,73048,t61D-sl2-p437-r6,,1,1006,e0f0d757-92b6-4fe3-8c1b-79d528a0c707,,0,0
10,73049,t4F6-sl3-p3F4-r1D,,1,2011,dd87afa8-8f46-44b6-ae88-8721c4c365af,,0,0
10,73049,t1CB-sl3-p498-r1E,,1,2012,dd87afa8-8f46-44b6-ae88-8721c4c365af,,0,0
10,73047,t665-sl4-p3F3-r38,,1,3002,dd87afa8-8f46-44b6-ae88-8721c4c365af,,0,0
10,73049,t1D8-sl3-p499-r1F,,1,2013,dd87afa8-8f46-44b6-ae88-8721c4c365af,,0,0
10,73047,t666-sl4-p3F3-r39,,1,3003,dd87afa8-8f46-44b6-ae88-8721c4c365af,,0,0
10,73047,t668-sl4-p4B7-r37,,1,3001,dd87afa8-8f46-44b6-ae88-8721c4c365af,,0,0
10,73049,t1EE-sl3-p49D-r1E,,1,2012,dd87afa8-8f46-44b6-ae88-8721c4c365af,,0,0
10,73049,t1FA-sl3-p497-r1F,,1,2013,dd87afa8-8f46-44b6-ae88-8721c4c365af,,0,0
10,73047,t66C-sl4-p4B8-r39,,1,3003,dd87afa8-8f46-44b6-ae88-8721c4c365af,,0,0
10,73047,t66D-sl4-p4B6-r37,,1,3001,dd87afa8-8f46-44b6-ae88-8721c4c365af,,0,0
10,73049,t216-sl3-p49B-r1E,,1,2012,dd87afa8-8f46-44b6-ae88-8721c4c365af,,0,0
10,73047,t126-sl4-p4B5-r38,,1,3002,dd87afa8-8f46-44b6-ae88-8721c4c365af,,0,0
10,73049,t220-sl3-p49E-r1F,,1,2013,dd87afa8-8f46-44b6-ae88-8721c4c365af,,0,0
10,73047,t670-sl4-p4B5-r39,,1,3003,dd87afa8-8f46-44b6-ae88-8721c4c365af,,0,0
10,73047,t671-sl4-p4B5-r37,,1,3001,dd87afa8-8f46-44b6-ae88-8721c4c365af,,0,0
10,73049,t23B-sl3-p49C-r1E,,1,2012,dd87afa8-8f46-44b6-ae88-8721c4c365af,,0,0
10,73049,t51A-sl3-p49A-r1F,,1,2013,dd87afa8-8f46-44b6-ae88-8721c4c365af,,0,0
10,73047,t186-sl4-p4B9-r38,,1,3002,dd87afa8-8f46-44b6-ae88-8721c4c365af,,0,0
10,73049,t51F-sl3-p49F-r1D,,1,2011,dd87afa8-8f46-44b6-ae88-8721c4c365af,,0,0
10,73048,t61F-sl2-p3F5-r5,,1,1005,dd87afa8-8f46-44b6-ae88-8721c4c365af,,0,0
10,73048,t1AB-sl2-p43B-r1,,1,1001,dd87afa8-8f46-44b6-ae88-8721c4c365af,,0,0
10,73048,t629-sl2-p43B-r2,,1,1002,dd87afa8-8f46-44b6-ae88-8721c4c365af,,0,0
10,73048,t1B6-sl2-p43B-r6,,1,1006,dd87afa8-8f46-44b6-ae88-8721c4c365af,,0,0
10,73048,t560-sl2-p4EC-r1,,0,1001,22755807-74d9-404c-8116-c4ec820f265f,,0,0
10,73048,t485-sl2-p4EC-r3,,0,1003,22755807-74d9-404c-8116-c4ec820f265f,,0,0
10,73048,t48C-sl2-p501-r5,,0,1005,22755807-74d9-404c-8116-c4ec820f265f,,0,0
10,73048,t5A0-sl2-p502-r1,,0,1001,22755807-74d9-404c-8116-c4ec820f265f,,0,0
10,73048,t5BD-sl2-p502-r3,,0,1003,22755807-74d9-404c-8116-c4ec820f265f,,0,0
10,73048,t5CE-sl2-p500-r5,,0,1005,22755807-74d9-404c-8116-c4ec820f265f,,0,0
10,73048,t5DD-sl2-p500-r1,,0,1001,22755807-74d9-404c-8116-c4ec820f265f,,0,0
10,73048,t1A4-sl2-p500-r2,,0,1002,22755807-74d9-404c-8116-c4ec820f265f,,0,0
10,73048,t624-sl2-p500-r6,,0,1006,22755807-74d9-404c-8116-c4ec820f265f,,0,0
10,73047,t254-sl4-p4F6-r37,,1,3001,0e907f7c-5ae0-4d30-a58b-444192694cd2,,0,0
10,73049,t63C-sl3-p510-r1D,,1,2011,0e907f7c-5ae0-4d30-a58b-444192694cd2,,0,0
10,73047,t66A-sl4-p516-r38,,1,3002,0e907f7c-5ae0-4d30-a58b-444192694cd2,,0,0
10,73049,t20A-sl3-p4F7-r1D,,1,2011,0e907f7c-5ae0-4d30-a58b-444192694cd2,,0,0
10,73049,t20C-sl3-p4F2-r1F,,0,2013,ec981954-349a-4d77-81f2-768f195d35ef,,0,0
10,73049,t227-sl3-p4F2-r1E,,0,2012,ec981954-349a-4d77-81f2-768f195d35ef,,0,0
10,73049,t231-sl3-p4FA-r1D,,1,2011,0b673ac7-ed0d-4e57-810b-50a8ac099a97,,0,0
10,73048,t6C-sl2-p3EE-r2,,0,1002,dd3d093d-3f4a-4095-bca4-2bd8eb296bd9,,0,0
10,73048,t49C-sl2-p422-r2,,0,1002,dd3d093d-3f4a-4095-bca4-2bd8eb296bd9,,0,0
10,73048,t5F5-sl2-p423-r2,,0,1002,dd3d093d-3f4a-4095-bca4-2bd8eb296bd9,,0,0
10,73048,t5FC-sl2-p424-r3,,0,1003,dd3d093d-3f4a-4095-bca4-2bd8eb296bd9,,0,0
10,73048,t4C3-sl2-p426-r6,,0,1006,dd3d093d-3f4a-4095-bca4-2bd8eb296bd9,,0,0
10,73048,t243-sl2-p425-r5,,0,1005,dd3d093d-3f4a-4095-bca4-2bd8eb296bd9,,0,0
10,73048,t4D2-sl2-p427-r1,,0,1001,dd3d093d-3f4a-4095-bca4-2bd8eb296bd9,,0,0
10,73048,t551-sl2-p4F4-r2,,1,1002,78971842-dc54-41f6-9a47-0137b0acc434,,0,0
10,73048,t25A-sl2-p4F4-r2,,1,1002,78971842-dc54-41f6-9a47-0137b0acc434,,0,0
10,73048,t5CC-sl2-p507-r2,,1,1002,78971842-dc54-41f6-9a47-0137b0acc434,,0,0
10,73049,t6A4-sl3-p50F-r1F,,0,2013,1591ebf1-cb8d-4b39-8959-a20f5f27e76e,,0,0
10,73049,t6A6-sl3-p4F3-r1E,,0,2012,1591ebf1-cb8d-4b39-8959-a20f5f27e76e,,0,0
10,73048,t8-sl2-p3F1-r1,,0,1001,d2043d88-7f84-4d26-b15f-b7d97465b9e7,,0,0
10,73048,tF-sl2-p42C-r2,,0,1002,d2043d88-7f84-4d26-b15f-b7d97465b9e7,,0,0
10,73049,t1BA-sl3-p3F0-r1D,,0,2011,d2043d88-7f84-4d26-b15f-b7d97465b9e7,,0,0
10,73048,t16-sl2-p42D-r3,,0,1003,d2043d88-7f84-4d26-b15f-b7d97465b9e7,,0,0
10,73048,t20-sl2-p42D-r4,,0,1004,d2043d88-7f84-4d26-b15f-b7d97465b9e7,,0,0
10,73049,t1BC-sl3-p48C-r1E,,0,2012,d2043d88-7f84-4d26-b15f-b7d97465b9e7,,0,0
10,73048,t33-sl2-p42E-r5,,0,1005,d2043d88-7f84-4d26-b15f-b7d97465b9e7,,0,0
10,73047,t253-sl4-p3EF-r38,,0,3002,d2043d88-7f84-4d26-b15f-b7d97465b9e7,,0,0
10,73049,t4E-sl3-p48E-r1F,,0,2013,d2043d88-7f84-4d26-b15f-b7d97465b9e7,,0,0
10,73047,t257-sl4-p4AC-r39,,0,3003,d2043d88-7f84-4d26-b15f-b7d97465b9e7,,0,0
10,73047,t82-sl4-p4AE-r37,,0,3001,d2043d88-7f84-4d26-b15f-b7d97465b9e7,,0,0
10,73049,t1F6-sl3-p48D-r1D,,0,2011,d2043d88-7f84-4d26-b15f-b7d97465b9e7,,0,0
10,73047,t20C-sl4-p4AD-r38,,0,3002,d2043d88-7f84-4d26-b15f-b7d97465b9e7,,0,0
10,73049,t21C-sl3-p48B-r1D,,0,2011,d2043d88-7f84-4d26-b15f-b7d97465b9e7,,0,0
10,73049,t660-sl3-p48F-r1D,,0,2011,d2043d88-7f84-4d26-b15f-b7d97465b9e7,,0,0
10,73049,t6A8-sl3-p4FB-r1D,,1,2011,0c1ef6f7-b660-4d26-b764-01a63f59a4db,,0,0
21,73048,t10-sl2-p36-r23,,0,2101,c72b697b-e6bd-4c04-9b47-023d49663988,,0,0
21,73048,t46D-sl2-p36-r24,,0,2102,c72b697b-e6bd-4c04-9b47-023d49663988,,0,0
21,73048,t9A-sl2-pF4-r25,,0,2103,ecd3b9d3-3fd1-4f3c-af61-b68544cd9af4,,0,0
21,73048,tD5-sl2-p33A-r26,,0,2104,ecd3b9d3-3fd1-4f3c-af61-b68544cd9af4,,0,0
21,73048,t119-sl2-p35-r27,,0,2105,ecd3b9d3-3fd1-4f3c-af61-b68544cd9af4,,0,0
21,73048,t148-sl2-pF3-r55,,0,3017,ecd3b9d3-3fd1-4f3c-af61-b68544cd9af4,,0,0
21,73048,t16F-sl2-pF3-r56,,0,3018,ecd3b9d3-3fd1-4f3c-af61-b68544cd9af4,,0,0
21,73048,t46C-sl2-p38-r23,,1,2101,67dca699-8bc6-48f5-b294-e7ca2cf8c737,,0,0
21,73048,t54-sl2-pF8-r24,,1,2102,67dca699-8bc6-48f5-b294-e7ca2cf8c737,,0,0
21,73048,tBB-sl2-pFA-r25,,1,2103,67dca699-8bc6-48f5-b294-e7ca2cf8c737,,0,0
21,73048,tF5-sl2-pF7-r26,,1,2104,67dca699-8bc6-48f5-b294-e7ca2cf8c737,,0,0
21,73048,t13D-sl2-pF7-r27,,1,2105,67dca699-8bc6-48f5-b294-e7ca2cf8c737,,0,0
21,73048,t179-sl2-pFB-r55,,1,3017,67dca699-8bc6-48f5-b294-e7ca2cf8c737,,0,0
21,73048,t196-sl2-pF9-r56,,1,3018,67dca699-8bc6-48f5-b294-e7ca2cf8c737,,0,0