stop_id,stop_city
2324470,
2324474,
2324475,
2324479,
2324480,
2324481,
2324487,
2324489,
2324491,
2324496,
2324497,
2324502,
2324512,
2324517,
2324519,
2324525,
2324532,
2324540,
2324545,
2324551,
2324563,
2324579,
2324585,
2324589,
2324598,
2324599,
2324608,
2324609,
2324610,
2324611,
2324641,
2324645,
2324646,
2324649,
2324657,
2324670,
2324671,
2324673,
2324678,
2324690,
2324691,
2324692,
2324693,
2324694,
2324696,
2324697,
2324698,
2324699,
2324703,
2324706,
2324709,
2324710,
2324712,
2324718,
2324723,
2324726,
2324735,
2324757,
2324759,
2324765,
2324768,
2324770,
2324771,
2324784,
2324785,
2324814,
2324815,
2324818,
2324838,
2324842,
2324853,
2324854,
2324863,
2324878,
2324884,
2324885,
2324886,
2324891,
2324892,
2324893,
2324896,
2324901,
2324905,
2324909,
2324911,
2324912,
2324914,
2324915,
2324921,
2324922,
2324923,
2324926,
2324927,
2324965,
2324966,
2326152,
2326306,
2326307,
2326310,
2326311,
2326312,
2326313,
2326314,
2326315,
2326316,
2326317,
2326318,
2326319,
2326320,
2326321,
2326322,
2326323,
2326324,
2326325,
2326326,
2326327,
2326328,
2326329,
2326330,
2326458,
2326459,
2326460,
2326461,
2326462,
2326463,
2326464,
2326465,
2326466,
2326467,
2326468,
2326469,
2326470,
2326471,
2326835,
