shape_id,shape_pt_lat,shape_pt_lon,shape_pt_sequence,shape_dist_traveled
R1,36.06784,-119.018,1,0
R1,36.06783,-119.01742,2,0.052
R1,36.06883,-119.01739,3,0.163
R1,36.0694,-119.01738,4,0.227
R1,36.06942,-119.01721,5,0.242
R1,36.06943,-119.01716,6,0.247
R1,36.06947,-119.01707,7,0.256
R1,36.06946,-119.01684,8,0.277
R1,36.06942,-119.01625,9,0.33
R1,36.06942,-119.01618,10,0.336
R1,36.06942,-119.01516,11,0.428
R1,36.06942,-119.01414,12,0.52
R1,36.06941,-119.01317,13,0.607
R1,36.06941,-119.01255,14,0.663
R1,36.06941,-119.01224,15,0.69
R1,36.0694,-119.01164,16,0.744
R1,36.06941,-119.01112,17,0.791
R1,36.0694,-119.01003,18,0.889
R1,36.06939,-119.00986,19,0.904
R1,36.06938,-119.009,20,0.982
R1,36.06937,-119.00838,21,1.037
R1,36.06896,-119.00837,22,1.083
R1,36.06861,-119.00836,23,1.122
R1,36.06768,-119.00833,24,1.225
R1,36.06732,-119.00832,25,1.265
R1,36.06714,-119.00833,26,1.285
R1,36.067,-119.00834,27,1.301
R1,36.06685,-119.00835,28,1.318
R1,36.06676,-119.00836,29,1.328
R1,36.06663,-119.00837,30,1.342
R1,36.0665,-119.00838,31,1.357
R1,36.06637,-119.00839,32,1.371
R1,36.0663,-119.00839,33,1.379
R1,36.06614,-119.00838,34,1.397
R1,36.06597,-119.00837,35,1.416
R1,36.06573,-119.00836,36,1.442
R1,36.0657,-119.00836,37,1.446
R1,36.06553,-119.00835,38,1.465
R1,36.06545,-119.00838,39,1.474
R1,36.06543,-119.00838,40,1.476
R1,36.0651,-119.00835,41,1.513
R1,36.0651,-119.00886,42,1.559
R1,36.0651,-119.00933,43,1.601
R1,36.0651,-119.00962,44,1.627
R1,36.0651,-119.01011,45,1.671
R1,36.0651,-119.01114,46,1.764
R1,36.0651,-119.01208,47,1.848
R1,36.06509,-119.01236,48,1.874
R1,36.0651,-119.01305,49,1.936
R1,36.0651,-119.01329,50,1.957
R1,36.06512,-119.0143,51,2.048
R1,36.06513,-119.0149,52,2.102
R1,36.06513,-119.01527,53,2.135
R1,36.06513,-119.01556,54,2.161
R1,36.06513,-119.01578,55,2.181
R1,36.06513,-119.01597,56,2.198
R1,36.06514,-119.01634,57,2.231
R1,36.06515,-119.01643,58,2.24
R1,36.06516,-119.01679,59,2.272
R1,36.06516,-119.01713,60,2.302
R1,36.06517,-119.01753,61,2.338
R1,36.06517,-119.01792,62,2.373
R1,36.06521,-119.01805,63,2.386
R1,36.06522,-119.01807,64,2.388
R1,36.06522,-119.0185,65,2.427
R1,36.06524,-119.01931,66,2.5
R1,36.06524,-119.01966,67,2.531
R1,36.06525,-119.02002,68,2.563
R1,36.06526,-119.0209,69,2.643
R1,36.06527,-119.02136,70,2.684
R1,36.06528,-119.02204,71,2.745
R1,36.06529,-119.02243,72,2.78
R1,36.06529,-119.02269,73,2.803
R1,36.06529,-119.02294,74,2.826
R1,36.06529,-119.02311,75,2.841
R1,36.0653,-119.02319,76,2.848
R1,36.0653,-119.02336,77,2.864
R1,36.0653,-119.02353,78,2.879
R1,36.06531,-119.02364,79,2.889
R1,36.06531,-119.02376,80,2.9
R1,36.06535,-119.02407,81,2.928
R1,36.06539,-119.02423,82,2.943
R1,36.06544,-119.02445,83,2.964
R1,36.0655,-119.02464,84,2.982
R1,36.06551,-119.02467,85,2.985
R1,36.06557,-119.02487,86,3.004
R1,36.06566,-119.02511,87,3.028
R1,36.06578,-119.02549,88,3.064
R1,36.06579,-119.0255,89,3.066
R1,36.06585,-119.02572,90,3.087
R1,36.06593,-119.02605,91,3.118
R1,36.06596,-119.02624,92,3.135
R1,36.06599,-119.02643,93,3.153
R1,36.066,-119.02658,94,3.166
R1,36.06601,-119.02678,95,3.184
R1,36.06601,-119.02688,96,3.193
R1,36.06602,-119.02703,97,3.207
R1,36.06602,-119.02749,98,3.248
R1,36.06602,-119.0275,99,3.249
R1,36.06602,-119.02837,100,3.327
R1,36.06602,-119.02898,101,3.382
R1,36.06602,-119.02955,102,3.433
R1,36.06602,-119.02999,103,3.473
R1,36.06603,-119.03062,104,3.529
R1,36.06603,-119.03125,105,3.586
R1,36.06603,-119.03167,106,3.624
R1,36.06603,-119.03178,107,3.634
R1,36.06603,-119.03195,108,3.649
R1,36.06602,-119.03215,109,3.667
R1,36.06601,-119.03235,110,3.685
R1,36.066,-119.03254,111,3.702
R1,36.06598,-119.03272,112,3.718
R1,36.06597,-119.03296,113,3.74
R1,36.06597,-119.03341,114,3.78
R1,36.06597,-119.03447,115,3.876
R1,36.06598,-119.03518,116,3.939
R1,36.06602,-119.0359,117,4.004
R1,36.06603,-119.03605,118,4.018
R1,36.06604,-119.03625,119,4.036
R1,36.06604,-119.03659,120,4.066
R1,36.06604,-119.03701,121,4.104
R1,36.06603,-119.03739,122,4.138
R1,36.06603,-119.03782,123,4.177
R1,36.06602,-119.03817,124,4.208
R1,36.06603,-119.03867,125,4.253
R1,36.06602,-119.03944,126,4.323
R1,36.06601,-119.04004,127,4.377
R1,36.06598,-119.04059,128,4.426
R1,36.06596,-119.04105,129,4.468
R1,36.06594,-119.04164,130,4.521
R1,36.06592,-119.04232,131,4.582
R1,36.06591,-119.0428,132,4.625
R1,36.06592,-119.04351,133,4.689
R1,36.06592,-119.04417,134,4.748
R1,36.06592,-119.04469,135,4.795
R1,36.06591,-119.04639,136,4.948
R1,36.06589,-119.04717,137,5.018
R1,36.06589,-119.04781,138,5.075
R1,36.06589,-119.04783,139,5.077
R1,36.06588,-119.04855,140,5.142
R1,36.06588,-119.04992,141,5.265
R1,36.06588,-119.05086,142,5.349
R1,36.06587,-119.05153,143,5.41
R1,36.06586,-119.0522,144,5.47
R1,36.06585,-119.05299,145,5.541
R1,36.06585,-119.05422,146,5.651
R1,36.06582,-119.05628,147,5.837
R1,36.06582,-119.05747,148,5.944
R1,36.06581,-119.0576,149,5.955
R1,36.06581,-119.05818,150,6.008
R1,36.0658,-119.05917,151,6.097
R1,36.06579,-119.06102,152,6.263
R1,36.06578,-119.06191,153,6.343
R1,36.06579,-119.0625,154,6.396
R1,36.06581,-119.06571,155,6.684
R1,36.06581,-119.06637,156,6.744
R1,36.06582,-119.06935,157,7.012
R1,36.06582,-119.06979,158,7.051
R1,36.06582,-119.0708,159,7.142
R1,36.06631,-119.0708,160,7.196
R1,36.0666,-119.0708,161,7.229
R1,36.06674,-119.0708,162,7.244
R1,36.06678,-119.07086,163,7.251
R1,36.06739,-119.07086,164,7.319
R1,36.06815,-119.07086,165,7.404
R1,36.06901,-119.07086,166,7.499
R1,36.06945,-119.07086,167,7.548
R1,36.0717,-119.07085,168,7.798
R1,36.07309,-119.07084,169,7.953
R1,36.07309,-119.0693,170,8.091
R1,36.07309,-119.06829,171,8.182
R1,36.07309,-119.06739,172,8.263
R1,36.07309,-119.06565,173,8.419
R1,36.07309,-119.06489,174,8.488
R1,36.07309,-119.06403,175,8.565
R1,36.07308,-119.06334,176,8.627
R1,36.07308,-119.06233,177,8.718
R1,36.07308,-119.06191,178,8.755
R1,36.07309,-119.06078,179,8.857
R1,36.07309,-119.05943,180,8.978
R1,36.07309,-119.05845,181,9.066
R1,36.07309,-119.05816,182,9.092
R1,36.07309,-119.05767,183,9.136
R1,36.07309,-119.05747,184,9.154
R1,36.07309,-119.05713,185,9.185
R1,36.0731,-119.05599,186,9.287
R1,36.0731,-119.05519,187,9.359
R1,36.0731,-119.05407,188,9.46
R1,36.0731,-119.05376,189,9.488
R1,36.07311,-119.05362,190,9.501
R1,36.07311,-119.05349,191,9.512
R1,36.07314,-119.05294,192,9.562
R1,36.07316,-119.05259,193,9.593
R1,36.07316,-119.05218,194,9.63
R1,36.07317,-119.05144,195,9.697
R1,36.07318,-119.05016,196,9.812
R1,36.07319,-119.04903,197,9.913
R1,36.0732,-119.04818,198,9.99
R1,36.07321,-119.04741,199,10.059
R1,36.07322,-119.04698,200,10.098
R1,36.07325,-119.04626,201,10.162
R1,36.07326,-119.04601,202,10.185
R1,36.07327,-119.0451,203,10.267
R1,36.07327,-119.04458,204,10.313
R1,36.07328,-119.04392,205,10.373
R1,36.07328,-119.04354,206,10.407
R1,36.07329,-119.04332,207,10.427
R1,36.07329,-119.04283,208,10.471
R1,36.07328,-119.04241,209,10.508
R1,36.07326,-119.04184,210,10.56
R1,36.07325,-119.04149,211,10.591
R1,36.07325,-119.04122,212,10.615
R1,36.07325,-119.04094,213,10.641
R1,36.07326,-119.04021,214,10.706
R1,36.07326,-119.04008,215,10.718
R1,36.07326,-119.04005,216,10.721
R1,36.07326,-119.03986,217,10.738
R1,36.07326,-119.0396,218,10.761
R1,36.07326,-119.03952,219,10.768
R1,36.07326,-119.03912,220,10.804
R1,36.07326,-119.03855,221,10.855
R1,36.07327,-119.03742,222,10.957
R1,36.07329,-119.03582,223,11.101
R1,36.07328,-119.0351,224,11.166
R1,36.07329,-119.03467,225,11.204
R1,36.07328,-119.03396,226,11.268
R1,36.07326,-119.03283,227,11.37
R1,36.07327,-119.03172,228,11.469
R1,36.07325,-119.03106,229,11.529
R1,36.07325,-119.03059,230,11.571
R1,36.07282,-119.0306,231,11.619
R1,36.07165,-119.03062,232,11.749
R1,36.07097,-119.03064,233,11.825
R1,36.07058,-119.03065,234,11.868
R1,36.07001,-119.03065,235,11.931
R1,36.0696,-119.03066,236,11.977
R1,36.06958,-119.02887,237,12.138
R1,36.06959,-119.02801,238,12.215
R1,36.06985,-119.02803,239,12.244
R1,36.06999,-119.02801,240,12.26
R1,36.0701,-119.02799,241,12.272
R1,36.07021,-119.02794,242,12.285
R1,36.07031,-119.02788,243,12.298
R1,36.07039,-119.02782,244,12.308
R1,36.07053,-119.02771,245,12.326
R1,36.07063,-119.02766,246,12.338
R1,36.07072,-119.02765,247,12.348
R1,36.07085,-119.02766,248,12.363
R1,36.07098,-119.02765,249,12.377
R1,36.07129,-119.02765,250,12.412
R1,36.07232,-119.02763,251,12.526
R1,36.07321,-119.0276,252,12.625
R1,36.0732,-119.0265,253,12.724
R1,36.0732,-119.02598,254,12.771
R1,36.07319,-119.02573,255,12.793
R1,36.07318,-119.02543,256,12.82
R1,36.07316,-119.02506,257,12.854
R1,36.07316,-119.02479,258,12.878
R1,36.07315,-119.02414,259,12.936
R1,36.07314,-119.02292,260,13.046
R1,36.07314,-119.0228,261,13.057
R1,36.07313,-119.02252,262,13.082
R1,36.07313,-119.02159,263,13.166
R1,36.07314,-119.02118,264,13.203
R1,36.07317,-119.02028,265,13.284
R1,36.07317,-119.01983,266,13.324
R1,36.07318,-119.01956,267,13.348
R1,36.07318,-119.01934,268,13.368
R1,36.07317,-119.01923,269,13.378
R1,36.07315,-119.0191,270,13.39
R1,36.0731,-119.01872,271,13.424
R1,36.07307,-119.01816,272,13.475
R1,36.07264,-119.01828,273,13.524
R1,36.07223,-119.01834,274,13.57
R1,36.0714,-119.01836,275,13.662
R1,36.07056,-119.01839,276,13.756
R1,36.06967,-119.01842,277,13.855
R1,36.06882,-119.01843,278,13.949
R1,36.06784,-119.01846,279,14.058
R1,36.06783,-119.01779,280,14.118
R1DEV,36.06784,-119.018,1,0
R1DEV,36.06783,-119.01742,2,0.052
R1DEV,36.06883,-119.01739,3,0.163
R1DEV,36.0694,-119.01738,4,0.227
R1DEV,36.06942,-119.01721,5,0.242
R1DEV,36.06943,-119.01716,6,0.247
R1DEV,36.06947,-119.01707,7,0.256
R1DEV,36.06946,-119.01684,8,0.277
R1DEV,36.06942,-119.01625,9,0.33
R1DEV,36.06942,-119.01618,10,0.336
R1DEV,36.06942,-119.01516,11,0.428
R1DEV,36.06942,-119.01414,12,0.52
R1DEV,36.06941,-119.01317,13,0.607
R1DEV,36.06941,-119.01255,14,0.663
R1DEV,36.06941,-119.01224,15,0.69
R1DEV,36.0694,-119.01164,16,0.744
R1DEV,36.06941,-119.01112,17,0.791
R1DEV,36.0694,-119.01003,18,0.889
R1DEV,36.06939,-119.00986,19,0.904
R1DEV,36.06938,-119.009,20,0.982
R1DEV,36.06937,-119.00838,21,1.037
R1DEV,36.06896,-119.00837,22,1.083
R1DEV,36.06861,-119.00836,23,1.122
R1DEV,36.06768,-119.00833,24,1.225
R1DEV,36.06732,-119.00832,25,1.265
R1DEV,36.06714,-119.00833,26,1.285
R1DEV,36.067,-119.00834,27,1.301
R1DEV,36.06685,-119.00835,28,1.318
R1DEV,36.06676,-119.00836,29,1.328
R1DEV,36.06663,-119.00837,30,1.342
R1DEV,36.0665,-119.00838,31,1.357
R1DEV,36.06637,-119.00839,32,1.371
R1DEV,36.0663,-119.00839,33,1.379
R1DEV,36.06614,-119.00838,34,1.397
R1DEV,36.06597,-119.00837,35,1.416
R1DEV,36.06573,-119.00836,36,1.442
R1DEV,36.0657,-119.00836,37,1.446
R1DEV,36.06553,-119.00835,38,1.465
R1DEV,36.06545,-119.00838,39,1.474
R1DEV,36.06543,-119.00838,40,1.476
R1DEV,36.0651,-119.00835,41,1.513
R1DEV,36.0651,-119.00886,42,1.559
R1DEV,36.0651,-119.00933,43,1.601
R1DEV,36.0651,-119.00962,44,1.627
R1DEV,36.0651,-119.01011,45,1.671
R1DEV,36.0651,-119.01114,46,1.764
R1DEV,36.0651,-119.01208,47,1.848
R1DEV,36.06509,-119.01236,48,1.874
R1DEV,36.0651,-119.01305,49,1.936
R1DEV,36.0651,-119.01329,50,1.957
R1DEV,36.06512,-119.0143,51,2.048
R1DEV,36.06513,-119.0149,52,2.102
R1DEV,36.06513,-119.01527,53,2.135
R1DEV,36.06513,-119.01556,54,2.161
R1DEV,36.06513,-119.01578,55,2.181
R1DEV,36.06513,-119.01597,56,2.198
R1DEV,36.06514,-119.01634,57,2.231
R1DEV,36.06515,-119.01643,58,2.24
R1DEV,36.06516,-119.01679,59,2.272
R1DEV,36.06516,-119.01713,60,2.302
R1DEV,36.06517,-119.01753,61,2.338
R1DEV,36.06517,-119.01792,62,2.373
R1DEV,36.06521,-119.01805,63,2.386
R1DEV,36.06522,-119.01807,64,2.388
R1DEV,36.06522,-119.0185,65,2.427
R1DEV,36.06524,-119.01931,66,2.5
R1DEV,36.06524,-119.01966,67,2.531
R1DEV,36.06525,-119.02002,68,2.563
R1DEV,36.06526,-119.0209,69,2.643
R1DEV,36.06527,-119.02136,70,2.684
R1DEV,36.06528,-119.02204,71,2.745
R1DEV,36.06529,-119.02243,72,2.78
R1DEV,36.06529,-119.02269,73,2.803
R1DEV,36.06529,-119.02294,74,2.826
R1DEV,36.06529,-119.02311,75,2.841
R1DEV,36.0653,-119.02319,76,2.848
R1DEV,36.0653,-119.02336,77,2.864
R1DEV,36.0653,-119.02353,78,2.879
R1DEV,36.06531,-119.02364,79,2.889
R1DEV,36.06531,-119.02376,80,2.9
R1DEV,36.06535,-119.02407,81,2.928
R1DEV,36.06539,-119.02423,82,2.943
R1DEV,36.06544,-119.02445,83,2.964
R1DEV,36.0655,-119.02464,84,2.982
R1DEV,36.06551,-119.02467,85,2.985
R1DEV,36.06557,-119.02487,86,3.004
R1DEV,36.06566,-119.02511,87,3.028
R1DEV,36.06578,-119.02549,88,3.064
R1DEV,36.06579,-119.0255,89,3.066
R1DEV,36.06585,-119.02572,90,3.087
R1DEV,36.06593,-119.02605,91,3.118
R1DEV,36.06596,-119.02624,92,3.135
R1DEV,36.06599,-119.02643,93,3.153
R1DEV,36.066,-119.02658,94,3.166
R1DEV,36.06601,-119.02678,95,3.184
R1DEV,36.06601,-119.02688,96,3.193
R1DEV,36.06602,-119.02703,97,3.207
R1DEV,36.06602,-119.02749,98,3.248
R1DEV,36.06602,-119.0275,99,3.249
R1DEV,36.06602,-119.02837,100,3.327
R1DEV,36.06602,-119.02898,101,3.382
R1DEV,36.06602,-119.02955,102,3.433
R1DEV,36.06602,-119.02999,103,3.473
R1DEV,36.06603,-119.03062,104,3.529
R1DEV,36.06603,-119.03125,105,3.586
R1DEV,36.06603,-119.03167,106,3.624
R1DEV,36.06603,-119.03178,107,3.634
R1DEV,36.06603,-119.03195,108,3.649
R1DEV,36.06602,-119.03215,109,3.667
R1DEV,36.06601,-119.03235,110,3.685
R1DEV,36.066,-119.03254,111,3.702
R1DEV,36.06598,-119.03272,112,3.718
R1DEV,36.06597,-119.03296,113,3.74
R1DEV,36.06597,-119.03341,114,3.78
R1DEV,36.06597,-119.03447,115,3.876
R1DEV,36.06598,-119.03518,116,3.939
R1DEV,36.06602,-119.0359,117,4.004
R1DEV,36.06603,-119.03605,118,4.018
R1DEV,36.06604,-119.03625,119,4.036
R1DEV,36.06604,-119.03659,120,4.066
R1DEV,36.06604,-119.03701,121,4.104
R1DEV,36.06603,-119.03739,122,4.138
R1DEV,36.06603,-119.03782,123,4.177
R1DEV,36.06602,-119.03817,124,4.208
R1DEV,36.06603,-119.03867,125,4.253
R1DEV,36.06602,-119.03944,126,4.323
R1DEV,36.06601,-119.04004,127,4.377
R1DEV,36.06598,-119.04059,128,4.426
R1DEV,36.06596,-119.04105,129,4.468
R1DEV,36.06594,-119.04164,130,4.521
R1DEV,36.06592,-119.04232,131,4.582
R1DEV,36.06591,-119.0428,132,4.625
R1DEV,36.06592,-119.04351,133,4.689
R1DEV,36.06592,-119.04417,134,4.748
R1DEV,36.06592,-119.04469,135,4.795
R1DEV,36.06591,-119.04639,136,4.948
R1DEV,36.06589,-119.04717,137,5.018
R1DEV,36.06589,-119.04781,138,5.075
R1DEV,36.06589,-119.04783,139,5.077
R1DEV,36.06588,-119.04855,140,5.142
R1DEV,36.06588,-119.04992,141,5.265
R1DEV,36.06588,-119.05086,142,5.349
R1DEV,36.06587,-119.05153,143,5.41
R1DEV,36.06586,-119.0522,144,5.47
R1DEV,36.06585,-119.05299,145,5.541
R1DEV,36.06585,-119.05422,146,5.651
R1DEV,36.06582,-119.05628,147,5.837
R1DEV,36.06582,-119.05747,148,5.944
R1DEV,36.06581,-119.0576,149,5.955
R1DEV,36.06581,-119.05818,150,6.008
R1DEV,36.0658,-119.05917,151,6.097
R1DEV,36.06579,-119.06102,152,6.263
R1DEV,36.06578,-119.06191,153,6.343
R1DEV,36.06579,-119.0625,154,6.396
R1DEV,36.06581,-119.06571,155,6.684
R1DEV,36.06581,-119.06637,156,6.744
R1DEV,36.06582,-119.06935,157,7.012
R1DEV,36.06582,-119.06979,158,7.051
R1DEV,36.06582,-119.0708,159,7.142
R1DEV,36.06583,-119.07092,160,7.153
R1DEV,36.06583,-119.07257,161,7.301
R1DEV,36.06583,-119.07308,162,7.347
R1DEV,36.06582,-119.07487,163,7.508
R1DEV,36.06583,-119.07522,164,7.539
R1DEV,36.06583,-119.07567,165,7.58
R1DEV,36.06583,-119.07586,166,7.597
R1DEV,36.06584,-119.07671,167,7.673
R1DEV,36.06584,-119.07691,168,7.691
R1DEV,36.06584,-119.07719,169,7.716
R1DEV,36.06585,-119.07764,170,7.757
R1DEV,36.06584,-119.07778,171,7.769
R1DEV,36.06583,-119.07786,172,7.777
R1DEV,36.06583,-119.07897,173,7.876
R1DEV,36.06583,-119.07908,174,7.886
R1DEV,36.07044,-119.07906,175,8.399
R1DEV,36.07098,-119.07906,176,8.459
R1DEV,36.07153,-119.07906,177,8.52
R1DEV,36.0716,-119.07905,178,8.528
R1DEV,36.07163,-119.07903,179,8.532
R1DEV,36.07167,-119.07901,180,8.537
R1DEV,36.07168,-119.079,181,8.538
R1DEV,36.07169,-119.07896,182,8.542
R1DEV,36.0717,-119.07891,183,8.546
R1DEV,36.0717,-119.07875,184,8.561
R1DEV,36.07169,-119.07527,185,8.874
R1DEV,36.0717,-119.07475,186,8.92
R1DEV,36.0717,-119.07306,187,9.072
R1DEV,36.07169,-119.07256,188,9.117
R1DEV,36.0717,-119.07199,189,9.168
R1DEV,36.0717,-119.07085,190,9.271
R1DEV,36.07309,-119.07084,191,9.425
R1DEV,36.07309,-119.0693,192,9.564
R1DEV,36.07309,-119.06829,193,9.655
R1DEV,36.07309,-119.06739,194,9.735
R1DEV,36.07309,-119.06565,195,9.892
R1DEV,36.07309,-119.06489,196,9.96
R1DEV,36.07309,-119.06403,197,10.037
R1DEV,36.07308,-119.06334,198,10.1
R1DEV,36.07308,-119.06233,199,10.19
R1DEV,36.07308,-119.06191,200,10.228
R1DEV,36.07309,-119.06078,201,10.33
R1DEV,36.07309,-119.05943,202,10.451
R1DEV,36.07309,-119.05845,203,10.539
R1DEV,36.07309,-119.05816,204,10.565
R1DEV,36.07309,-119.05767,205,10.609
R1DEV,36.07309,-119.05747,206,10.627
R1DEV,36.07309,-119.05713,207,10.658
R1DEV,36.0731,-119.05599,208,10.76
R1DEV,36.0731,-119.05519,209,10.832
R1DEV,36.0731,-119.05407,210,10.933
R1DEV,36.0731,-119.05376,211,10.961
R1DEV,36.07311,-119.05362,212,10.973
R1DEV,36.07311,-119.05349,213,10.985
R1DEV,36.07314,-119.05294,214,11.034
R1DEV,36.07316,-119.05259,215,11.066
R1DEV,36.07316,-119.05218,216,11.103
R1DEV,36.07317,-119.05144,217,11.169
R1DEV,36.07318,-119.05016,218,11.284
R1DEV,36.07319,-119.04903,219,11.386
R1DEV,36.0732,-119.04818,220,11.462
R1DEV,36.07321,-119.04741,221,11.532
R1DEV,36.07322,-119.04698,222,11.57
R1DEV,36.07325,-119.04626,223,11.635
R1DEV,36.07326,-119.04601,224,11.657
R1DEV,36.07327,-119.0451,225,11.739
R1DEV,36.07327,-119.04458,226,11.786
R1DEV,36.07328,-119.04392,227,11.845
R1DEV,36.07328,-119.04354,228,11.879
R1DEV,36.07329,-119.04332,229,11.899
R1DEV,36.07329,-119.04283,230,11.943
R1DEV,36.07328,-119.04241,231,11.981
R1DEV,36.07326,-119.04184,232,12.032
R1DEV,36.07325,-119.04149,233,12.064
R1DEV,36.07325,-119.04122,234,12.088
R1DEV,36.07325,-119.04094,235,12.113
R1DEV,36.07326,-119.04021,236,12.179
R1DEV,36.07326,-119.04008,237,12.191
R1DEV,36.07326,-119.04005,238,12.193
R1DEV,36.07326,-119.03986,239,12.21
R1DEV,36.07326,-119.0396,240,12.234
R1DEV,36.07326,-119.03952,241,12.241
R1DEV,36.07326,-119.03912,242,12.277
R1DEV,36.07326,-119.03855,243,12.328
R1DEV,36.07327,-119.03742,244,12.43
R1DEV,36.07329,-119.03582,245,12.573
R1DEV,36.07328,-119.0351,246,12.638
R1DEV,36.07329,-119.03467,247,12.677
R1DEV,36.07328,-119.03396,248,12.741
R1DEV,36.07326,-119.03283,249,12.842
R1DEV,36.07327,-119.03172,250,12.942
R1DEV,36.07325,-119.03106,251,13.001
R1DEV,36.07325,-119.03059,252,13.044
R1DEV,36.07282,-119.0306,253,13.091
R1DEV,36.07165,-119.03062,254,13.222
R1DEV,36.07097,-119.03064,255,13.297
R1DEV,36.07058,-119.03065,256,13.341
R1DEV,36.07001,-119.03065,257,13.404
R1DEV,36.0696,-119.03066,258,13.45
R1DEV,36.06958,-119.02887,259,13.61
R1DEV,36.06959,-119.02801,260,13.688
R1DEV,36.06985,-119.02803,261,13.717
R1DEV,36.06999,-119.02801,262,13.732
R1DEV,36.0701,-119.02799,263,13.745
R1DEV,36.07021,-119.02794,264,13.758
R1DEV,36.07031,-119.02788,265,13.77
R1DEV,36.07039,-119.02782,266,13.781
R1DEV,36.07053,-119.02771,267,13.799
R1DEV,36.07063,-119.02766,268,13.811
R1DEV,36.07072,-119.02765,269,13.821
R1DEV,36.07085,-119.02766,270,13.835
R1DEV,36.07098,-119.02765,271,13.85
R1DEV,36.07129,-119.02765,272,13.884
R1DEV,36.07232,-119.02763,273,13.999
R1DEV,36.07321,-119.0276,274,14.098
R1DEV,36.0732,-119.0265,275,14.197
R1DEV,36.0732,-119.02598,276,14.244
R1DEV,36.07319,-119.02573,277,14.266
R1DEV,36.07318,-119.02543,278,14.293
R1DEV,36.07316,-119.02506,279,14.326
R1DEV,36.07316,-119.02479,280,14.351
R1DEV,36.07315,-119.02414,281,14.409
R1DEV,36.07314,-119.02292,282,14.519
R1DEV,36.07314,-119.0228,283,14.53
R1DEV,36.07313,-119.02252,284,14.555
R1DEV,36.07313,-119.02159,285,14.638
R1DEV,36.07314,-119.02118,286,14.675
R1DEV,36.07317,-119.02028,287,14.756
R1DEV,36.07317,-119.01983,288,14.797
R1DEV,36.07318,-119.01956,289,14.821
R1DEV,36.07318,-119.01934,290,14.841
R1DEV,36.07317,-119.01923,291,14.851
R1DEV,36.07315,-119.0191,292,14.862
R1DEV,36.0731,-119.01872,293,14.897
R1DEV,36.07307,-119.01816,294,14.948
R1DEV,36.07264,-119.01828,295,14.997
R1DEV,36.07223,-119.01834,296,15.042
R1DEV,36.0714,-119.01836,297,15.135
R1DEV,36.07056,-119.01839,298,15.228
R1DEV,36.06967,-119.01842,299,15.327
R1DEV,36.06882,-119.01843,300,15.422
R1DEV,36.06784,-119.01846,301,15.531
R1DEV,36.06783,-119.01779,302,15.591
R2,36.06784,-119.018,1,0
R2,36.06783,-119.01742,2,0.052
R2,36.06883,-119.01739,3,0.163
R2,36.0694,-119.01738,4,0.227
R2,36.06962,-119.01737,5,0.251
R2,36.07055,-119.01734,6,0.355
R2,36.0714,-119.01733,7,0.449
R2,36.07222,-119.01731,8,0.54
R2,36.07305,-119.01731,9,0.633
R2,36.07304,-119.01679,10,0.679
R2,36.07304,-119.01657,11,0.699
R2,36.07304,-119.01619,12,0.733
R2,36.07304,-119.01612,13,0.74
R2,36.07312,-119.01615,14,0.749
R2,36.07338,-119.01615,15,0.778
R2,36.07392,-119.01615,16,0.838
R2,36.07412,-119.01616,17,0.86
R2,36.07421,-119.01617,18,0.87
R2,36.07431,-119.01618,19,0.881
R2,36.07449,-119.01621,20,0.902
R2,36.07466,-119.01625,21,0.921
R2,36.07483,-119.01629,22,0.94
R2,36.07501,-119.01633,23,0.96
R2,36.0752,-119.0164,24,0.982
R2,36.07536,-119.01646,25,1.001
R2,36.07553,-119.01653,26,1.021
R2,36.07576,-119.01663,27,1.048
R2,36.07588,-119.01669,28,1.062
R2,36.07607,-119.0168,29,1.086
R2,36.07635,-119.01698,30,1.121
R2,36.07699,-119.01742,31,1.202
R2,36.0787,-119.01862,32,1.421
R2,36.07956,-119.01923,33,1.531
R2,36.07969,-119.01932,34,1.548
R2,36.08011,-119.01962,35,1.602
R2,36.08024,-119.02026,36,1.661
R2,36.08026,-119.02041,37,1.675
R2,36.08028,-119.0205,38,1.683
R2,36.0803,-119.0207,39,1.701
R2,36.08033,-119.02094,40,1.723
R2,36.08034,-119.02107,41,1.735
R2,36.08034,-119.0212,42,1.746
R2,36.08036,-119.0217,43,1.791
R2,36.08037,-119.0223,44,1.845
R2,36.0804,-119.02317,45,1.923
R2,36.08056,-119.02632,46,2.207
R2,36.08056,-119.02753,47,2.316
R2,36.08054,-119.03006,48,2.543
R2,36.08053,-119.03046,49,2.579
R2,36.08053,-119.03089,50,2.618
R2,36.08053,-119.03273,51,2.783
R2,36.08051,-119.03368,52,2.869
R2,36.08055,-119.03382,53,2.882
R2,36.08055,-119.03388,54,2.887
R2,36.08055,-119.03428,55,2.923
R2,36.08055,-119.03445,56,2.939
R2,36.08056,-119.03499,57,2.987
R2,36.08055,-119.03573,58,3.054
R2,36.08055,-119.03618,59,3.094
R2,36.08055,-119.03659,60,3.131
R2,36.08055,-119.03701,61,3.169
R2,36.08054,-119.03783,62,3.242
R2,36.08053,-119.03827,63,3.282
R2,36.08053,-119.03829,64,3.284
R2,36.08053,-119.03851,65,3.303
R2,36.08053,-119.03873,66,3.323
R2,36.08052,-119.03915,67,3.361
R2,36.08052,-119.03947,68,3.39
R2,36.08051,-119.03958,69,3.4
R2,36.08051,-119.03992,70,3.43
R2,36.08051,-119.04025,71,3.46
R2,36.0805,-119.04106,72,3.533
R2,36.08049,-119.04143,73,3.566
R2,36.08049,-119.04197,74,3.614
R2,36.08049,-119.04311,75,3.717
R2,36.08048,-119.04391,76,3.789
R2,36.08048,-119.04408,77,3.804
R2,36.08046,-119.04616,78,3.991
R2,36.08045,-119.04673,79,4.042
R2,36.08044,-119.04864,80,4.214
R2,36.08044,-119.04896,81,4.243
R2,36.08043,-119.04964,82,4.304
R2,36.08043,-119.0503,83,4.363
R2,36.08041,-119.05166,84,4.485
R2,36.0804,-119.05289,85,4.596
R2,36.08039,-119.05344,86,4.645
R2,36.08039,-119.05375,87,4.673
R2,36.08038,-119.05393,88,4.689
R2,36.08034,-119.05405,89,4.701
R2,36.08034,-119.05519,90,4.804
R2,36.08034,-119.05543,91,4.825
R2,36.08033,-119.05609,92,4.884
R2,36.08034,-119.05795,93,5.052
R2,36.08034,-119.05885,94,5.132
R2,36.08034,-119.06175,95,5.393
R2,36.08034,-119.06216,96,5.43
R2,36.08033,-119.06236,97,5.448
R2,36.08033,-119.06275,98,5.483
R2,36.08033,-119.06366,99,5.565
R2,36.08034,-119.06545,100,5.726
R2,36.08034,-119.06631,101,5.803
R2,36.08033,-119.06832,102,5.984
R2,36.08033,-119.06916,103,6.059
R2,36.08032,-119.0699,104,6.126
R2,36.08032,-119.07015,105,6.148
R2,36.08032,-119.07081,106,6.207
R2,36.08066,-119.0708,107,6.245
R2,36.08094,-119.0708,108,6.276
R2,36.08156,-119.07079,109,6.345
R2,36.08189,-119.07079,110,6.382
R2,36.08233,-119.07081,111,6.431
R2,36.08397,-119.0708,112,6.613
R2,36.08491,-119.07081,113,6.718
R2,36.08697,-119.07083,114,6.947
R2,36.08758,-119.07083,115,7.015
R2,36.08759,-119.06805,116,7.264
R2,36.08758,-119.06636,117,7.416
R2,36.08758,-119.06368,118,7.657
R2,36.08759,-119.06191,119,7.816
R2,36.0876,-119.05881,120,8.095
R2,36.0876,-119.05749,121,8.213
R2,36.0876,-119.05731,122,8.23
R2,36.0876,-119.05674,123,8.281
R2,36.0876,-119.05512,124,8.426
R2,36.08761,-119.05431,125,8.499
R2,36.0876,-119.05276,126,8.638
R2,36.0876,-119.05112,127,8.786
R2,36.0876,-119.05019,128,8.869
R2,36.0876,-119.04846,129,9.025
R2,36.0876,-119.04788,130,9.077
R2,36.0876,-119.04738,131,9.122
R2,36.0876,-119.04629,132,9.22
R2,36.0876,-119.04521,133,9.317
R2,36.0876,-119.04466,134,9.366
R2,36.08759,-119.04412,135,9.415
R2,36.08759,-119.04401,136,9.425
R2,36.08758,-119.04394,137,9.431
R2,36.08758,-119.04369,138,9.454
R2,36.08758,-119.04354,139,9.467
R2,36.08757,-119.04353,140,9.468
R2,36.08758,-119.04279,141,9.535
R2,36.08758,-119.04264,142,9.548
R2,36.08758,-119.04232,143,9.577
R2,36.08758,-119.04163,144,9.639
R2,36.08758,-119.04076,145,9.717
R2,36.08758,-119.04044,146,9.746
R2,36.08758,-119.04027,147,9.761
R2,36.08758,-119.03999,148,9.787
R2,36.08758,-119.03984,149,9.8
R2,36.08758,-119.03953,150,9.828
R2,36.08758,-119.0391,151,9.867
R2,36.08757,-119.03729,152,10.029
R2,36.08757,-119.03665,153,10.087
R2,36.08758,-119.03636,154,10.113
R2,36.08757,-119.03563,155,10.178
R2,36.08757,-119.03523,156,10.214
R2,36.08756,-119.03471,157,10.261
R2,36.08756,-119.03456,158,10.275
R2,36.08755,-119.03191,159,10.513
R2,36.08753,-119.03096,160,10.598
R2,36.08752,-119.02981,161,10.701
R2,36.08749,-119.02786,162,10.877
R2,36.08748,-119.02759,163,10.901
R2,36.08748,-119.0274,164,10.918
R2,36.08748,-119.02685,165,10.967
R2,36.08751,-119.02653,166,10.996
R2,36.08743,-119.02645,167,11.008
R2,36.08719,-119.02621,168,11.042
R2,36.08616,-119.02523,169,11.187
R2,36.08607,-119.02512,170,11.201
R2,36.08592,-119.02498,171,11.222
R2,36.08539,-119.02448,172,11.296
R2,36.08473,-119.02387,173,11.387
R2,36.08389,-119.02309,174,11.504
R2,36.08342,-119.02263,175,11.571
R2,36.08282,-119.02206,176,11.655
R2,36.08258,-119.02184,177,11.688
R2,36.08229,-119.02156,178,11.729
R2,36.08099,-119.02035,179,11.91
R2,36.08062,-119.02002,180,11.961
R2,36.08058,-119.02,181,11.965
R2,36.08011,-119.01962,182,12.028
R2,36.07969,-119.01932,183,12.082
R2,36.07956,-119.01923,184,12.098
R2,36.0787,-119.01862,185,12.208
R2,36.07699,-119.01742,186,12.427
R2,36.07635,-119.01698,187,12.508
R2,36.07607,-119.0168,188,12.544
R2,36.07588,-119.01669,189,12.567
R2,36.07576,-119.01663,190,12.581
R2,36.07553,-119.01653,191,12.608
R2,36.07536,-119.01646,192,12.628
R2,36.0752,-119.0164,193,12.647
R2,36.07501,-119.01633,194,12.669
R2,36.07483,-119.01629,195,12.689
R2,36.07466,-119.01625,196,12.709
R2,36.07449,-119.01621,197,12.728
R2,36.07431,-119.01618,198,12.748
R2,36.07421,-119.01617,199,12.759
R2,36.07412,-119.01616,200,12.769
R2,36.07392,-119.01615,201,12.791
R2,36.07338,-119.01615,202,12.851
R2,36.07312,-119.01615,203,12.88
R2,36.07304,-119.01619,204,12.89
R2,36.07304,-119.01657,205,12.924
R2,36.07304,-119.01679,206,12.944
R2,36.07305,-119.01731,207,12.991
R2,36.07306,-119.01769,208,13.025
R2,36.07307,-119.01816,209,13.067
R2,36.07264,-119.01828,210,13.116
R2,36.07223,-119.01834,211,13.162
R2,36.0714,-119.01836,212,13.254
R2,36.07056,-119.01839,213,13.348
R2,36.06967,-119.01842,214,13.447
R2,36.06882,-119.01843,215,13.541
R2,36.06784,-119.01846,216,13.65
R2,36.06783,-119.01779,217,13.71
R2DEV,36.06784,-119.018,1,0
R2DEV,36.06783,-119.01742,2,0.052
R2DEV,36.06883,-119.01739,3,0.163
R2DEV,36.0694,-119.01738,4,0.227
R2DEV,36.06962,-119.01737,5,0.251
R2DEV,36.07055,-119.01734,6,0.355
R2DEV,36.0714,-119.01733,7,0.449
R2DEV,36.07222,-119.01731,8,0.54
R2DEV,36.07305,-119.01731,9,0.633
R2DEV,36.07304,-119.01679,10,0.679
R2DEV,36.07304,-119.01657,11,0.699
R2DEV,36.07304,-119.01619,12,0.733
R2DEV,36.07304,-119.01612,13,0.74
R2DEV,36.07312,-119.01615,14,0.749
R2DEV,36.07338,-119.01615,15,0.778
R2DEV,36.07392,-119.01615,16,0.838
R2DEV,36.07412,-119.01616,17,0.86
R2DEV,36.07421,-119.01617,18,0.87
R2DEV,36.07431,-119.01618,19,0.881
R2DEV,36.07449,-119.01621,20,0.902
R2DEV,36.07466,-119.01625,21,0.921
R2DEV,36.07483,-119.01629,22,0.94
R2DEV,36.07501,-119.01633,23,0.96
R2DEV,36.0752,-119.0164,24,0.982
R2DEV,36.07536,-119.01646,25,1.001
R2DEV,36.07553,-119.01653,26,1.021
R2DEV,36.07576,-119.01663,27,1.048
R2DEV,36.07588,-119.01669,28,1.062
R2DEV,36.07607,-119.0168,29,1.086
R2DEV,36.07635,-119.01698,30,1.121
R2DEV,36.07699,-119.01742,31,1.202
R2DEV,36.0787,-119.01862,32,1.421
R2DEV,36.07956,-119.01923,33,1.531
R2DEV,36.07969,-119.01932,34,1.548
R2DEV,36.08011,-119.01962,35,1.602
R2DEV,36.08024,-119.02026,36,1.661
R2DEV,36.08026,-119.02041,37,1.675
R2DEV,36.08028,-119.0205,38,1.683
R2DEV,36.0803,-119.0207,39,1.701
R2DEV,36.08033,-119.02094,40,1.723
R2DEV,36.08034,-119.02107,41,1.735
R2DEV,36.08034,-119.0212,42,1.746
R2DEV,36.08036,-119.0217,43,1.791
R2DEV,36.08037,-119.0223,44,1.845
R2DEV,36.0804,-119.02317,45,1.923
R2DEV,36.08056,-119.02632,46,2.207
R2DEV,36.08056,-119.02753,47,2.316
R2DEV,36.08054,-119.03006,48,2.543
R2DEV,36.08053,-119.03046,49,2.579
R2DEV,36.08053,-119.03089,50,2.618
R2DEV,36.08053,-119.03273,51,2.783
R2DEV,36.08051,-119.03368,52,2.869
R2DEV,36.08055,-119.03382,53,2.882
R2DEV,36.08055,-119.03388,54,2.887
R2DEV,36.08055,-119.03428,55,2.923
R2DEV,36.08055,-119.03445,56,2.939
R2DEV,36.08056,-119.03499,57,2.987
R2DEV,36.08055,-119.03573,58,3.054
R2DEV,36.08055,-119.03618,59,3.094
R2DEV,36.08055,-119.03659,60,3.131
R2DEV,36.08055,-119.03701,61,3.169
R2DEV,36.08054,-119.03783,62,3.242
R2DEV,36.08053,-119.03827,63,3.282
R2DEV,36.08053,-119.03829,64,3.284
R2DEV,36.08053,-119.03851,65,3.303
R2DEV,36.08053,-119.03873,66,3.323
R2DEV,36.08052,-119.03915,67,3.361
R2DEV,36.08052,-119.03947,68,3.39
R2DEV,36.08051,-119.03958,69,3.4
R2DEV,36.08051,-119.03992,70,3.43
R2DEV,36.08051,-119.04025,71,3.46
R2DEV,36.0805,-119.04106,72,3.533
R2DEV,36.08049,-119.04143,73,3.566
R2DEV,36.08049,-119.04197,74,3.614
R2DEV,36.08049,-119.04311,75,3.717
R2DEV,36.08048,-119.04391,76,3.789
R2DEV,36.08048,-119.04408,77,3.804
R2DEV,36.08046,-119.04616,78,3.991
R2DEV,36.08045,-119.04673,79,4.042
R2DEV,36.08044,-119.04864,80,4.214
R2DEV,36.08044,-119.04896,81,4.243
R2DEV,36.08043,-119.04964,82,4.304
R2DEV,36.08043,-119.0503,83,4.363
R2DEV,36.08041,-119.05166,84,4.485
R2DEV,36.0804,-119.05289,85,4.596
R2DEV,36.08039,-119.05344,86,4.645
R2DEV,36.08039,-119.05375,87,4.673
R2DEV,36.08038,-119.05393,88,4.689
R2DEV,36.08034,-119.05405,89,4.701
R2DEV,36.08034,-119.05519,90,4.804
R2DEV,36.08034,-119.05543,91,4.825
R2DEV,36.08033,-119.05609,92,4.884
R2DEV,36.08034,-119.05795,93,5.052
R2DEV,36.08034,-119.05885,94,5.132
R2DEV,36.08034,-119.06175,95,5.393
R2DEV,36.08034,-119.06216,96,5.43
R2DEV,36.08033,-119.06236,97,5.448
R2DEV,36.08033,-119.06275,98,5.483
R2DEV,36.08033,-119.06366,99,5.565
R2DEV,36.08034,-119.06545,100,5.726
R2DEV,36.08034,-119.06631,101,5.803
R2DEV,36.08033,-119.06832,102,5.984
R2DEV,36.08033,-119.06916,103,6.059
R2DEV,36.08032,-119.0699,104,6.126
R2DEV,36.08032,-119.07015,105,6.148
R2DEV,36.08032,-119.07081,106,6.207
R2DEV,36.08066,-119.0708,107,6.245
R2DEV,36.08094,-119.0708,108,6.276
R2DEV,36.08156,-119.07079,109,6.345
R2DEV,36.08189,-119.07079,110,6.382
R2DEV,36.08233,-119.07081,111,6.431
R2DEV,36.08231,-119.07143,112,6.487
R2DEV,36.08232,-119.07153,113,6.496
R2DEV,36.08233,-119.07161,114,6.503
R2DEV,36.08237,-119.07176,115,6.517
R2DEV,36.08247,-119.07205,116,6.545
R2DEV,36.08255,-119.07228,117,6.568
R2DEV,36.0826,-119.07239,118,6.579
R2DEV,36.08267,-119.0726,119,6.6
R2DEV,36.08273,-119.07276,120,6.616
R2DEV,36.08278,-119.07294,121,6.633
R2DEV,36.08282,-119.07309,122,6.647
R2DEV,36.08284,-119.0733,123,6.666
R2DEV,36.08284,-119.07346,124,6.68
R2DEV,36.08282,-119.07364,125,6.697
R2DEV,36.0828,-119.0738,126,6.711
R2DEV,36.08278,-119.07392,127,6.722
R2DEV,36.08277,-119.07404,128,6.733
R2DEV,36.08277,-119.07416,129,6.744
R2DEV,36.08278,-119.0743,130,6.756
R2DEV,36.08281,-119.07449,131,6.774
R2DEV,36.08285,-119.07466,132,6.79
R2DEV,36.08304,-119.07525,133,6.847
R2DEV,36.08539,-119.07524,134,7.108
R2DEV,36.08692,-119.07525,135,7.278
R2DEV,36.08754,-119.07527,136,7.347
R2DEV,36.08759,-119.07523,137,7.354
R2DEV,36.08761,-119.07516,138,7.36
R2DEV,36.0876,-119.07473,139,7.399
R2DEV,36.0876,-119.07448,140,7.422
R2DEV,36.08761,-119.07252,141,7.598
R2DEV,36.08758,-119.07083,142,7.75
R2DEV,36.08759,-119.06805,143,7.999
R2DEV,36.08758,-119.06636,144,8.151
R2DEV,36.08758,-119.06368,145,8.392
R2DEV,36.08759,-119.06191,146,8.551
R2DEV,36.0876,-119.05881,147,8.83
R2DEV,36.0876,-119.05749,148,8.948
R2DEV,36.0876,-119.05731,149,8.965
R2DEV,36.0876,-119.05674,150,9.016
R2DEV,36.0876,-119.05512,151,9.161
R2DEV,36.08761,-119.05431,152,9.234
R2DEV,36.0876,-119.05276,153,9.373
R2DEV,36.0876,-119.05112,154,9.521
R2DEV,36.0876,-119.05019,155,9.604
R2DEV,36.0876,-119.04846,156,9.76
R2DEV,36.0876,-119.04788,157,9.812
R2DEV,36.0876,-119.04738,158,9.857
R2DEV,36.0876,-119.04629,159,9.955
R2DEV,36.0876,-119.04521,160,10.052
R2DEV,36.0876,-119.04466,161,10.101
R2DEV,36.08759,-119.04412,162,10.15
R2DEV,36.08759,-119.04401,163,10.16
R2DEV,36.08758,-119.04394,164,10.166
R2DEV,36.08758,-119.04369,165,10.189
R2DEV,36.08758,-119.04354,166,10.202
R2DEV,36.08757,-119.04353,167,10.203
R2DEV,36.08758,-119.04279,168,10.27
R2DEV,36.08758,-119.04264,169,10.283
R2DEV,36.08758,-119.04232,170,10.312
R2DEV,36.08758,-119.04163,171,10.374
R2DEV,36.08758,-119.04076,172,10.452
R2DEV,36.08758,-119.04044,173,10.481
R2DEV,36.08758,-119.04027,174,10.496
R2DEV,36.08758,-119.03999,175,10.522
R2DEV,36.08758,-119.03984,176,10.535
R2DEV,36.08758,-119.03953,177,10.563
R2DEV,36.08758,-119.0391,178,10.602
R2DEV,36.08757,-119.03729,179,10.764
R2DEV,36.08757,-119.03665,180,10.822
R2DEV,36.08758,-119.03636,181,10.848
R2DEV,36.08757,-119.03563,182,10.913
R2DEV,36.08757,-119.03523,183,10.949
R2DEV,36.08756,-119.03471,184,10.996
R2DEV,36.08756,-119.03456,185,11.01
R2DEV,36.08755,-119.03191,186,11.248
R2DEV,36.08753,-119.03096,187,11.333
R2DEV,36.08752,-119.02981,188,11.436
R2DEV,36.08749,-119.02786,189,11.612
R2DEV,36.08748,-119.02759,190,11.636
R2DEV,36.08748,-119.0274,191,11.653
R2DEV,36.08748,-119.02685,192,11.702
R2DEV,36.08751,-119.02653,193,11.731
R2DEV,36.08743,-119.02645,194,11.743
R2DEV,36.08719,-119.02621,195,11.777
R2DEV,36.08616,-119.02523,196,11.922
R2DEV,36.08607,-119.02512,197,11.936
R2DEV,36.08592,-119.02498,198,11.957
R2DEV,36.08539,-119.02448,199,12.031
R2DEV,36.08473,-119.02387,200,12.122
R2DEV,36.08389,-119.02309,201,12.239
R2DEV,36.08342,-119.02263,202,12.306
R2DEV,36.08282,-119.02206,203,12.39
R2DEV,36.08258,-119.02184,204,12.423
R2DEV,36.08229,-119.02156,205,12.464
R2DEV,36.08099,-119.02035,206,12.645
R2DEV,36.08062,-119.02002,207,12.696
R2DEV,36.08058,-119.02,208,12.7
R2DEV,36.08011,-119.01962,209,12.763
R2DEV,36.07969,-119.01932,210,12.817
R2DEV,36.07956,-119.01923,211,12.833
R2DEV,36.0787,-119.01862,212,12.943
R2DEV,36.07699,-119.01742,213,13.162
R2DEV,36.07635,-119.01698,214,13.243
R2DEV,36.07607,-119.0168,215,13.279
R2DEV,36.07588,-119.01669,216,13.302
R2DEV,36.07576,-119.01663,217,13.316
R2DEV,36.07553,-119.01653,218,13.343
R2DEV,36.07536,-119.01646,219,13.363
R2DEV,36.0752,-119.0164,220,13.382
R2DEV,36.07501,-119.01633,221,13.404
R2DEV,36.07483,-119.01629,222,13.424
R2DEV,36.07466,-119.01625,223,13.444
R2DEV,36.07449,-119.01621,224,13.463
R2DEV,36.07431,-119.01618,225,13.483
R2DEV,36.07421,-119.01617,226,13.494
R2DEV,36.07412,-119.01616,227,13.504
R2DEV,36.07392,-119.01615,228,13.526
R2DEV,36.07338,-119.01615,229,13.586
R2DEV,36.07312,-119.01615,230,13.615
R2DEV,36.07304,-119.01619,231,13.625
R2DEV,36.07304,-119.01657,232,13.659
R2DEV,36.07304,-119.01679,233,13.679
R2DEV,36.07305,-119.01731,234,13.726
R2DEV,36.07306,-119.01769,235,13.76
R2DEV,36.07307,-119.01816,236,13.802
R2DEV,36.07264,-119.01828,237,13.851
R2DEV,36.07223,-119.01834,238,13.897
R2DEV,36.0714,-119.01836,239,13.989
R2DEV,36.07056,-119.01839,240,14.083
R2DEV,36.06967,-119.01842,241,14.182
R2DEV,36.06882,-119.01843,242,14.276
R2DEV,36.06784,-119.01846,243,14.385
R2DEV,36.06783,-119.01779,244,14.445
R4,36.067771,-119.018062,1,0
R4,36.067627,-119.018383,2,0.033
R4,36.069133,-119.018365,3,0.2
R4,36.070378,-119.018321,4,0.339
R4,36.071679,-119.018285,5,0.484
R4,36.071761,-119.018283,6,0.493
R4,36.072197,-119.018283,7,0.541
R4,36.072675,-119.018274,8,0.594
R4,36.073035,-119.018143,9,0.636
R4,36.073006,-119.01634,10,0.798
R4,36.072992,-119.015126,11,0.907
R4,36.071798,-119.015169,12,1.04
R4,36.070686,-119.015186,13,1.164
R4,36.069003,-119.015226,14,1.351
R4,36.06787,-119.015232,15,1.477
R4,36.066186,-119.015284,16,1.664
R4,36.0651,-119.015289,17,1.785
R4,36.065076,-119.01444,18,1.861
R4,36.06297,-119.014511,19,2.096
R4,36.062221,-119.01453,20,2.179
R4,36.061119,-119.014582,21,2.302
R4,36.061106,-119.014207,22,2.335
R4,36.061093,-119.012739,23,2.467
R4,36.061077,-119.011895,24,2.543
R4,36.061026,-119.011592,25,2.571
R4,36.060937,-119.011336,26,2.596
R4,36.060725,-119.011032,27,2.632
R4,36.060214,-119.010291,28,2.72
R4,36.05992,-119.00986,29,2.77
R4,36.059687,-119.009535,30,2.809
R4,36.059457,-119.009341,31,2.84
R4,36.059103,-119.009183,32,2.882
R4,36.05872,-119.008867,33,2.933
R4,36.05854,-119.008586,34,2.966
R4,36.058469,-119.00831,35,2.992
R4,36.058443,-119.008052,36,3.015
R4,36.058414,-119.007883,37,3.031
R4,36.057418,-119.007933,38,3.141
R4,36.05663,-119.00795,39,3.229
R4,36.055724,-119.008007,40,3.33
R4,36.054735,-119.008097,41,3.44
R4,36.054267,-119.00818,42,3.493
R4,36.052601,-119.008246,43,3.678
R4,36.051232,-119.008291,44,3.83
R4,36.050679,-119.008289,45,3.892
R4,36.050572,-119.008396,46,3.907
R4,36.05052,-119.008401,47,3.913
R4,36.050446,-119.008328,48,3.924
R4,36.050403,-119.008287,49,3.93
R4,36.047829,-119.008352,50,4.216
R4,36.04736,-119.008359,51,4.268
R4,36.047154,-119.008464,52,4.293
R4,36.047099,-119.008376,53,4.303
R4,36.045097,-119.008441,54,4.525
R4,36.044034,-119.00846,55,4.644
R4,36.04402,-119.008197,56,4.667
R4,36.044005,-119.008096,57,4.677
R4,36.04403,-119.007949,58,4.69
R4,36.044055,-118.99867,59,5.524
R4,36.044039,-118.997751,60,5.607
R4,36.043996,-118.997508,61,5.629
R4,36.043919,-118.997234,62,5.655
R4,36.043599,-118.99658,63,5.724
R4,36.043109,-118.995525,64,5.834
R4,36.042956,-118.995054,65,5.879
R4,36.042995,-118.994535,66,5.926
R4,36.043049,-118.994348,67,5.944
R4,36.043159,-118.994064,68,5.972
R4,36.043609,-118.993395,69,6.05
R4,36.043873,-118.99292,70,6.102
R4,36.043976,-118.992508,71,6.141
R4,36.044016,-118.991835,72,6.202
R4,36.04399,-118.988593,73,6.493
R4,36.043765,-118.980733,74,7.2
R4,36.04386,-118.980554,75,7.22
R4,36.043671,-118.980521,76,7.241
R4,36.04335,-118.980432,77,7.277
R4,36.042695,-118.980307,78,7.351
R4,36.042162,-118.980333,79,7.41
R4,36.041861,-118.9804,80,7.444
R4,36.04144,-118.980585,81,7.494
R4,36.041149,-118.980787,82,7.531
R4,36.04084,-118.981098,83,7.576
R4,36.040473,-118.981673,84,7.641
R4,36.040262,-118.982095,85,7.686
R4,36.039956,-118.982809,86,7.759
R4,36.039886,-118.982915,87,7.771
R4,36.039682,-118.982873,88,7.794
R4,36.039419,-118.982914,89,7.823
R4,36.039229,-118.98304,90,7.847
R4,36.039061,-118.983406,91,7.885
R4,36.038889,-118.983767,92,7.923
R4,36.038527,-118.984576,93,8.006
R4,36.038249,-118.98511,94,8.063
R4,36.038191,-118.985295,95,8.081
R4,36.038579,-118.985776,96,8.142
R4,36.038498,-118.986005,97,8.165
R4,36.038383,-118.986242,98,8.189
R4,36.038133,-118.986863,99,8.252
R4,36.03795,-118.98792,100,8.349
R4,36.037943,-118.98879,101,8.427
R4,36.038126,-118.989654,102,8.508
R4,36.038552,-118.990305,103,8.583
R4,36.038865,-118.990846,104,8.643
R4,36.039801,-118.990818,105,8.747
R4,36.040166,-118.990864,106,8.788
R4,36.040533,-118.991062,107,8.832
R4,36.040754,-118.99114,108,8.858
R4,36.042534,-118.99106,109,9.056
R4,36.043983,-118.990982,110,9.217
R4,36.044095,-118.991453,111,9.261
R4,36.044057,-118.99185,112,9.297
R4,36.044018,-118.992513,113,9.357
R4,36.043914,-118.99295,114,9.398
R4,36.043661,-118.993439,115,9.45
R4,36.043199,-118.994073,116,9.527
R4,36.043076,-118.994358,117,9.556
R4,36.043031,-118.994543,118,9.573
R4,36.043004,-118.995057,119,9.619
R4,36.043137,-118.995516,120,9.663
R4,36.043635,-118.996574,121,9.773
R4,36.043941,-118.997178,122,9.837
R4,36.044013,-118.99746,123,9.864
R4,36.044069,-118.997799,124,9.895
R4,36.044084,-118.999007,125,10.004
R4,36.044106,-119.002131,126,10.285
R4,36.047638,-119.002102,127,10.677
R4,36.047832,-119.002072,128,10.699
R4,36.047832,-119.001934,129,10.712
R4,36.047846,-119.001877,130,10.717
R4,36.047948,-119.001992,131,10.732
R4,36.047932,-119.002117,132,10.744
R4,36.047363,-119.002125,133,10.807
R4,36.044089,-119.002165,134,11.171
R4,36.044041,-119.003655,135,11.305
R4,36.044072,-119.00548,136,11.469
R4,36.044077,-119.005538,137,11.474
R4,36.044059,-119.006016,138,11.517
R4,36.044091,-119.008422,139,11.734
R4,36.045094,-119.008379,140,11.845
R4,36.048446,-119.008282,141,12.218
R4,36.048412,-119.009151,142,12.296
R4,36.048404,-119.009983,143,12.371
R4,36.048439,-119.01049,144,12.417
R4,36.048639,-119.011085,145,12.475
R4,36.048815,-119.011437,146,12.512
R4,36.048769,-119.011723,147,12.538
R4,36.048681,-119.011957,148,12.561
R4,36.048592,-119.012097,149,12.578
R4,36.048394,-119.012369,150,12.61
R4,36.048244,-119.012835,151,12.656
R4,36.048189,-119.013234,152,12.692
R4,36.048166,-119.014098,153,12.77
R4,36.048192,-119.016774,154,13.01
R4,36.048476,-119.016777,155,13.042
R4,36.050684,-119.016744,156,13.287
R4,36.051541,-119.016809,157,13.383
R4,36.051721,-119.016845,158,13.403
R4,36.052059,-119.016881,159,13.441
R4,36.052845,-119.017,160,13.529
R4,36.053583,-119.017074,161,13.611
R4,36.053921,-119.017042,162,13.649
R4,36.054313,-119.016913,163,13.694
R4,36.054695,-119.016735,164,13.739
R4,36.055128,-119.016603,165,13.789
R4,36.05542,-119.016576,166,13.822
R4,36.056444,-119.016577,167,13.935
R4,36.058571,-119.016544,168,14.172
R4,36.060156,-119.016494,169,14.348
R4,36.062055,-119.01647,170,14.559
R4,36.063935,-119.016423,171,14.768
R4,36.065153,-119.016419,172,14.904
R4,36.065182,-119.017124,173,14.967
R4,36.066532,-119.017108,174,15.117
R4,36.066923,-119.017393,175,15.168
R4,36.067491,-119.017421,176,15.231
R4,36.067647,-119.01792,177,15.279
R5,36.067566,-119.017885,1,0
R5,36.06759,-119.017475,2,0.037
R5,36.067889,-119.017446,3,0.07
R5,36.0679,-119.018381,4,0.154
R5,36.071759,-119.018273,5,0.584
R5,36.072728,-119.01827,6,0.691
R5,36.073101,-119.01812,7,0.735
R5,36.073153,-119.018748,8,0.792
R5,36.073215,-119.0193,9,0.842
R5,36.073188,-119.021867,10,1.072
R5,36.073188,-119.023387,11,1.209
R5,36.073216,-119.025106,12,1.364
R5,36.073294,-119.029103,13,1.723
R5,36.073306,-119.03062,14,1.859
R5,36.073313,-119.032331,15,2.013
R5,36.073335,-119.037206,16,2.451
R5,36.073301,-119.040218,17,2.722
R5,36.073326,-119.041674,18,2.853
R5,36.073323,-119.045439,19,3.191
R5,36.073282,-119.046678,20,3.303
R5,36.073252,-119.047462,21,3.373
R5,36.073224,-119.051834,22,3.766
R5,36.07321,-119.052884,23,3.861
R5,36.073153,-119.053219,24,3.891
R5,36.073149,-119.055336,25,4.082
R5,36.073165,-119.056772,26,4.211
R5,36.073154,-119.05947,27,4.453
R5,36.073153,-119.06127,28,4.615
R5,36.073144,-119.062217,29,4.7
R5,36.073149,-119.064875,30,4.939
R5,36.073143,-119.066428,31,5.078
R5,36.073169,-119.069631,32,5.366
R5,36.073142,-119.07079,33,5.471
R5,36.07528,-119.07079,34,5.708
R5,36.076498,-119.070781,35,5.844
R5,36.079231,-119.070759,36,6.148
R5,36.080279,-119.070751,37,6.264
R5,36.080262,-119.067959,38,6.515
R5,36.080275,-119.06484,39,6.795
R5,36.080269,-119.06242,40,7.013
R5,36.080285,-119.060225,41,7.21
R5,36.080279,-119.057673,42,7.439
R5,36.080285,-119.05634,43,7.559
R5,36.080297,-119.055086,44,7.672
R5,36.080302,-119.052919,45,7.867
R5,36.080271,-119.05273,46,7.884
R5,36.080261,-119.05244,47,7.91
R5,36.080272,-119.051143,48,8.027
R5,36.080297,-119.049266,49,8.195
R5,36.080308,-119.046896,50,8.408
R5,36.080305,-119.045927,51,8.495
R5,36.080316,-119.044006,52,8.668
R5,36.080337,-119.042974,53,8.761
R5,36.08035,-119.041347,54,8.907
R5,36.080375,-119.039683,55,9.057
R5,36.080382,-119.037925,56,9.215
R5,36.080398,-119.036664,57,9.328
R5,36.080427,-119.034724,58,9.502
R5,36.080461,-119.033675,59,9.597
R5,36.080464,-119.031932,60,9.753
R5,36.080482,-119.029939,61,9.932
R5,36.080497,-119.02872,62,10.042
R5,36.080503,-119.026681,63,10.225
R5,36.080504,-119.026252,64,10.264
R5,36.080484,-119.025855,65,10.3
R5,36.080306,-119.02167,66,10.676
R5,36.080287,-119.020878,67,10.747
R5,36.080176,-119.020245,68,10.806
R5,36.080052,-119.019669,69,10.859
R5,36.078984,-119.018915,70,10.996
R5,36.077872,-119.018143,71,11.138
R5,36.076995,-119.01752,72,11.25
R5,36.076329,-119.01705,73,11.335
R5,36.076061,-119.016872,74,11.369
R5,36.075712,-119.016692,75,11.411
R5,36.075486,-119.016575,76,11.438
R5,36.074986,-119.016406,77,11.496
R5,36.074763,-119.01635,78,11.521
R5,36.074101,-119.016226,79,11.596
R5,36.073655,-119.016215,80,11.645
R5,36.073113,-119.016224,81,11.706
R5,36.073105,-119.017223,82,11.796
R5,36.073109,-119.018236,83,11.887
R5,36.072876,-119.018348,84,11.914
R5,36.072023,-119.018375,85,12.009
R5,36.071003,-119.0184,86,12.123
R5,36.070363,-119.018456,87,12.194
R5,36.0684,-119.01849,88,12.412
R5,36.067798,-119.018509,89,12.479
R5,36.067575,-119.01851,90,12.504
R5,36.067574,-119.017931,91,12.556
R6,36.067573,-119.017975,1,0
R6,36.067585,-119.017454,2,0.047
R6,36.06786,-119.017431,3,0.077
R6,36.067883,-119.018363,4,0.161
R6,36.069662,-119.018417,5,0.359
R6,36.06972,-119.020289,6,0.528
R6,36.06974,-119.021366,7,0.624
R6,36.069629,-119.021803,8,0.666
R6,36.069506,-119.022373,9,0.719
R6,36.069518,-119.022458,10,0.726
R6,36.069553,-119.024008,11,0.866
R6,36.069565,-119.026051,12,1.049
R6,36.068868,-119.026077,13,1.127
R6,36.067034,-119.026095,14,1.331
R6,36.066026,-119.026088,15,1.443
R6,36.065604,-119.026147,16,1.49
R6,36.064742,-119.026169,17,1.586
R6,36.063779,-119.026159,18,1.693
R6,36.062696,-119.026202,19,1.814
R6,36.061488,-119.026231,20,1.948
R6,36.061238,-119.02626,21,1.976
R6,36.059467,-119.026283,22,2.173
R6,36.058323,-119.026307,23,2.3
R6,36.057908,-119.026228,24,2.347
R6,36.057454,-119.026193,25,2.397
R6,36.056709,-119.026211,26,2.48
R6,36.056205,-119.026208,27,2.536
R6,36.055998,-119.026221,28,2.559
R6,36.055784,-119.026246,29,2.583
R6,36.054993,-119.026234,30,2.671
R6,36.055031,-119.02848,31,2.873
R6,36.055031,-119.032501,32,3.234
R6,36.055016,-119.033157,33,3.293
R6,36.055015,-119.035279,34,3.484
R6,36.054769,-119.03529,35,3.512
R6,36.053751,-119.035274,36,3.625
R6,36.052479,-119.035279,37,3.766
R6,36.052223,-119.035139,38,3.797
R6,36.052045,-119.034868,39,3.829
R6,36.051963,-119.03438,40,3.874
R6,36.051943,-119.033537,41,3.949
R6,36.051942,-119.032923,42,4.005
R6,36.052033,-119.032675,43,4.029
R6,36.052218,-119.032395,44,4.062
R6,36.052421,-119.032007,45,4.103
R6,36.052439,-119.03171,46,4.13
R6,36.052416,-119.031588,47,4.141
R6,36.05237,-119.031497,48,4.151
R6,36.052414,-119.031337,49,4.166
R6,36.052442,-119.031202,50,4.179
R6,36.052451,-119.030641,51,4.229
R6,36.052415,-119.030205,52,4.268
R6,36.052332,-119.029749,53,4.31
R6,36.05228,-119.029265,54,4.354
R6,36.052273,-119.028772,55,4.399
R6,36.052316,-119.028357,56,4.436
R6,36.052346,-119.02815,57,4.455
R6,36.052476,-119.027883,58,4.483
R6,36.052548,-119.02774,59,4.498
R6,36.052583,-119.027616,60,4.51
R6,36.052637,-119.027517,61,4.521
R6,36.052764,-119.02748,62,4.535
R6,36.053088,-119.027293,63,4.575
R6,36.053301,-119.027105,64,4.604
R6,36.053438,-119.026831,65,4.633
R6,36.05348,-119.026475,66,4.666
R6,36.053496,-119.026377,67,4.675
R6,36.053103,-119.026378,68,4.718
R6,36.051653,-119.026485,69,4.88
R6,36.05165,-119.030428,70,5.234
R6,36.051668,-119.03397,71,5.553
R6,36.051674,-119.035546,72,5.694
R6,36.051714,-119.038156,73,5.929
R6,36.051725,-119.040118,74,6.105
R6,36.05172,-119.041276,75,6.209
R6,36.051724,-119.043257,76,6.388
R6,36.051674,-119.044026,77,6.457
R6,36.051252,-119.044026,78,6.504
R6,36.051293,-119.043531,79,6.549
R6,36.051309,-119.042805,80,6.614
R6,36.051294,-119.041986,81,6.688
R6,36.051293,-119.04183,82,6.702
R6,36.048723,-119.041857,83,6.987
R6,36.047695,-119.041885,84,7.102
R6,36.047691,-119.043915,85,7.284
R6,36.047743,-119.044039,86,7.297
R6,36.048002,-119.044096,87,7.326
R6,36.048332,-119.04408,88,7.363
R6,36.049179,-119.044087,89,7.457
R6,36.051575,-119.043951,90,7.724
R6,36.05159,-119.043244,91,7.787
R6,36.051587,-119.042054,92,7.894
R6,36.051583,-119.041419,93,7.951
R6,36.051545,-119.038227,94,8.238
R6,36.051519,-119.035249,95,8.506
R6,36.051508,-119.031774,96,8.818
R6,36.051487,-119.028811,97,9.085
R6,36.05146,-119.026396,98,9.302
R6,36.050683,-119.02635,99,9.388
R6,36.050228,-119.026252,100,9.44
R6,36.049854,-119.025849,101,9.495
R6,36.049776,-119.025405,102,9.536
R6,36.049777,-119.023869,103,9.674
R6,36.049746,-119.023112,104,9.742
R6,36.050735,-119.023085,105,9.852
R6,36.050961,-119.023003,106,9.878
R6,36.05104,-119.022868,107,9.893
R6,36.051095,-119.022958,108,9.903
R6,36.051058,-119.023089,109,9.916
R6,36.050845,-119.023146,110,9.94
R6,36.05033,-119.023156,111,9.997
R6,36.049813,-119.023217,112,10.055
R6,36.049811,-119.024333,113,10.155
R6,36.049821,-119.02544,114,10.255
R6,36.049942,-119.025795,115,10.29
R6,36.050178,-119.026085,116,10.327
R6,36.050525,-119.026227,117,10.367
R6,36.051351,-119.026221,118,10.459
R6,36.053829,-119.026072,119,10.735
R6,36.055701,-119.026112,120,10.943
R6,36.056367,-119.026176,121,11.017
R6,36.058017,-119.026177,122,11.201
R6,36.058385,-119.026212,123,11.242
R6,36.059062,-119.026189,124,11.317
R6,36.061343,-119.02612,125,11.571
R6,36.061303,-119.022961,126,11.855
R6,36.061269,-119.021098,127,12.022
R6,36.061241,-119.020103,128,12.112
R6,36.058582,-119.020183,129,12.408
R6,36.058601,-119.020905,130,12.473
R6,36.058622,-119.022629,131,12.628
R6,36.057851,-119.022623,132,12.713
R6,36.057842,-119.020149,133,12.936
R6,36.058163,-119.020146,134,12.971
R6,36.058971,-119.02011,135,13.061
R6,36.061297,-119.020043,136,13.32
R6,36.06133,-119.021421,137,13.444
R6,36.064814,-119.021325,138,13.831
R6,36.065167,-119.021315,139,13.871
R6,36.065146,-119.018838,140,14.093
R6,36.06517,-119.018469,141,14.127
R6,36.067573,-119.018385,142,14.394
R6,36.067569,-119.018066,143,14.423
R7,36.06784,-119.018032,1,0
R7,36.06784,-119.017405,2,0.056
R7,36.071287,-119.017303,3,0.44
R7,36.073036,-119.01727,4,0.634
R7,36.073069,-119.016103,5,0.739
R7,36.073673,-119.016089,6,0.806
R7,36.074509,-119.016175,7,0.9
R7,36.075221,-119.016369,8,0.981
R7,36.076229,-119.016806,9,1.099
R7,36.07744,-119.017701,10,1.256
R7,36.078427,-119.018375,11,1.382
R7,36.080278,-119.019671,12,1.618
R7,36.080863,-119.020197,13,1.699
R7,36.081282,-119.020585,14,1.757
R7,36.082624,-119.02186,15,1.945
R7,36.084162,-119.023297,16,2.159
R7,36.086028,-119.025045,17,2.419
R7,36.087114,-119.026053,18,2.57
R7,36.087601,-119.026551,19,2.641
R7,36.08753,-119.026765,20,2.661
R7,36.087498,-119.027194,21,2.7
R7,36.087546,-119.030385,22,2.987
R7,36.08757,-119.032145,23,3.145
R7,36.087596,-119.035198,24,3.419
R7,36.087615,-119.036337,25,3.522
R7,36.087887,-119.036322,26,3.552
R7,36.089534,-119.036366,27,3.735
R7,36.091123,-119.036423,28,3.912
R7,36.091147,-119.037515,29,4.01
R7,36.091141,-119.038613,30,4.109
R7,36.091149,-119.039121,31,4.155
R7,36.091199,-119.03924,32,4.167
R7,36.091295,-119.039351,33,4.181
R7,36.092936,-119.039431,34,4.364
R7,36.095416,-119.039535,35,4.64
R7,36.096709,-119.039688,36,4.784
R7,36.098312,-119.040064,37,4.966
R7,36.098296,-119.0414,38,5.086
R7,36.098296,-119.04251,39,5.185
R7,36.098296,-119.044468,40,5.361
R7,36.095451,-119.044393,41,5.678
R7,36.094279,-119.044338,42,5.808
R7,36.092266,-119.044281,43,6.032
R7,36.091337,-119.044262,44,6.135
R7,36.089982,-119.044221,45,6.286
R7,36.088351,-119.044181,46,6.467
R7,36.086843,-119.044131,47,6.635
R7,36.085081,-119.044098,48,6.831
R7,36.083983,-119.044073,49,6.953
R7,36.08298,-119.044119,50,7.065
R7,36.082409,-119.044091,51,7.128
R7,36.080625,-119.044052,52,7.327
R7,36.080208,-119.044015,53,7.373
R7,36.078969,-119.044009,54,7.511
R7,36.077265,-119.044032,55,7.701
R7,36.075922,-119.044049,56,7.85
R7,36.074434,-119.044061,57,8.015
R7,36.073968,-119.044038,58,8.067
R7,36.073173,-119.04394,59,8.156
R7,36.072265,-119.043954,60,8.257
R7,36.071309,-119.043973,61,8.363
R7,36.06957,-119.043996,62,8.557
R7,36.069547,-119.0458,63,8.719
R7,36.069532,-119.047704,64,8.89
R7,36.069507,-119.052447,65,9.316
R7,36.069491,-119.052909,66,9.358
R7,36.07062,-119.052925,67,9.483
R7,36.072379,-119.052909,68,9.679
R7,36.073336,-119.052878,69,9.785
R7,36.074836,-119.052763,70,9.953
R7,36.075526,-119.052769,71,10.029
R7,36.076555,-119.052778,72,10.144
R7,36.077917,-119.052766,73,10.295
R7,36.078281,-119.05275,74,10.336
R7,36.079074,-119.052759,75,10.424
R7,36.079782,-119.052761,76,10.503
R7,36.080265,-119.052803,77,10.556
R7,36.080264,-119.052428,78,10.59
R7,36.08028,-119.050036,79,10.805
R7,36.080303,-119.048282,80,10.963
R7,36.080309,-119.045913,81,11.176
R7,36.080337,-119.042458,82,11.486
R7,36.080347,-119.041346,83,11.586
R7,36.080362,-119.039129,84,11.785
R7,36.080389,-119.037615,85,11.921
R7,36.080389,-119.036652,86,12.008
R7,36.080433,-119.035028,87,12.154
R7,36.078523,-119.035056,88,12.366
R7,36.077852,-119.035075,89,12.441
R7,36.076565,-119.035079,90,12.584
R7,36.074338,-119.035146,91,12.832
R7,36.073779,-119.035163,92,12.894
R7,36.072302,-119.035142,93,13.058
R7,36.071529,-119.035184,94,13.144
R7,36.070866,-119.035163,95,13.218
R7,36.069578,-119.035189,96,13.361
R7,36.06958,-119.032619,97,13.592
R7,36.069576,-119.030574,98,13.776
R7,36.069551,-119.027509,99,14.052
R7,36.069516,-119.024762,100,14.298
R7,36.069505,-119.023079,101,14.45
R7,36.069501,-119.02259,102,14.494
R7,36.069504,-119.022128,103,14.535
R7,36.069557,-119.021893,104,14.557
R7,36.069639,-119.021651,105,14.581
R7,36.069688,-119.02135,106,14.608
R7,36.069693,-119.021104,107,14.63
R7,36.069695,-119.019949,108,14.734
R7,36.069651,-119.018468,109,14.867
R7,36.067838,-119.018467,110,15.069
R7,36.067858,-119.018121,111,15.1
R8,36.067816,-119.01803,1,0
R8,36.067821,-119.017407,2,0.056
R8,36.071283,-119.017279,3,0.441
R8,36.07302,-119.01728,4,0.634
R8,36.072978,-119.01286,5,1.032
R8,36.073006,-119.01225,6,1.086
R8,36.072999,-119.010932,7,1.205
R8,36.072975,-119.008493,8,1.424
R8,36.07297,-119.006344,9,1.617
R8,36.072973,-119.004078,10,1.821
R8,36.072906,-118.999512,11,2.231
R8,36.073003,-118.999029,12,2.276
R8,36.073021,-118.998492,13,2.324
R8,36.072908,-118.997954,14,2.374
R8,36.072726,-118.997601,15,2.412
R8,36.072465,-118.997193,16,2.459
R8,36.072243,-118.996789,17,2.503
R8,36.07213,-118.996417,18,2.538
R8,36.072085,-118.995946,19,2.581
R8,36.072078,-118.995297,20,2.639
R8,36.070338,-118.995352,21,2.833
R8,36.069887,-118.99534,22,2.883
R8,36.069367,-118.995349,23,2.941
R8,36.069343,-118.999435,24,3.308
R8,36.069367,-118.9997,25,3.332
R8,36.067988,-118.999664,26,3.485
R8,36.065214,-118.999654,27,3.794
R8,36.062707,-118.999629,28,4.073
R8,36.061136,-118.999584,29,4.247
R8,36.061137,-118.996157,30,4.555
R8,36.061131,-118.995248,31,4.637
R8,36.061146,-118.993043,32,4.835
R8,36.061194,-118.992942,33,4.846
R8,36.061277,-118.992868,34,4.857
R8,36.061949,-118.992842,35,4.932
R8,36.062054,-118.992794,36,4.945
R8,36.062123,-118.99267,37,4.958
R8,36.062135,-118.9905,38,5.153
R8,36.062143,-118.987287,39,5.442
R8,36.062198,-118.981667,40,5.947
R8,36.065863,-118.981665,41,6.355
R8,36.065881,-118.981927,42,6.378
R8,36.065838,-118.986102,43,6.754
R8,36.0661,-118.986106,44,6.783
R8,36.069623,-118.986167,45,7.175
R8,36.073057,-118.986226,46,7.556
R8,36.07306,-118.986933,47,7.62
R8,36.07304,-118.989915,48,7.888
R8,36.073057,-118.991125,49,7.997
R8,36.073021,-118.992378,50,8.109
R8,36.07288,-118.992905,51,8.159
R8,36.072707,-118.993252,52,8.196
R8,36.072375,-118.9938,53,8.257
R8,36.072209,-118.994353,54,8.311
R8,36.072175,-118.994802,55,8.351
R8,36.07217,-118.995619,56,8.424
R8,36.072188,-118.996082,57,8.466
R8,36.07222,-118.996428,58,8.497
R8,36.072377,-118.996856,59,8.54
R8,36.072617,-118.997261,60,8.585
R8,36.072887,-118.997681,61,8.633
R8,36.073071,-118.998253,62,8.688
R8,36.073126,-118.998767,63,8.735
R8,36.073106,-118.999055,64,8.761
R8,36.073004,-118.999753,65,8.825
R8,36.073727,-118.999796,66,8.905
R8,36.07558,-118.999785,67,9.111
R8,36.076581,-118.999824,68,9.223
R8,36.076576,-119.002752,69,9.486
R8,36.07659,-119.00414,70,9.61
R8,36.075652,-119.004149,71,9.715
R8,36.073045,-119.004131,72,10.005
R8,36.073025,-119.005396,73,10.118
R8,36.073049,-119.007566,74,10.313
R8,36.073055,-119.008447,75,10.393
R8,36.075528,-119.008498,76,10.668
R8,36.079269,-119.00861,77,11.084
R8,36.081653,-119.008642,78,11.349
R8,36.083417,-119.008661,79,11.545
R8,36.083796,-119.008636,80,11.587
R8,36.083789,-119.007079,81,11.727
R8,36.082349,-119.007069,82,11.887
R8,36.082336,-119.005438,83,12.034
R8,36.083839,-119.005407,84,12.201
R8,36.083841,-119.006929,85,12.338
R8,36.083812,-119.010682,86,12.675
R8,36.083803,-119.011571,87,12.755
R8,36.083798,-119.01427,88,12.997
R8,36.083786,-119.014943,89,13.058
R8,36.08378,-119.016249,90,13.175
R8,36.080188,-119.016193,91,13.575
R8,36.080193,-119.016983,92,13.646
R8,36.080188,-119.017988,93,13.736
R8,36.080148,-119.019702,94,13.89
R8,36.078997,-119.018886,95,14.038
R8,36.076563,-119.017186,96,14.348
R8,36.075473,-119.016558,97,14.482
R8,36.07477,-119.016329,98,14.563
R8,36.074114,-119.01621,99,14.637
R8,36.07309,-119.0162,100,14.751
R8,36.073116,-119.018222,101,14.932
R8,36.072808,-119.018333,102,14.968
R8,36.072523,-119.018368,103,15
R8,36.070905,-119.018389,104,15.18
R8,36.07034,-119.018428,105,15.243
R8,36.068597,-119.018471,106,15.437
R8,36.067829,-119.018487,107,15.522
R8,36.06784,-119.018129,108,15.554
R9,36.067647,-119.018151,1,0
R9,36.067647,-119.018385,2,0.021
R9,36.069186,-119.018388,3,0.192
R9,36.069661,-119.018369,4,0.245
R9,36.069663,-119.017934,5,0.284
R9,36.069623,-119.017497,6,0.324
R9,36.069505,-119.017188,7,0.354
R9,36.069439,-119.016937,8,0.378
R9,36.069433,-119.016333,9,0.432
R9,36.069414,-119.01432,10,0.613
R9,36.069397,-119.01212,11,0.811
R9,36.06936,-119.008438,12,1.142
R9,36.066984,-119.008408,13,1.406
R9,36.066364,-119.008477,14,1.475
R9,36.065129,-119.008391,15,1.613
R9,36.064356,-119.008298,16,1.699
R9,36.063916,-119.008289,17,1.748
R9,36.063441,-119.008155,18,1.802
R9,36.062877,-119.008011,19,1.866
R9,36.062626,-119.007843,20,1.898
R9,36.062413,-119.007763,21,1.923
R9,36.062112,-119.007761,22,1.956
R9,36.061606,-119.007781,23,2.013
R9,36.06025,-119.007814,24,2.164
R9,36.058499,-119.007892,25,2.358
R9,36.057446,-119.007915,26,2.475
R9,36.056448,-119.007958,27,2.587
R9,36.055032,-119.008064,28,2.744
R9,36.054574,-119.008124,29,2.795
R9,36.054287,-119.008168,30,2.828
R9,36.052979,-119.00823,31,2.973
R9,36.051037,-119.008307,32,3.189
R9,36.051035,-119.003835,33,3.591
R9,36.051027,-119.000112,34,3.926
R9,36.05105,-118.996122,35,4.285
R9,36.05106,-118.99221,36,4.636
R9,36.051112,-118.988062,37,5.009
R9,36.05113,-118.986169,38,5.18
R9,36.051135,-118.982897,39,5.474
R9,36.051193,-118.979992,40,5.735
R9,36.051204,-118.97827,41,5.89
R9,36.051301,-118.977006,42,6.004
R9,36.051303,-118.975121,43,6.173
R9,36.05132,-118.972276,44,6.429
R9,36.051309,-118.971753,45,6.476
R9,36.051205,-118.970726,46,6.569
R9,36.05108,-118.969914,47,6.643
R9,36.050746,-118.968708,48,6.758
R9,36.050362,-118.967643,49,6.863
R9,36.049213,-118.965211,50,7.116
R9,36.045672,-118.957926,51,7.88
R9,36.04475,-118.955824,52,8.095
R9,36.044439,-118.954705,53,8.202
R9,36.044141,-118.952599,54,8.394
R9,36.044125,-118.951229,55,8.517
R9,36.044267,-118.950182,56,8.613
R9,36.044713,-118.94829,57,8.79
R9,36.045186,-118.946827,58,8.931
R9,36.046069,-118.944041,59,9.2
R9,36.046778,-118.941868,60,9.411
R9,36.047253,-118.940328,61,9.559
R9,36.047455,-118.939335,62,9.651
R9,36.047517,-118.938176,63,9.756
R9,36.047516,-118.937278,64,9.837
R9,36.04677,-118.937304,65,9.92
R9,36.046695,-118.937422,66,9.933
R9,36.046748,-118.937679,67,9.957
R9,36.046737,-118.937952,68,9.981
R9,36.046743,-118.93846,69,10.027
R9,36.046726,-118.938601,70,10.04
R9,36.04657,-118.938609,71,10.057
R9,36.046547,-118.938195,72,10.095
R9,36.046549,-118.937782,73,10.132
R9,36.046546,-118.937538,74,10.154
R9,36.046653,-118.93751,75,10.166
R9,36.04667,-118.937311,76,10.184
R9,36.046432,-118.937289,77,10.21
R9,36.045119,-118.937307,78,10.356
R9,36.042454,-118.937347,79,10.653
R9,36.040165,-118.937329,80,10.907
R9,36.040105,-118.937292,81,10.915
R9,36.04008,-118.937131,82,10.929
R9,36.040078,-118.936702,83,10.968
R9,36.040058,-118.936566,84,10.98
R9,36.039983,-118.936402,85,10.997
R9,36.039898,-118.936312,86,11.01
R9,36.039797,-118.93627,87,11.022
R9,36.039332,-118.936144,88,11.075
R9,36.038495,-118.935741,89,11.175
R9,36.037277,-118.935036,90,11.324
R9,36.036334,-118.934424,91,11.442
R9,36.035027,-118.933599,92,11.606
R9,36.033924,-118.932823,93,11.747
R9,36.032676,-118.932007,94,11.904
R9,36.031459,-118.931217,95,12.057
R9,36.03014,-118.930293,96,12.225
R9,36.029285,-118.929575,97,12.34
R9,36.029283,-118.929572,98,12.34
R9,36.028673,-118.928973,99,12.427
R9,36.028483,-118.928648,100,12.463
R9,36.027959,-118.927738,101,12.564
R9,36.027066,-118.926402,102,12.719
R9,36.026572,-118.925773,103,12.798
R9,36.02642,-118.925613,104,12.82
R9,36.026277,-118.925363,105,12.848
R9,36.02621,-118.924997,106,12.882
R9,36.026228,-118.924659,107,12.912
R9,36.026351,-118.923896,108,12.982
R9,36.026451,-118.923289,109,13.038
R9,36.026543,-118.922879,110,13.076
R9,36.02665,-118.922611,111,13.103
R9,36.026703,-118.922369,112,13.126
R9,36.02669,-118.922152,113,13.145
R9,36.026606,-118.921959,114,13.165
R9,36.02639,-118.921663,115,13.201
R9,36.026235,-118.92143,116,13.228
R9,36.026191,-118.921249,117,13.245
R9,36.025988,-118.920067,118,13.353
R9,36.025927,-118.919654,119,13.391
R9,36.025958,-118.919464,120,13.409
R9,36.02608,-118.919266,121,13.431
R9,36.026269,-118.919038,122,13.46
R9,36.026368,-118.918819,123,13.483
R9,36.026433,-118.918469,124,13.515
R9,36.026482,-118.918044,125,13.554
R9,36.02651,-118.917835,126,13.573
R9,36.02659,-118.917402,127,13.613
R9,36.026665,-118.917118,128,13.64
R9,36.026763,-118.916757,129,13.674
R9,36.026791,-118.91651,130,13.696
R9,36.026767,-118.916272,131,13.718
R9,36.026595,-118.915738,132,13.77
R9,36.025814,-118.913763,133,13.967
R9,36.025645,-118.913272,134,14.015
R9,36.025585,-118.912942,135,14.046
R9,36.025516,-118.912108,136,14.121
R9,36.025508,-118.911285,137,14.195
R9,36.025546,-118.910897,138,14.23
R9,36.025627,-118.909998,139,14.312
R9,36.025728,-118.908919,140,14.409
R9,36.025818,-118.907789,141,14.511
R9,36.025897,-118.907001,142,14.583
R9,36.025943,-118.906695,143,14.611
R9,36.026076,-118.906087,144,14.668
R9,36.026172,-118.905807,145,14.695
R9,36.026458,-118.905079,146,14.768
R9,36.026769,-118.904304,147,14.845
R9,36.027048,-118.903589,148,14.917
R9,36.027262,-118.902957,149,14.978
R9,36.027707,-118.901414,150,15.126
R9,36.028172,-118.89966,151,15.292
R9,36.028308,-118.899127,152,15.342
R9,36.02835,-118.898652,153,15.385
R9,36.02833,-118.898231,154,15.423
R9,36.028213,-118.897814,155,15.463
R9,36.027857,-118.897029,156,15.544
R9,36.027577,-118.896349,157,15.612
R9,36.027305,-118.89524,158,15.716
R9,36.027271,-118.894951,159,15.743
R9,36.027312,-118.894442,160,15.789
R9,36.027434,-118.893969,161,15.833
R9,36.027593,-118.893283,162,15.897
R9,36.027737,-118.892687,163,15.953
R9,36.027915,-118.892292,164,15.994
R9,36.028473,-118.891082,165,16.119
R9,36.028971,-118.890103,166,16.223
R9,36.029549,-118.889024,167,16.34
R9,36.030117,-118.887898,168,16.459
R9,36.030382,-118.887574,169,16.5
R9,36.030857,-118.887126,170,16.567
R9,36.031006,-118.88694,171,16.59
R9,36.031432,-118.886238,172,16.669
R9,36.031522,-118.885972,173,16.695
R9,36.031551,-118.885701,174,16.72
R9,36.031422,-118.88477,175,16.805
R9,36.031133,-118.883474,176,16.926
R9,36.030964,-118.882456,177,17.019
R9,36.030942,-118.881976,178,17.062
R9,36.030947,-118.881534,179,17.102
R9,36.030935,-118.881169,180,17.135
R9,36.030852,-118.880821,181,17.168
R9,36.030599,-118.88009,182,17.239
R9,36.030368,-118.879409,183,17.306
R9,36.03005,-118.878357,184,17.407
R9,36.029973,-118.877953,185,17.444
R9,36.029986,-118.877591,186,17.476
R9,36.030115,-118.877129,187,17.52
R9,36.030325,-118.876755,188,17.561
R9,36.030652,-118.876176,189,17.625
R9,36.030739,-118.875983,190,17.645
R9,36.030784,-118.875701,191,17.671
R9,36.030791,-118.874883,192,17.744
R9,36.030749,-118.873412,193,17.876
R9,36.030709,-118.872334,194,17.973
R9,36.030702,-118.871963,195,18.007
R9,36.030793,-118.871723,196,18.031
R9,36.030904,-118.871551,197,18.05
R9,36.03107,-118.871412,198,18.073
R9,36.031239,-118.87139,199,18.092
R9,36.031415,-118.87146,200,18.112
R9,36.031597,-118.87149,201,18.133
R9,36.031739,-118.871426,202,18.149
R9,36.031826,-118.871322,203,18.163
R9,36.031898,-118.871098,204,18.185
R9,36.031949,-118.870855,205,18.207
R9,36.032056,-118.870654,206,18.229
R9,36.032266,-118.870411,207,18.261
R9,36.032791,-118.869953,208,18.332
R9,36.033153,-118.869713,209,18.378
R9,36.033273,-118.86955,210,18.398
R9,36.033333,-118.869368,211,18.415
R9,36.033357,-118.869095,212,18.44
R9,36.03337,-118.868694,213,18.476
R9,36.033404,-118.868352,214,18.507
R9,36.033454,-118.868109,215,18.53
R9,36.033498,-118.86797,216,18.543
R9,36.033583,-118.867737,217,18.566
R9,36.033635,-118.867512,218,18.587
R9,36.033626,-118.867288,219,18.607
R9,36.033564,-118.867113,220,18.625
R9,36.033475,-118.867021,221,18.637
R9,36.033391,-118.866994,222,18.647
R9,36.033305,-118.867018,223,18.657
R9,36.033211,-118.867113,224,18.67
R9,36.033021,-118.867508,225,18.712
R9,36.032872,-118.867712,226,18.736
R9,36.032736,-118.86776,227,18.752
R9,36.032601,-118.8677,228,18.768
R9,36.032518,-118.867574,229,18.783
R9,36.032451,-118.867411,230,18.799
R9,36.032422,-118.867177,231,18.82
R9,36.032229,-118.86601,232,18.928
R9,36.03224,-118.865752,233,18.951
R9,36.032285,-118.865323,234,18.99
R9,36.032264,-118.864939,235,19.024
R9,36.032172,-118.864612,236,19.055
R9,36.031907,-118.863977,237,19.12
R9,36.031792,-118.863519,238,19.163
R9,36.031728,-118.862874,239,19.221
R9,36.03174,-118.862431,240,19.261
R9,36.031888,-118.86159,241,19.338
R9,36.032011,-118.861251,242,19.372
R9,36.032262,-118.86079,243,19.422
R9,36.03241,-118.860364,244,19.464
R9,36.032426,-118.859959,245,19.5
R9,36.032242,-118.858024,246,19.675
R9,36.032097,-118.85763,247,19.714
R9,36.031925,-118.857156,248,19.761
R9,36.031777,-118.8563,249,19.84
R9,36.03164,-118.855633,250,19.901
R9,36.031466,-118.855254,251,19.941
R9,36.031282,-118.854933,252,19.976
R9,36.030938,-118.854237,253,20.049
R9,36.030828,-118.853891,254,20.083
R9,36.030778,-118.853688,255,20.102
R9,36.030737,-118.853438,256,20.125
R9,36.030665,-118.853221,257,20.146
R9,36.030552,-118.85304,258,20.166
R9,36.030177,-118.852475,259,20.232
R9,36.029926,-118.852121,260,20.275
R9,36.029565,-118.851745,261,20.327
R9,36.029258,-118.851417,262,20.372
R9,36.029035,-118.851168,263,20.406
R9,36.028856,-118.850754,264,20.448
R9,36.028326,-118.848921,265,20.623
R9,36.027986,-118.848082,266,20.707
R9,36.027598,-118.847226,267,20.795
R9,36.027248,-118.84659,268,20.865
R9,36.026564,-118.845607,269,20.981
R9,36.025891,-118.844575,270,21.1
R9,36.025511,-118.843809,271,21.181
R9,36.025022,-118.842712,272,21.294
R9,36.024676,-118.8417,273,21.393
R9,36.024592,-118.841198,274,21.439
R9,36.024586,-118.840709,275,21.483
R9,36.024569,-118.840368,276,21.514
R9,36.024509,-118.839968,277,21.55
R9,36.02452,-118.839476,278,21.594
R9,36.024457,-118.838973,279,21.64
R9,36.024299,-118.838532,280,21.684
R9,36.024122,-118.837873,281,21.746
R9,36.023969,-118.837535,282,21.781
R9,36.023702,-118.837269,283,21.819
R9,36.023467,-118.837101,284,21.849
R9,36.022979,-118.836688,285,21.915
R9,36.022895,-118.836657,286,21.925
R9,36.022751,-118.836619,287,21.941
R9,36.022568,-118.83665,288,21.962
R9,36.022147,-118.83708,289,22.022
R9,36.021938,-118.837239,290,22.05
R9,36.02181,-118.837295,291,22.065
R9,36.021549,-118.837286,292,22.094
R9,36.021285,-118.837207,293,22.124
R9,36.021084,-118.837035,294,22.151
R9,36.02054,-118.836328,295,22.239
R9,36.019869,-118.835507,296,22.344
R9,36.019014,-118.834088,297,22.503
R9,36.01848,-118.833291,298,22.596
R9,36.018311,-118.833158,299,22.618
R9,36.017645,-118.832881,300,22.696
R9,36.016731,-118.832275,301,22.812
R9,36.016312,-118.831718,302,22.88
R9,36.015759,-118.830599,303,22.998
R9,36.015497,-118.829908,304,23.067
R9,36.015481,-118.829575,305,23.097
R9,36.015501,-118.829278,306,23.124
R9,36.015614,-118.827963,307,23.242
R9,36.015686,-118.827709,308,23.267
R9,36.015848,-118.827464,309,23.295
R9,36.016506,-118.826577,310,23.403
R9,36.01685,-118.826119,311,23.46
R9,36.017351,-118.825402,312,23.545
R9,36.017648,-118.824898,313,23.601
R9,36.017839,-118.824393,314,23.651
R9,36.017934,-118.824036,315,23.685
R9,36.017941,-118.823648,316,23.72
R9,36.017999,-118.823228,317,23.758
R9,36.018152,-118.822764,318,23.803
R9,36.018499,-118.822201,319,23.867
R9,36.01881,-118.82176,320,23.919
R9,36.019085,-118.821557,321,23.955
R9,36.019335,-118.821327,322,23.99
R9,36.01957,-118.821119,323,24.022
R9,36.020469,-118.820639,324,24.131
R9,36.021268,-118.820147,325,24.23
R9,36.021709,-118.81979,326,24.289
R9,36.021932,-118.81948,327,24.326
R9,36.022189,-118.818997,328,24.378
R9,36.022442,-118.818423,329,24.437
R9,36.022737,-118.818127,330,24.479
R9,36.023173,-118.817889,331,24.532
R9,36.023389,-118.817702,332,24.561
R9,36.023552,-118.817408,333,24.593
R9,36.023595,-118.817217,334,24.611
R9,36.023627,-118.816934,335,24.637
R9,36.023554,-118.816463,336,24.68
R9,36.023471,-118.815965,337,24.726
R9,36.023456,-118.81553,338,24.765
R9,36.023491,-118.815004,339,24.812
R9,36.023497,-118.814481,340,24.859
R9,36.023525,-118.814187,341,24.886
R9,36.023612,-118.813845,342,24.918
R9,36.023655,-118.813639,343,24.937
R9,36.023845,-118.813014,344,24.997
R9,36.024003,-118.812255,345,25.068
R9,36.024112,-118.811884,346,25.103
R9,36.024237,-118.811437,347,25.146
R9,36.024373,-118.810958,348,25.192
R9,36.024498,-118.810605,349,25.226
R9,36.024629,-118.810109,350,25.273
R9,36.024658,-118.809969,351,25.286
R9,36.024642,-118.809784,352,25.303
R9,36.024556,-118.809486,353,25.331
R9,36.02416,-118.80869,354,25.415
R9,36.023739,-118.807827,355,25.506
R9,36.023712,-118.807671,356,25.52
R9,36.023717,-118.807447,357,25.54
R9,36.023808,-118.807098,358,25.573
R9,36.024197,-118.805896,359,25.69
R9,36.024239,-118.805665,360,25.711
R9,36.024268,-118.80542,361,25.733
R9,36.02422,-118.804864,362,25.784
R9,36.024241,-118.804473,363,25.819
R9,36.024436,-118.803825,364,25.881
R9,36.024603,-118.803335,365,25.929
R9,36.024737,-118.803037,366,25.96
R9,36.024887,-118.802896,367,25.981
R9,36.025048,-118.802759,368,26.002
R9,36.025255,-118.802588,369,26.03
R9,36.025541,-118.802215,370,26.076
R9,36.025764,-118.801894,371,26.114
R9,36.025994,-118.80149,372,26.159
R9,36.026148,-118.801174,373,26.192
R9,36.026368,-118.800613,374,26.248
R9,36.026563,-118.800015,375,26.306
R9,36.026673,-118.799752,376,26.333
R9,36.026734,-118.799583,377,26.349
R9,36.026777,-118.799306,378,26.375
R9,36.026799,-118.79882,379,26.418
R9,36.026839,-118.798294,380,26.466
R9,36.026875,-118.798009,381,26.492
R9,36.027022,-118.797557,382,26.536
R9,36.027141,-118.797151,383,26.574
R9,36.027207,-118.796859,384,26.602
R9,36.027222,-118.796542,385,26.63
R9,36.027192,-118.796231,386,26.658
R9,36.027078,-118.795707,387,26.707
R9,36.026844,-118.794661,388,26.805
R9,36.026762,-118.794054,389,26.86
R9,36.026001,-118.794307,390,26.948
R9,36.025721,-118.794417,391,26.98
R9,36.025717,-118.7941,392,27.009
R9,36.025752,-118.793506,393,27.063
R9,36.025771,-118.79319,394,27.091
R9,36.025764,-118.792992,395,27.109
R9,36.025689,-118.792691,396,27.137
R9,36.02556,-118.792368,397,27.17
R9,36.0253,-118.791656,398,27.24
R9,36.02515,-118.79111,399,27.292
R9,36.024989,-118.790435,400,27.355
R9,36.02485,-118.790049,401,27.393
R9,36.024654,-118.789535,402,27.444
R9,36.024584,-118.789265,403,27.47
R9,36.024581,-118.788828,404,27.509
R9,36.024639,-118.7886,405,27.53
R9,36.024751,-118.788299,406,27.56
R9,36.024902,-118.788034,407,27.589
R9,36.025322,-118.787719,408,27.644
R9,36.025718,-118.787569,409,27.69
R9,36.026345,-118.787328,410,27.763
R9,36.026598,-118.787156,411,27.795
R9,36.027373,-118.78657,412,27.896
R9,36.027628,-118.786412,413,27.928
R9,36.02844,-118.785968,414,28.027
R9,36.028778,-118.78574,415,28.069
R9,36.028925,-118.785557,416,28.093
R9,36.029015,-118.78538,417,28.111
R9,36.029096,-118.785075,418,28.14
R9,36.029112,-118.784791,419,28.166
R9,36.029072,-118.784523,420,28.19
R9,36.029008,-118.784237,421,28.217
R9,36.028942,-118.783903,422,28.248
R9,36.028921,-118.783663,423,28.27
R9,36.028914,-118.783451,424,28.289
R9,36.028917,-118.783143,425,28.316
R9,36.028948,-118.782938,426,28.335
R9,36.028992,-118.782822,427,28.347
R9,36.029097,-118.782548,428,28.374
R9,36.029147,-118.782294,429,28.397
R9,36.029153,-118.782169,430,28.409
R9,36.029137,-118.781757,431,28.446
R9,36.029143,-118.781385,432,28.479
R9,36.029213,-118.781105,433,28.506
R9,36.029388,-118.780588,434,28.556
R9,36.029543,-118.780213,435,28.594
R9,36.029835,-118.779469,436,28.668
R9,36.029907,-118.779327,437,28.683
R9,36.030083,-118.779046,438,28.715
R9,36.030208,-118.778896,439,28.735
R9,36.030637,-118.778492,440,28.795
R9,36.030886,-118.778262,441,28.829
R9,36.031466,-118.777788,442,28.907
R9,36.031775,-118.777629,443,28.944
R9,36.032533,-118.777236,444,29.035
R9,36.032727,-118.777113,445,29.059
R9,36.032834,-118.776901,446,29.082
R9,36.032943,-118.776806,447,29.097
R9,36.033128,-118.776774,448,29.117
R9,36.033681,-118.776668,449,29.18
R9,36.033826,-118.776583,450,29.198
R9,36.033952,-118.776532,451,29.212
R9,36.034134,-118.776688,452,29.237
R9,36.034135,-118.776685,453,29.237
R9,36.034209,-118.776786,454,29.249
R9,36.034332,-118.777141,455,29.284
R9,36.034165,-118.777283,456,29.307
R9,36.033733,-118.777527,457,29.359
R9,36.033327,-118.777717,458,29.408
R9,36.033039,-118.777768,459,29.44
R9,36.032801,-118.777696,460,29.467
R9,36.032652,-118.777484,461,29.493
R9,36.032587,-118.77726,462,29.514
R9,36.032026,-118.777555,463,29.582
R9,36.031533,-118.777812,464,29.641
R9,36.031149,-118.77809,465,29.691
R9,36.030512,-118.778678,466,29.779
R9,36.030142,-118.779044,467,29.832
R9,36.029936,-118.779347,468,29.867
R9,36.029869,-118.7795,469,29.883
R9,36.029588,-118.780232,470,29.956
R9,36.029414,-118.780633,471,29.997
R9,36.029244,-118.781116,472,30.044
R9,36.029189,-118.781391,473,30.07
R9,36.029174,-118.781749,474,30.102
R9,36.029192,-118.782144,475,30.138
R9,36.029188,-118.782299,476,30.151
R9,36.029128,-118.782548,477,30.175
R9,36.029024,-118.782846,478,30.204
R9,36.028973,-118.782978,479,30.217
R9,36.028947,-118.783151,480,30.233
R9,36.02894,-118.783433,481,30.258
R9,36.028951,-118.78366,482,30.279
R9,36.02897,-118.783887,483,30.299
R9,36.029048,-118.784223,484,30.331
R9,36.029108,-118.784496,485,30.356
R9,36.029144,-118.784781,486,30.382
R9,36.029128,-118.785075,487,30.409
R9,36.029039,-118.785405,488,30.44
R9,36.028949,-118.785575,489,30.458
R9,36.028798,-118.785772,490,30.483
R9,36.028455,-118.785999,491,30.526
R9,36.027647,-118.786456,492,30.625
R9,36.027395,-118.786598,493,30.655
R9,36.027036,-118.786861,494,30.702
R9,36.026609,-118.78719,495,30.758
R9,36.026359,-118.787365,496,30.79
R9,36.02616,-118.787453,497,30.813
R9,36.025721,-118.787614,498,30.864
R9,36.025318,-118.787765,499,30.911
R9,36.025119,-118.787896,500,30.936
R9,36.025041,-118.787973,501,30.947
R9,36.024936,-118.788086,502,30.963
R9,36.024784,-118.788331,503,30.99
R9,36.02467,-118.788618,504,31.019
R9,36.024614,-118.788868,505,31.043
R9,36.024624,-118.789242,506,31.076
R9,36.024693,-118.789529,507,31.103
R9,36.024884,-118.790018,508,31.152
R9,36.025034,-118.790445,509,31.194
R9,36.025196,-118.791112,510,31.256
R9,36.025326,-118.791635,511,31.306
R9,36.025598,-118.792343,512,31.376
R9,36.025729,-118.792696,513,31.411
R9,36.025798,-118.792998,514,31.439
R9,36.025809,-118.793192,515,31.457
R9,36.025792,-118.793518,516,31.486
R9,36.025748,-118.794138,517,31.542
R9,36.025768,-118.794349,518,31.561
R9,36.025994,-118.79427,519,31.587
R9,36.02678,-118.794003,520,31.678
R9,36.026876,-118.794648,521,31.737
R9,36.027106,-118.795684,522,31.834
R9,36.027219,-118.796233,523,31.884
R9,36.027259,-118.796518,524,31.91
R9,36.027236,-118.796847,525,31.94
R9,36.027165,-118.797191,526,31.972
R9,36.02708,-118.797509,527,32.002
R9,36.027052,-118.797657,528,32.016
R9,36.026919,-118.798045,529,32.054
R9,36.026879,-118.798306,530,32.078
R9,36.026831,-118.798835,531,32.126
R9,36.026804,-118.799311,532,32.168
R9,36.026757,-118.799609,533,32.196
R9,36.026696,-118.799773,534,32.212
R9,36.026592,-118.800043,535,32.239
R9,36.026389,-118.800647,536,32.298
R9,36.026136,-118.801291,537,32.362
R9,36.02599,-118.801588,538,32.393
R9,36.025985,-118.801594,539,32.394
R9,36.025792,-118.801915,540,32.43
R9,36.025508,-118.802328,541,32.479
R9,36.025236,-118.80264,542,32.52
R9,36.024908,-118.802935,543,32.565
R9,36.02477,-118.803068,544,32.585
R9,36.024621,-118.803381,545,32.617
R9,36.024499,-118.803811,546,32.658
R9,36.024274,-118.804501,547,32.725
R9,36.024246,-118.80485,548,32.757
R9,36.024301,-118.805399,549,32.807
R9,36.02427,-118.805665,550,32.831
R9,36.024229,-118.805934,551,32.855
R9,36.023877,-118.807005,552,32.959
R9,36.023746,-118.807455,553,33.002
R9,36.023741,-118.807677,554,33.022
R9,36.023745,-118.807685,555,33.023
R9,36.023777,-118.807837,556,33.037
R9,36.023874,-118.808057,557,33.06
R9,36.024188,-118.808671,558,33.125
R9,36.024584,-118.809475,559,33.21
R9,36.024588,-118.809479,560,33.21
R9,36.02467,-118.809763,561,33.237
R9,36.024689,-118.809983,562,33.257
R9,36.024664,-118.810162,563,33.274
R9,36.024532,-118.810611,564,33.317
R9,36.024406,-118.811011,565,33.355
R9,36.024269,-118.811475,566,33.4
R9,36.024144,-118.811917,567,33.442
R9,36.024055,-118.812288,568,33.477
R9,36.023878,-118.81304,569,33.547
R9,36.023683,-118.813679,570,33.608
R9,36.023634,-118.813878,571,33.627
R9,36.023557,-118.814213,572,33.658
R9,36.023533,-118.814486,573,33.683
R9,36.023533,-118.814979,574,33.727
R9,36.023494,-118.815549,575,33.779
R9,36.023518,-118.815983,576,33.818
R9,36.023589,-118.816463,577,33.862
R9,36.023657,-118.816937,578,33.905
R9,36.023635,-118.817214,579,33.93
R9,36.023587,-118.817418,580,33.949
R9,36.023456,-118.81768,581,33.977
R9,36.023157,-118.817945,582,34.018
R9,36.022752,-118.818171,583,34.067
R9,36.022465,-118.818463,584,34.109
R9,36.022237,-118.818997,585,34.163
R9,36.021944,-118.819532,586,34.221
R9,36.021741,-118.819811,587,34.255
R9,36.021283,-118.820185,588,34.316
R9,36.020469,-118.820688,589,34.417
R9,36.019696,-118.821103,590,34.511
R9,36.019543,-118.821205,591,34.53
R9,36.019369,-118.821365,592,34.554
R9,36.019104,-118.821578,593,34.589
R9,36.018834,-118.821773,594,34.624
R9,36.01853,-118.822193,595,34.675
R9,36.018186,-118.822782,596,34.74
R9,36.018024,-118.823272,597,34.788
R9,36.017976,-118.823638,598,34.821
R9,36.017973,-118.824056,599,34.859
R9,36.017869,-118.824427,600,34.894
R9,36.017667,-118.824936,601,34.945
R9,36.017368,-118.82545,602,35.002
R9,36.016863,-118.826179,603,35.088
R9,36.016544,-118.826622,604,35.142
R9,36.01588,-118.827492,605,35.249
R9,36.015721,-118.827749,606,35.278
R9,36.015657,-118.828006,607,35.303
R9,36.015547,-118.829104,608,35.402
R9,36.015505,-118.829693,609,35.455
R9,36.015531,-118.829923,610,35.476
R9,36.015769,-118.830547,611,35.538
R9,36.016059,-118.831139,612,35.6
R9,36.01634,-118.831698,613,35.66
R9,36.016502,-118.831991,614,35.691
R9,36.016743,-118.832253,615,35.727
R9,36.016949,-118.832399,616,35.754
R9,36.017637,-118.832828,617,35.839
R9,36.018319,-118.833115,618,35.919
R9,36.018506,-118.833265,619,35.944
R9,36.01882,-118.833706,620,35.997
R9,36.019031,-118.83406,621,36.037
R9,36.019675,-118.835108,622,36.155
R9,36.019895,-118.835478,623,36.196
R9,36.020144,-118.835814,624,36.237
R9,36.020418,-118.836116,625,36.278
R9,36.020576,-118.836293,626,36.302
R9,36.02089,-118.836728,627,36.354
R9,36.0211,-118.837006,628,36.388
R9,36.021287,-118.837163,629,36.414
R9,36.021551,-118.837252,630,36.444
R9,36.021797,-118.837254,631,36.471
R9,36.021957,-118.83718,632,36.49
R9,36.022351,-118.83679,633,36.546
R9,36.022576,-118.836608,634,36.576
R9,36.022762,-118.836576,635,36.597
R9,36.022968,-118.836648,636,36.621
R9,36.02304,-118.83668,637,36.629
R9,36.023452,-118.837031,638,36.685
R9,36.023744,-118.837235,639,36.722
R9,36.024005,-118.837519,640,36.761
R9,36.024194,-118.837984,641,36.808
R9,36.024334,-118.838534,642,36.86
R9,36.024501,-118.838973,643,36.903
R9,36.024551,-118.839495,644,36.951
R9,36.024553,-118.839997,645,36.996
R9,36.024606,-118.840366,646,37.029
R9,36.02462,-118.840724,647,37.062
R9,36.024633,-118.841218,648,37.106
R9,36.024714,-118.841693,649,37.15
R9,36.024978,-118.842484,650,37.227
R9,36.025095,-118.842777,651,37.256
R9,36.025369,-118.843416,652,37.321
R9,36.025572,-118.843817,653,37.364
R9,36.02593,-118.84456,654,37.442
R9,36.026606,-118.845575,655,37.56
R9,36.02717,-118.846401,656,37.657
R9,36.027562,-118.847041,657,37.729
R9,36.02773,-118.847397,658,37.766
R9,36.02825,-118.848593,659,37.888
R9,36.028388,-118.848969,660,37.925
R9,36.028683,-118.849955,661,38.02
R9,36.028892,-118.850708,662,38.092
R9,36.029074,-118.851133,663,38.135
R9,36.029294,-118.851397,664,38.169
R9,36.029298,-118.851402,665,38.17
R9,36.02962,-118.851707,666,38.215
R9,36.029938,-118.852065,667,38.263
R9,36.030208,-118.852433,668,38.307
R9,36.030604,-118.853041,669,38.377
R9,36.030714,-118.853232,670,38.398
R9,36.030785,-118.85347,671,38.421
R9,36.030817,-118.853718,672,38.444
R9,36.030861,-118.853893,673,38.46
R9,36.030988,-118.854228,674,38.494
R9,36.031315,-118.854899,675,38.564
R9,36.031504,-118.855231,676,38.601
R9,36.031683,-118.855611,677,38.64
R9,36.031804,-118.856219,678,38.696
R9,36.031966,-118.857142,679,38.781
R9,36.031967,-118.857145,680,38.782
R9,36.032148,-118.857626,681,38.829
R9,36.032287,-118.858041,682,38.87
R9,36.032333,-118.85853,683,38.914
R9,36.032449,-118.859918,684,39.039
R9,36.032444,-118.860398,685,39.083
R9,36.032295,-118.860835,686,39.125
R9,36.032028,-118.861303,687,39.177
R9,36.031912,-118.861632,688,39.209
R9,36.031778,-118.862443,689,39.284
R9,36.031758,-118.862859,690,39.321
R9,36.031829,-118.863506,691,39.38
R9,36.031948,-118.863964,692,39.423
R9,36.032196,-118.864601,693,39.487
R9,36.032305,-118.864947,694,39.52
R9,36.032324,-118.865336,695,39.555
R9,36.032266,-118.865777,696,39.595
R9,36.032276,-118.866023,697,39.617
R9,36.032428,-118.867038,698,39.71
R9,36.03249,-118.867385,699,39.742
R9,36.032569,-118.867575,700,39.761
R9,36.03266,-118.86769,701,39.776
R9,36.032755,-118.867709,702,39.786
R9,36.032907,-118.867618,703,39.805
R9,36.033097,-118.867275,704,39.843
R9,36.0331,-118.867271,705,39.843
R9,36.033271,-118.866983,706,39.875
R9,36.033276,-118.866982,707,39.876
R9,36.033425,-118.86694,708,39.893
R9,36.033556,-118.867013,709,39.909
R9,36.033622,-118.867144,710,39.923
R9,36.033678,-118.867335,711,39.941
R9,36.033672,-118.867542,712,39.96
R9,36.033671,-118.867545,713,39.96
R9,36.033625,-118.867756,714,39.979
R9,36.033533,-118.867991,715,40.003
R9,36.033492,-118.868136,716,40.017
R9,36.033435,-118.868376,717,40.039
R9,36.033409,-118.86874,718,40.072
R9,36.033414,-118.868758,719,40.074
R9,36.033387,-118.869116,720,40.106
R9,36.033362,-118.86941,721,40.133
R9,36.03331,-118.869573,722,40.148
R9,36.033189,-118.869748,723,40.169
R9,36.032821,-118.869988,724,40.215
R9,36.032291,-118.870438,725,40.287
R9,36.032083,-118.870681,726,40.319
R9,36.031983,-118.870887,727,40.34
R9,36.03193,-118.871127,728,40.363
R9,36.031857,-118.871357,729,40.385
R9,36.031751,-118.871474,730,40.401
R9,36.031625,-118.871524,731,40.415
R9,36.031398,-118.871501,732,40.441
R9,36.031235,-118.871446,733,40.46
R9,36.031089,-118.871452,734,40.476
R9,36.030899,-118.871611,735,40.501
R9,36.030815,-118.871753,736,40.517
R9,36.03075,-118.871922,737,40.534
R9,36.030737,-118.872188,738,40.558
R9,36.030758,-118.872551,739,40.591
R9,36.030783,-118.873413,740,40.668
R9,36.030818,-118.874628,741,40.778
R9,36.030821,-118.875691,742,40.873
R9,36.030823,-118.875698,743,40.874
R9,36.030775,-118.875986,744,40.9
R9,36.030653,-118.876233,745,40.926
R9,36.030344,-118.876799,746,40.988
R9,36.03013,-118.877173,747,41.029
R9,36.030016,-118.877605,748,41.07
R9,36.030008,-118.87795,749,41.101
R9,36.030084,-118.878354,750,41.138
R9,36.030371,-118.879271,751,41.227
R9,36.030676,-118.880199,752,41.317
R9,36.030893,-118.88083,753,41.378
R9,36.03097,-118.881176,754,41.411
R9,36.030982,-118.881562,755,41.445
R9,36.030972,-118.882047,756,41.489
R9,36.031003,-118.882446,757,41.525
R9,36.031172,-118.883458,758,41.618
R9,36.031365,-118.884387,759,41.704
R9,36.031578,-118.885553,760,41.812
R9,36.031552,-118.885989,761,41.851
R9,36.031553,-118.885993,762,41.851
R9,36.031466,-118.886249,763,41.876
R9,36.031164,-118.886764,764,41.933
R9,36.030872,-118.887168,765,41.982
R9,36.030186,-118.887871,766,42.081
R9,36.030185,-118.887872,767,42.081
R9,36.029788,-118.88863,768,42.162
R9,36.029553,-118.889114,769,42.213
R9,36.028949,-118.890208,770,42.332
R9,36.028503,-118.891127,771,42.429
R9,36.028167,-118.891823,772,42.502
R9,36.027844,-118.89254,773,42.575
R9,36.027758,-118.89274,774,42.596
R9,36.027633,-118.893294,775,42.648
R9,36.027578,-118.893558,776,42.672
R9,36.027436,-118.894097,777,42.723
R9,36.027317,-118.894637,778,42.773
R9,36.027315,-118.894941,779,42.801
R9,36.027333,-118.895279,780,42.831
R9,36.027487,-118.895923,781,42.892
R9,36.027549,-118.89616,782,42.914
R9,36.027663,-118.89649,783,42.946
R9,36.027874,-118.897009,784,42.998
R9,36.028238,-118.89777,785,43.078
R9,36.02824,-118.897772,786,43.078
R9,36.028363,-118.898257,787,43.124
R9,36.028386,-118.898737,788,43.167
R9,36.02834,-118.899192,789,43.208
R9,36.028206,-118.899721,790,43.258
R9,36.027719,-118.901481,791,43.426
R9,36.027484,-118.902338,792,43.507
R9,36.027184,-118.90332,793,43.601
R9,36.026679,-118.904645,794,43.733
R9,36.026152,-118.905993,795,43.868
R9,36.025967,-118.906762,796,43.94
R9,36.025918,-118.907134,797,43.974
R9,36.025842,-118.908065,798,44.058
R9,36.025765,-118.90904,799,44.146
R9,36.025615,-118.910689,800,44.295
R9,36.025557,-118.911455,801,44.364
R9,36.02557,-118.912175,802,44.429
R9,36.025631,-118.912963,803,44.5
R9,36.025698,-118.913295,804,44.531
R9,36.025853,-118.913739,805,44.575
R9,36.026375,-118.915091,806,44.709
R9,36.02674,-118.91604,807,44.804
R9,36.026742,-118.916049,808,44.805
R9,36.026747,-118.916065,809,44.806
R9,36.026828,-118.916344,810,44.833
R9,36.026837,-118.916581,811,44.854
R9,36.026803,-118.916825,812,44.876
R9,36.026709,-118.917167,813,44.909
R9,36.026629,-118.917437,814,44.935
R9,36.026532,-118.91789,815,44.977
R9,36.026519,-118.918092,816,44.995
R9,36.026466,-118.918571,817,45.039
R9,36.026387,-118.91891,818,45.07
R9,36.026311,-118.919084,819,45.088
R9,36.026308,-118.919092,820,45.089
R9,36.026139,-118.919294,821,45.115
R9,36.026011,-118.919498,822,45.138
R9,36.025979,-118.91967,823,45.154
R9,36.025983,-118.919695,824,45.156
R9,36.026041,-118.920031,825,45.187
R9,36.026222,-118.921204,826,45.295
R9,36.026274,-118.921408,827,45.314
R9,36.026413,-118.921618,828,45.338
R9,36.026625,-118.921914,829,45.374
R9,36.026727,-118.922132,830,45.397
R9,36.026731,-118.92215,831,45.398
R9,36.026754,-118.922376,832,45.419
R9,36.026691,-118.922622,833,45.442
R9,36.026593,-118.922871,834,45.467
R9,36.026489,-118.923329,835,45.51
R9,36.026391,-118.923916,836,45.564
R9,36.026275,-118.924709,837,45.636
R9,36.026255,-118.925015,838,45.664
R9,36.026339,-118.925355,839,45.696
R9,36.026443,-118.925561,840,45.717
R9,36.02659,-118.92573,841,45.74
R9,36.027081,-118.926353,842,45.818
R9,36.027419,-118.926811,843,45.874
R9,36.02795,-118.927618,844,45.967
R9,36.028522,-118.928615,845,46.077
R9,36.028728,-118.928968,846,46.116
R9,36.029042,-118.929292,847,46.162
R9,36.029569,-118.929757,848,46.234
R9,36.030214,-118.930305,849,46.321
R9,36.03175,-118.931329,850,46.515
R9,36.033598,-118.932566,851,46.749
R9,36.035042,-118.933571,852,46.933
R9,36.037171,-118.934899,853,47.198
R9,36.038646,-118.93578,854,47.38
R9,36.039011,-118.935997,855,47.425
R9,36.039338,-118.936102,856,47.463
R9,36.039904,-118.936244,857,47.527
R9,36.040052,-118.936391,858,47.548
R9,36.040056,-118.936394,859,47.549
R9,36.040101,-118.93654,860,47.563
R9,36.040143,-118.936691,861,47.577
R9,36.040129,-118.937003,862,47.605
R9,36.040148,-118.937212,863,47.624
R9,36.040196,-118.937305,864,47.634
R9,36.042302,-118.937353,865,47.868
R9,36.043849,-118.937317,866,48.04
R9,36.046713,-118.937302,867,48.359
R9,36.04672,-118.937569,868,48.383
R9,36.046746,-118.93781,869,48.404
R9,36.04675,-118.938114,870,48.432
R9,36.046748,-118.938546,871,48.471
R9,36.046686,-118.938619,872,48.48
R9,36.046602,-118.938618,873,48.49
R9,36.046546,-118.938499,874,48.502
R9,36.046528,-118.937875,875,48.558
R9,36.046517,-118.937601,876,48.583
R9,36.046574,-118.937494,877,48.594
R9,36.04667,-118.937475,878,48.605
R9,36.046677,-118.937246,879,48.626
R9,36.046683,-118.937244,880,48.626
R9,36.047573,-118.937225,881,48.725
R9,36.047587,-118.93827,882,48.819
R9,36.047501,-118.939362,883,48.918
R9,36.047292,-118.940358,884,49.01
R9,36.046807,-118.941908,885,49.16
R9,36.04643,-118.943027,886,49.269
R9,36.045993,-118.944404,887,49.402
R9,36.04549,-118.945988,888,49.555
R9,36.044992,-118.947558,889,49.706
R9,36.044593,-118.948911,890,49.836
R9,36.044309,-118.950228,891,49.958
R9,36.044313,-118.950757,892,50.006
R9,36.044251,-118.950849,893,50.017
R9,36.044221,-118.950981,894,50.029
R9,36.044187,-118.952544,895,50.17
R9,36.044306,-118.953708,896,50.275
R9,36.044485,-118.954693,897,50.366
R9,36.044627,-118.95528,898,50.421
R9,36.04482,-118.955907,899,50.481
R9,36.045693,-118.957903,900,50.685
R9,36.046669,-118.959893,901,50.895
R9,36.04755,-118.961711,902,51.085
R9,36.048353,-118.963386,903,51.26
R9,36.049343,-118.965401,904,51.472
R9,36.050309,-118.967417,905,51.683
R9,36.050672,-118.968325,906,51.774
R9,36.0508,-118.968697,907,51.81
R9,36.05111,-118.969904,908,51.924
R9,36.05125,-118.970794,909,52.006
R9,36.0513,-118.9714,910,52.06
R9,36.051351,-118.972335,911,52.145
R9,36.051352,-118.973674,912,52.265
R9,36.051352,-118.975339,913,52.415
R9,36.051337,-118.976886,914,52.554
R9,36.051298,-118.978207,915,52.673
R9,36.051282,-118.980534,916,52.882
R9,36.051269,-118.983276,917,53.128
R9,36.05126,-118.98604,918,53.377
R9,36.051242,-118.988672,919,53.614
R9,36.051209,-118.991409,920,53.86
R9,36.051209,-118.994405,921,54.129
R9,36.051195,-118.995193,922,54.2
R9,36.051186,-118.995889,923,54.262
R9,36.051189,-118.998967,924,54.539
R9,36.051178,-119.002105,925,54.821
R9,36.051169,-119.004289,926,55.018
R9,36.05125,-119.005247,927,55.104
R9,36.051372,-119.007159,928,55.277
R9,36.051455,-119.008008,929,55.353
R9,36.051553,-119.008114,930,55.368
R9,36.052261,-119.00808,931,55.447
R9,36.053289,-119.00809,932,55.561
R9,36.054417,-119.008069,933,55.686
R9,36.055636,-119.007997,934,55.822
R9,36.057057,-119.007863,935,55.981
R9,36.057235,-119.007836,936,56.001
R9,36.057892,-119.007764,937,56.074
R9,36.05868,-119.007743,938,56.162
R9,36.060649,-119.007666,939,56.381
R9,36.061523,-119.007673,940,56.478
R9,36.062569,-119.007729,941,56.594
R9,36.062845,-119.007845,942,56.627
R9,36.063504,-119.008053,943,56.702
R9,36.064335,-119.008188,944,56.795
R9,36.065174,-119.008286,945,56.889
R9,36.065133,-119.012022,946,57.225
R9,36.065155,-119.012597,947,57.277
R9,36.065149,-119.014304,948,57.43
R9,36.065203,-119.017092,949,57.681
R9,36.066081,-119.017081,950,57.778
R9,36.066544,-119.017091,951,57.83
R9,36.06682,-119.017271,952,57.865
R9,36.067311,-119.017425,953,57.921
R9,36.067633,-119.017457,954,57.957
R9,36.067647,-119.017995,955,58.005
R3,36.067824,-119.018055,1,0
R3,36.067829,-119.017371,2,0.061
R3,36.069398,-119.017359,3,0.236
R3,36.069429,-119.017174,4,0.253
R3,36.06943,-119.017057,5,0.263
R3,36.069413,-119.016379,6,0.324
R3,36.069408,-119.015027,7,0.446
R3,36.069396,-119.01374,8,0.562
R3,36.069386,-119.011087,9,0.8
R3,36.069374,-119.010239,10,0.876
R3,36.069357,-119.008447,11,1.037
R3,36.068292,-119.008432,12,1.156
R3,36.067301,-119.008389,13,1.266
R3,36.066506,-119.008468,14,1.355
R3,36.066019,-119.008472,15,1.409
R3,36.065028,-119.008374,16,1.519
R3,36.064364,-119.008322,17,1.593
R3,36.064124,-119.008319,18,1.62
R3,36.063776,-119.008256,19,1.659
R3,36.06348,-119.008177,20,1.693
R3,36.063081,-119.008067,21,1.738
R3,36.062909,-119.008025,22,1.758
R3,36.062783,-119.007956,23,1.773
R3,36.062661,-119.007871,24,1.789
R3,36.062489,-119.007789,25,1.809
R3,36.062338,-119.007752,26,1.826
R3,36.061603,-119.007786,27,1.908
R3,36.0608,-119.007795,28,1.997
R3,36.059849,-119.007796,29,2.103
R3,36.058951,-119.007848,30,2.203
R3,36.058751,-119.007814,31,2.226
R3,36.058414,-119.00783,32,2.263
R3,36.058414,-119.007825,33,2.264
R3,36.058421,-119.007437,34,2.298
R3,36.058464,-119.005717,35,2.453
R3,36.05847,-119.004596,36,2.554
R3,36.058459,-119.00313,37,2.686
R3,36.058468,-119.002055,38,2.782
R3,36.058459,-119.000352,39,2.935
R3,36.058445,-118.999056,40,3.052
R3,36.058447,-118.997557,41,3.187
R3,36.058444,-118.996216,42,3.307
R3,36.05843,-118.995998,43,3.327
R3,36.058395,-118.995795,44,3.346
R3,36.058177,-118.994907,45,3.429
R3,36.0577,-118.993013,46,3.607
R3,36.057549,-118.992411,47,3.664
R3,36.057433,-118.991966,48,3.706
R3,36.057337,-118.991701,49,3.732
R3,36.057254,-118.991534,50,3.75
R3,36.0571,-118.991324,51,3.775
R3,36.056128,-118.990159,52,3.926
R3,36.05549,-118.98939,53,4.025
R3,36.055203,-118.988986,54,4.073
R3,36.055091,-118.988767,55,4.096
R3,36.055015,-118.988567,56,4.116
R3,36.054937,-118.98819,57,4.151
R3,36.054925,-118.987939,58,4.174
R3,36.05494,-118.987019,59,4.257
R3,36.054943,-118.985644,60,4.38
R3,36.054959,-118.983893,61,4.538
R3,36.054968,-118.982188,62,4.691
R3,36.054989,-118.980141,63,4.875
R3,36.055006,-118.978556,64,5.017
R3,36.055028,-118.977113,65,5.147
R3,36.055037,-118.975549,66,5.288
R3,36.055047,-118.974151,67,5.413
R3,36.05507,-118.973391,68,5.482
R3,36.055074,-118.97232,69,5.578
R3,36.055065,-118.971617,70,5.641
R3,36.055053,-118.97059,71,5.734
R3,36.05505,-118.969325,72,5.847
R3,36.055046,-118.967751,73,5.989
R3,36.055041,-118.966889,74,6.066
R3,36.055043,-118.966448,75,6.106
R3,36.055043,-118.965137,76,6.224
R3,36.055045,-118.963843,77,6.34
R3,36.055208,-118.963848,78,6.358
R3,36.055691,-118.963861,79,6.412
R3,36.056899,-118.963854,80,6.546
R3,36.058691,-118.963867,81,6.746
R3,36.058694,-118.966151,82,6.951
R3,36.058747,-118.967038,83,7.031
R3,36.058731,-118.968671,84,7.178
R3,36.058711,-118.97035,85,7.329
R3,36.058672,-118.971777,86,7.457
R3,36.058654,-118.973595,87,7.62
R3,36.058644,-118.975532,88,7.794
R3,36.058646,-118.977151,89,7.94
R3,36.058635,-118.977769,90,7.996
R3,36.058629,-118.97864,91,8.074
R3,36.058623,-118.979591,92,8.159
R3,36.058617,-118.980799,93,8.268
R3,36.058613,-118.981552,94,8.336
R3,36.058653,-118.981636,95,8.344
R3,36.05871,-118.981681,96,8.352
R3,36.059654,-118.981661,97,8.457
R3,36.060881,-118.981674,98,8.593
R3,36.062333,-118.981659,99,8.755
R3,36.063441,-118.981652,100,8.878
R3,36.064684,-118.981659,101,9.016
R3,36.065868,-118.981643,102,9.148
R3,36.065876,-118.981909,103,9.172
R3,36.06585,-118.983646,104,9.328
R3,36.065839,-118.985224,105,9.47
R3,36.065838,-118.986265,106,9.563
R3,36.065848,-118.986903,107,9.621
R3,36.065859,-118.987494,108,9.674
R3,36.065849,-118.988708,109,9.783
R3,36.065843,-118.989952,110,9.895
R3,36.06584,-118.990472,111,9.942
R3,36.065829,-118.990854,112,9.976
R3,36.065828,-118.991568,113,10.04
R3,36.065845,-118.991807,114,10.062
R3,36.065941,-118.992189,115,10.098
R3,36.066059,-118.992473,116,10.126
R3,36.066167,-118.992675,117,10.148
R3,36.066398,-118.993001,118,10.187
R3,36.066851,-118.993561,119,10.258
R3,36.067213,-118.99401,120,10.315
R3,36.067743,-118.994673,121,10.399
R3,36.067848,-118.994773,122,10.414
R3,36.068161,-118.99498,123,10.453
R3,36.068407,-118.995079,124,10.482
R3,36.068709,-118.995121,125,10.516
R3,36.06889,-118.995123,126,10.536
R3,36.069088,-118.995129,127,10.558
R3,36.069252,-118.995147,128,10.576
R3,36.069365,-118.995186,129,10.589
R3,36.069355,-118.996698,130,10.725
R3,36.069344,-118.998497,131,10.887
R3,36.069338,-118.999417,132,10.97
R3,36.069334,-119.00057,133,11.073
R3,36.069343,-119.001715,134,11.176
R3,36.069362,-119.002785,135,11.272
R3,36.069367,-119.003963,136,11.378
R3,36.069377,-119.005027,137,11.474
R3,36.069389,-119.006133,138,11.573
R3,36.069399,-119.007108,139,11.661
R3,36.069417,-119.008406,140,11.778
R3,36.069414,-119.009532,141,11.879
R3,36.069425,-119.01077,142,11.99
R3,36.069431,-119.011734,143,12.077
R3,36.069441,-119.012682,144,12.162
R3,36.069445,-119.013052,145,12.195
R3,36.069462,-119.014422,146,12.318
R3,36.06948,-119.015988,147,12.459
R3,36.069484,-119.016924,148,12.543
R3,36.069518,-119.017077,149,12.557
R3,36.069649,-119.017396,150,12.59
R3,36.06969,-119.017512,151,12.601
R3,36.069698,-119.018029,152,12.648
R3,36.069675,-119.018216,153,12.665
R3,36.069673,-119.018445,154,12.685
R3,36.069045,-119.01847,155,12.755
R3,36.067825,-119.018462,156,12.891
R3,36.067768,-119.017892,157,12.942
