shape_id,shape_pt_lat,shape_pt_lon,shape_pt_sequence
1620.1,33.950789670828,-118.1647019151,0
1620.1,33.953533060166,-118.16393571901,10
1620.1,33.955990987698,-118.16088705285,23
1620.1,33.957655981107,-118.15896447799,31
1620.1,33.959846530627,-118.1564657247,42
1620.1,33.961984786183,-118.15399312648,53
1620.1,33.965362137468,-118.15162487744,67
1620.1,33.970069702521,-118.14901145485,86
1620.1,33.973814767112,-118.14697323954,101
1620.1,33.97747495169,-118.14465433651,116
1620.1,33.97961719166,-118.14325620842,125
1620.1,33.982292802961,-118.14159832887,136
1620.1,33.986128923316,-118.13912750978,152
1620.1,33.987878749098,-118.13721054733,160
1620.1,33.991187139953,-118.13478799639,174
1620.1,33.994223587652,-118.13472030689,185
1620.1,33.997188698688,-118.1345568235,196
1620.1,34.00041652124,-118.13288929704,209
1620.1,34.005749002267,-118.13138001526,229
1620.1,34.008359437789,-118.13140061002,238
1620.1,34.011465084814,-118.13087093785,250
1620.1,34.013856353999,-118.13028071814,259
1620.1,34.01466172226,-118.13005098559,262
1620.2,33.950789670828,-118.1647019151,0
1620.2,33.953533060166,-118.16393571901,10
1620.2,33.955990987698,-118.16088705285,23
1620.2,33.957655981107,-118.15896447799,31
1620.2,33.959846530627,-118.1564657247,42
1620.2,33.961984786183,-118.15399312648,53
1620.2,33.965362137468,-118.15162487744,67
1620.2,33.970069702521,-118.14901145485,86
1620.2,33.973814767112,-118.14697323954,101
1620.2,33.97747495169,-118.14465433651,116
1620.2,33.97961719166,-118.14325620842,125
1620.2,33.982292802961,-118.14159832887,136
1620.2,33.986128923316,-118.13912750978,152
1620.2,33.987878749098,-118.13721054733,160
1620.2,33.991187139953,-118.13478799639,174
1620.2,33.994223587652,-118.13472030689,185
1620.2,33.997188698688,-118.1345568235,196
1620.2,34.00041652124,-118.13288929704,209
1620.2,34.005749002267,-118.13138001526,229
1620.2,34.008359437789,-118.13140061002,238
1620.2,34.011465084814,-118.13087093785,250
1620.2,34.013856353999,-118.13028071814,259
1620.2,34.01466172226,-118.13005098559,262
1620.2,34.017857297958,-118.13021434727,273
1620.2,34.01940977208,-118.13279405323,283
1620.2,34.022461256147,-118.1340430357,295
1620.2,34.023748398963,-118.13300554699,300
1620.2,34.025707597388,-118.13050708136,311
1620.2,34.027333412116,-118.12880006101,319
1620.2,34.029177739113,-118.12831444426,326
1620.2,34.030938481334,-118.12890792316,332
1620.2,34.033586084286,-118.13014640612,343
1620.2,34.036698967444,-118.1305506285,354
1620.2,34.03854368944,-118.12970521564,361
1620.2,34.041011815173,-118.12919080952,370
1620.2,34.044353977257,-118.12846975596,383
1620.2,34.04716465335,-118.12882728735,393
1620.2,34.051191853551,-118.12732812214,408
1620.2,34.055166744132,-118.12590796751,423
1620.2,34.059802797324,-118.12283456967,443
1620.2,34.062503907605,-118.12286825098,452
1620.2,34.066122788194,-118.12291649017,466
1620.2,34.067969329779,-118.12293571301,472
1620.2,34.069769157972,-118.12295486803,479
1620.2,34.074058516411,-118.12300410113,494
1620.2,34.07603695568,-118.12302352172,502
1620.2,34.078556722744,-118.12304373958,511
1620.2,34.080700033744,-118.12306340474,519
1620.2,34.082780137492,-118.12308958286,526
1620.2,34.085687369851,-118.12309386168,537
1620.2,34.089358510186,-118.12309596249,550
1620.2,34.091138050411,-118.12414557527,557
1620.2,34.092071661819,-118.12478771513,561
1620.2,34.093244182488,-118.12557555535,566
1620.2,34.095138827285,-118.12689628805,574
1620.2,34.097596326256,-118.12863413093,585
1620.2,34.099062602068,-118.12964714476,591
1620.2,34.100624973034,-118.13072640816,597
1620.2,34.102157104398,-118.13180896749,604
1620.2,34.104570278856,-118.13380799452,614
1620.2,34.105704112878,-118.13473806275,619
1620.2,34.106671359026,-118.13473962144,623
1620.2,34.10696043933,-118.13424126729,625
1620.2,34.107519304123,-118.13329406991,628
1620.3,34.01466172226,-118.13005098559,262
1620.3,34.017857297958,-118.13021434727,273
1620.3,34.01940977208,-118.13279405323,283
1620.3,34.022461256147,-118.1340430357,295
1620.3,34.023748398963,-118.13300554699,300
1620.3,34.025707597388,-118.13050708136,311
1620.3,34.027333412116,-118.12880006101,319
1620.3,34.029177739113,-118.12831444426,326
1620.3,34.030938481334,-118.12890792316,332
1620.3,34.033586084286,-118.13014640612,343
1620.3,34.036698967444,-118.1305506285,354
1620.3,34.03854368944,-118.12970521564,361
1620.3,34.041011815173,-118.12919080952,370
1620.3,34.044353977257,-118.12846975596,383
1620.3,34.04716465335,-118.12882728735,393
1620.3,34.051191853551,-118.12732812214,408
1620.3,34.055166744132,-118.12590796751,423
1620.3,34.059802797324,-118.12283456967,443
1620.3,34.062503907605,-118.12286825098,452
1620.3,34.066122788194,-118.12291649017,466
1620.3,34.067969329779,-118.12293571301,472
1620.3,34.069769157972,-118.12295486803,479
1620.3,34.074058516411,-118.12300410113,494
1620.3,34.07603695568,-118.12302352172,502
1620.3,34.078556722744,-118.12304373958,511
1620.3,34.080700033744,-118.12306340474,519
1620.3,34.082780137492,-118.12308958286,526
1620.3,34.085687369851,-118.12309386168,537
1620.3,34.089358510186,-118.12309596249,550
1620.3,34.091138050411,-118.12414557527,557
1620.3,34.092071661819,-118.12478771513,561
1620.3,34.093244182488,-118.12557555535,566
1620.3,34.095138827285,-118.12689628805,574
1620.3,34.097596326256,-118.12863413093,585
1620.3,34.099062602068,-118.12964714476,591
1620.3,34.100624973034,-118.13072640816,597
1620.3,34.102157104398,-118.13180896749,604
1620.3,34.104570278856,-118.13380799452,614
1620.3,34.105704112878,-118.13473806275,619
1620.3,34.106671359026,-118.13473962144,623
1620.3,34.10696043933,-118.13424126729,625
1620.3,34.107519304123,-118.13329406991,628
1621.1,34.107519304123,-118.13329406991,0
1621.1,34.108705704338,-118.13140304862,7
1621.1,34.111056213271,-118.12782893828,20
1621.1,34.111207027145,-118.12812979749,22
1621.1,34.109586049959,-118.13045301059,31
1621.1,34.106874704233,-118.13473664569,47
1621.1,34.105704112878,-118.13473806275,51
1621.1,34.104074636611,-118.13473213365,57
1621.1,34.104570278856,-118.13380799452,61
1621.1,34.102157104398,-118.13180896749,71
1621.1,34.100624973034,-118.13072640816,78
1621.1,34.099062602068,-118.12964714476,84
1621.1,34.097596326256,-118.12863413093,90
1621.1,34.095138827285,-118.12689628805,101
1621.1,34.093244182488,-118.12557555535,109
1621.1,34.092071661819,-118.12478771513,114
1621.1,34.091138050411,-118.12414557527,118
1621.1,34.089358510186,-118.12309596249,125
1621.1,34.085687369851,-118.12309386168,138
1621.1,34.082780137492,-118.12308958286,149
1621.1,34.080700033744,-118.12306340474,156
1621.1,34.078556722744,-118.12304373958,164
1621.1,34.07603695568,-118.12302352172,173
1621.1,34.074058516411,-118.12300410113,180
1621.1,34.069769157972,-118.12295486803,196
1621.1,34.067969329779,-118.12293571301,203
1621.1,34.066122788194,-118.12291649017,209
1621.1,34.062503907605,-118.12286825098,222
1621.1,34.059802797324,-118.12283456967,232
1621.1,34.055166744132,-118.12590796751,252
1621.1,34.051191853551,-118.12732812214,267
1621.1,34.04716465335,-118.12882728735,282
1621.1,34.045005172438,-118.12851366875,290
1621.1,34.041011815173,-118.12919080952,305
1621.1,34.038736226795,-118.12953057432,313
1621.1,34.036698967444,-118.1305506285,321
1621.1,34.034371862632,-118.13024664551,329
1621.1,34.032731648742,-118.13000975626,335
1621.1,34.029177739113,-118.12831444426,349
1621.1,34.027333412116,-118.12880006101,356
1621.1,34.025707597388,-118.13050708136,364
1621.1,34.023748398963,-118.13300554699,375
1621.1,34.022461256147,-118.1340430357,380
1621.1,34.01940977208,-118.13279405323,392
1621.1,34.017857297958,-118.13021434727,402
1621.1,34.01466172226,-118.13005098559,413
1621.2,34.107519304123,-118.13329406991,0
1621.2,34.108705704338,-118.13140304862,7
1621.2,34.111056213271,-118.12782893828,20
1621.2,34.111207027145,-118.12812979749,22
1621.2,34.109586049959,-118.13045301059,31
1621.2,34.106874704233,-118.13473664569,47
1621.2,34.105704112878,-118.13473806275,51
1621.2,34.104074636611,-118.13473213365,57
1621.2,34.104570278856,-118.13380799452,61
1621.2,34.102157104398,-118.13180896749,71
1621.2,34.100624973034,-118.13072640816,78
1621.2,34.099062602068,-118.12964714476,84
1621.2,34.097596326256,-118.12863413093,90
1621.2,34.095138827285,-118.12689628805,101
1621.2,34.093244182488,-118.12557555535,109
1621.2,34.092071661819,-118.12478771513,114
1621.2,34.091138050411,-118.12414557527,118
1621.2,34.089358510186,-118.12309596249,125
1621.2,34.085687369851,-118.12309386168,138
1621.2,34.082780137492,-118.12308958286,149
1621.2,34.080700033744,-118.12306340474,156
1621.2,34.078556722744,-118.12304373958,164
1621.2,34.07603695568,-118.12302352172,173
1621.2,34.074058516411,-118.12300410113,180
1621.2,34.069769157972,-118.12295486803,196
1621.2,34.067969329779,-118.12293571301,203
1621.2,34.066122788194,-118.12291649017,209
1621.2,34.062503907605,-118.12286825098,222
1621.2,34.059802797324,-118.12283456967,232
1621.2,34.055166744132,-118.12590796751,252
1621.2,34.051191853551,-118.12732812214,267
1621.2,34.04716465335,-118.12882728735,282
1621.2,34.045005172438,-118.12851366875,290
1621.2,34.041011815173,-118.12919080952,305
1621.2,34.038736226795,-118.12953057432,313
1621.2,34.036698967444,-118.1305506285,321
1621.2,34.034371862632,-118.13024664551,329
1621.2,34.032731648742,-118.13000975626,335
1621.2,34.029177739113,-118.12831444426,349
1621.2,34.027333412116,-118.12880006101,356
1621.2,34.025707597388,-118.13050708136,364
1621.2,34.023748398963,-118.13300554699,375
1621.2,34.022461256147,-118.1340430357,380
1621.2,34.01940977208,-118.13279405323,392
1621.2,34.017857297958,-118.13021434727,402
1621.2,34.01466172226,-118.13005098559,413
1621.2,34.013856353999,-118.13028071814,416
1621.2,34.011465084814,-118.13087093785,425
1621.2,34.008359437789,-118.13140061002,437
1621.2,34.005749002267,-118.13138001526,446
1621.2,34.00041652124,-118.13288929704,466
1621.2,33.997188698688,-118.1345568235,479
1621.2,33.994223587652,-118.13472030689,490
1621.2,33.991187139953,-118.13478799639,501
1621.2,33.987878749098,-118.13721054733,515
1621.2,33.986128923316,-118.13912750978,523
1621.2,33.982292802961,-118.14159832887,539
1621.2,33.97961719166,-118.14325620842,550
1621.2,33.97747495169,-118.14465433651,559
1621.2,33.973814767112,-118.14697323954,574
1621.2,33.970069702521,-118.14901145485,589
1621.2,33.965362137468,-118.15162487744,608
1621.2,33.961984786183,-118.15399312648,622
1621.2,33.959579588087,-118.15677520345,634
1621.2,33.956725782615,-118.16004429914,649
1621.2,33.955990987698,-118.16088705285,652
1621.2,33.949140307972,-118.16518336377,680
1621.2,33.949398114142,-118.16753150115,688
1621.2,33.951011577259,-118.16718521473,694
1621.2,33.950789670828,-118.1647019151,701
1621.3,34.01466172226,-118.13005098559,413
1621.3,34.013856353999,-118.13028071814,416
1621.3,34.011465084814,-118.13087093785,425
1621.3,34.008359437789,-118.13140061002,437
1621.3,34.005749002267,-118.13138001526,446
1621.3,34.00041652124,-118.13288929704,466
1621.3,33.997188698688,-118.1345568235,479
1621.3,33.994223587652,-118.13472030689,490
1621.3,33.991187139953,-118.13478799639,501
1621.3,33.987878749098,-118.13721054733,515
1621.3,33.986128923316,-118.13912750978,523
1621.3,33.982292802961,-118.14159832887,539
1621.3,33.97961719166,-118.14325620842,550
1621.3,33.97747495169,-118.14465433651,559
1621.3,33.973814767112,-118.14697323954,574
1621.3,33.970069702521,-118.14901145485,589
1621.3,33.965362137468,-118.15162487744,608
1621.3,33.961984786183,-118.15399312648,622
1621.3,33.959579588087,-118.15677520345,634
1621.3,33.956725782615,-118.16004429914,649
1621.3,33.955990987698,-118.16088705285,652
1621.3,33.949140307972,-118.16518336377,680
1621.3,33.949398114142,-118.16753150115,688
1621.3,33.951011577259,-118.16718521473,694
1621.3,33.950789670828,-118.1647019151,701
170.1,34.040112597963,-118.14433681437,0
170.1,34.038240584816,-118.14721182315,11
170.1,34.037488585113,-118.14646124093,14
170.1,34.03334808698,-118.15269531287,38
170.1,34.029399752608,-118.15459242992,54
170.1,34.027145644545,-118.15526812679,62
170.1,34.024877785219,-118.15595036206,71
170.1,34.022620905152,-118.15663918114,79
170.1,34.0204080042,-118.15731484564,88
170.1,34.019635110922,-118.15362729507,99
170.1,34.018952225696,-118.15038877009,109
170.1,34.018302050694,-118.14729555321,119
170.1,34.017878577842,-118.14527855173,125
170.1,34.017435930336,-118.14318234004,132
170.1,34.016572368284,-118.13911211488,144
170.1,34.015891845337,-118.13587053149,155
170.1,34.015194791787,-118.13258937689,165
170.1,34.01466172226,-118.13005098559,173
170.1,34.013991891974,-118.12686236284,183
170.1,34.013272688545,-118.12350543125,193
170.1,34.012826938456,-118.12138634805,200
170.1,34.011828649598,-118.1166432477,215
170.1,34.011270623349,-118.11398953818,223
170.1,34.010824697081,-118.11188045528,230
170.1,34.010061360476,-118.10824655483,241
170.1,34.00959066418,-118.10606821012,248
170.1,34.009141831804,-118.10398230539,254
170.1,34.008682008209,-118.10185351536,261
170.1,34.005983961744,-118.09468381071,285
170.1,34.003389103922,-118.08861666114,305
170.1,34.00245092677,-118.08642822018,313
170.1,34.001342587126,-118.08388993403,322
170.1,34.000171113679,-118.08117349547,331
170.1,33.998749907678,-118.07786634718,342
170.1,33.997611248339,-118.07518969614,351
170.1,33.993948761363,-118.06996741653,372
170.1,33.992133964698,-118.0672772875,382
170.1,33.989923701765,-118.06405585943,395
170.1,33.987537645412,-118.06052769192,409
170.1,33.985288772313,-118.05722412654,422
170.1,33.984064086834,-118.05539586917,429
170.1,33.982825644789,-118.05354456668,436
170.1,33.980590226859,-118.05046567794,448
170.1,33.979051904102,-118.04933010289,455
170.1,33.979102415253,-118.04669141487,463
170.1,33.979110395839,-118.03975488944,484
170.1,33.979092630508,-118.03501178657,498
170.1,33.97907679492,-118.03268970915,505
170.1,33.977254975195,-118.03268899797,512
170.1,33.975433153917,-118.03269488332,519
170.1,33.973473946147,-118.03268092572,526
170.1,33.971349858338,-118.03270318347,534
170.1,33.96817060086,-118.03272172981,545
170.1,33.965909125431,-118.03273073989,553
170.1,33.963243682959,-118.0328682047,563
170.1,33.961062832194,-118.02923989363,577
170.1,33.95905222746,-118.02566458531,590
170.1,33.958252902357,-118.02423319245,595
170.1,33.955720218754,-118.01971161988,612
170.1,33.953569238546,-118.01579051524,626
170.1,33.950640617307,-118.01053410496,645
170.1,33.948838319397,-118.00653107119,659
170.1,33.947033165028,-118.00078072848,677
170.1,33.946315973131,-117.99851561003,685
170.1,33.94540919108,-117.99887500675,688
170.1,33.944516100119,-117.99654401494,696
170.2,34.01466172226,-118.13005098559,173
170.2,34.013991891974,-118.12686236284,183
170.2,34.013272688545,-118.12350543125,193
170.2,34.012826938456,-118.12138634805,200
170.2,34.011828649598,-118.1166432477,215
170.2,34.011270623349,-118.11398953818,223
170.2,34.010824697081,-118.11188045528,230
170.2,34.010061360476,-118.10824655483,241
170.2,34.00959066418,-118.10606821012,248
170.2,34.009141831804,-118.10398230539,254
170.2,34.008682008209,-118.10185351536,261
170.2,34.005983961744,-118.09468381071,285
170.2,34.003389103922,-118.08861666114,305
170.2,34.00245092677,-118.08642822018,313
170.2,34.001342587126,-118.08388993403,322
170.2,34.000171113679,-118.08117349547,331
170.2,33.998749907678,-118.07786634718,342
170.2,33.997611248339,-118.07518969614,351
170.2,33.993948761363,-118.06996741653,372
170.2,33.992133964698,-118.0672772875,382
170.2,33.989923701765,-118.06405585943,395
170.2,33.987537645412,-118.06052769192,409
170.2,33.985288772313,-118.05722412654,422
170.2,33.984064086834,-118.05539586917,429
170.2,33.982825644789,-118.05354456668,436
170.2,33.980590226859,-118.05046567794,448
170.2,33.979051904102,-118.04933010289,455
170.2,33.979102415253,-118.04669141487,463
170.2,33.979110395839,-118.03975488944,484
170.2,33.979092630508,-118.03501178657,498
170.2,33.97907679492,-118.03268970915,505
170.2,33.977254975195,-118.03268899797,512
170.2,33.975433153917,-118.03269488332,519
170.2,33.973473946147,-118.03268092572,526
170.2,33.971349858338,-118.03270318347,534
170.2,33.96817060086,-118.03272172981,545
170.2,33.965909125431,-118.03273073989,553
170.2,33.963243682959,-118.0328682047,563
170.2,33.961062832194,-118.02923989363,577
170.2,33.95905222746,-118.02566458531,590
170.2,33.958252902357,-118.02423319245,595
170.2,33.955720218754,-118.01971161988,612
170.2,33.953569238546,-118.01579051524,626
170.2,33.950640617307,-118.01053410496,645
170.2,33.948838319397,-118.00653107119,659
170.2,33.947033165028,-118.00078072848,677
170.2,33.946315973131,-117.99851561003,685
170.2,33.94540919108,-117.99887500675,688
170.2,33.944516100119,-117.99654401494,696
170.3,34.010061360476,-118.10824655483,241
170.3,34.00959066418,-118.10606821012,248
170.3,34.009141831804,-118.10398230539,254
170.3,34.008682008209,-118.10185351536,261
170.3,34.005983961744,-118.09468381071,285
170.3,34.003389103922,-118.08861666114,305
170.3,34.00245092677,-118.08642822018,313
170.3,34.001342587126,-118.08388993403,322
170.3,34.000171113679,-118.08117349547,331
170.3,33.998749907678,-118.07786634718,342
170.3,33.997611248339,-118.07518969614,351
170.3,33.993948761363,-118.06996741653,372
170.3,33.992133964698,-118.0672772875,382
170.3,33.989923701765,-118.06405585943,395
170.3,33.987537645412,-118.06052769192,409
170.3,33.985288772313,-118.05722412654,422
170.3,33.984064086834,-118.05539586917,429
170.3,33.982825644789,-118.05354456668,436
170.3,33.980590226859,-118.05046567794,448
170.3,33.979051904102,-118.04933010289,455
170.3,33.979102415253,-118.04669141487,463
170.3,33.979110395839,-118.03975488944,484
170.3,33.979092630508,-118.03501178657,498
170.3,33.97907679492,-118.03268970915,505
170.3,33.977254975195,-118.03268899797,512
170.3,33.975433153917,-118.03269488332,519
170.3,33.973473946147,-118.03268092572,526
170.3,33.971349858338,-118.03270318347,534
170.3,33.96817060086,-118.03272172981,545
170.3,33.965909125431,-118.03273073989,553
170.3,33.963243682959,-118.0328682047,563
170.3,33.961062832194,-118.02923989363,577
170.3,33.95905222746,-118.02566458531,590
170.3,33.958252902357,-118.02423319245,595
170.3,33.955720218754,-118.01971161988,612
170.3,33.953569238546,-118.01579051524,626
170.3,33.950640617307,-118.01053410496,645
170.3,33.948838319397,-118.00653107119,659
170.3,33.947033165028,-118.00078072848,677
170.3,33.946315973131,-117.99851561003,685
170.3,33.94540919108,-117.99887500675,688
170.3,33.944516100119,-117.99654401494,696
171.1,33.944516100119,-117.99654401494,0
171.1,33.943826330459,-117.99479333218,5
171.1,33.944746835424,-117.994348174,9
171.1,33.947033165028,-118.00078072848,30
171.1,33.948838319397,-118.00653107119,49
171.1,33.950640617307,-118.01053410496,63
171.1,33.953569238546,-118.01579051524,82
171.1,33.955720218754,-118.01971161988,96
171.1,33.958252902357,-118.02423319245,113
171.1,33.959615310435,-118.0266969159,122
171.1,33.961062832194,-118.02923989363,131
171.1,33.962076357094,-118.03095506523,137
171.1,33.963243682959,-118.0328682047,144
171.1,33.96409554828,-118.03273992457,148
171.1,33.965909125431,-118.03273073989,154
171.1,33.96817060086,-118.03272172981,162
171.1,33.971349858338,-118.03270318347,174
171.1,33.973473946147,-118.03268092572,182
171.1,33.975433153917,-118.03269488332,189
171.1,33.977254975195,-118.03268899797,195
171.1,33.97907679492,-118.03268970915,202
171.1,33.979092630508,-118.03501178657,209
171.1,33.979111150864,-118.03739323724,216
171.1,33.979110766469,-118.03861364411,220
171.1,33.979102415253,-118.04669141487,245
171.1,33.979051904102,-118.04933010289,253
171.1,33.980590226859,-118.05046567794,259
171.1,33.982825644789,-118.05354456668,271
171.1,33.984064086834,-118.05539586917,279
171.1,33.985288772313,-118.05722412654,286
171.1,33.987537645412,-118.06052769192,299
171.1,33.989923701765,-118.06405585943,313
171.1,33.992133964698,-118.0672772875,325
171.1,33.994434683785,-118.070733191,339
171.1,33.997611248339,-118.07518969614,356
171.1,33.998749907678,-118.07786634718,365
171.1,34.000171113679,-118.08117349547,377
171.1,34.001342587126,-118.08388993403,386
171.1,34.00245092677,-118.08642822018,395
171.1,34.003389103922,-118.08861666114,402
171.1,34.005983961744,-118.09468381071,423
171.1,34.009141831804,-118.10398230539,453
171.1,34.00959066418,-118.10606821012,460
171.1,34.010061360476,-118.10824655483,467
171.2,33.944516100119,-117.99654401494,0
171.2,33.943826330459,-117.99479333218,5
171.2,33.944746835424,-117.994348174,9
171.2,33.947033165028,-118.00078072848,30
171.2,33.948838319397,-118.00653107119,49
171.2,33.950640617307,-118.01053410496,63
171.2,33.953569238546,-118.01579051524,82
171.2,33.955720218754,-118.01971161988,96
171.2,33.958252902357,-118.02423319245,113
171.2,33.959615310435,-118.0266969159,122
171.2,33.961062832194,-118.02923989363,131
171.2,33.962076357094,-118.03095506523,137
171.2,33.963243682959,-118.0328682047,144
171.2,33.96409554828,-118.03273992457,148
171.2,33.965909125431,-118.03273073989,154
171.2,33.96817060086,-118.03272172981,162
171.2,33.971349858338,-118.03270318347,174
171.2,33.973473946147,-118.03268092572,182
171.2,33.975433153917,-118.03269488332,189
171.2,33.977254975195,-118.03268899797,195
171.2,33.97907679492,-118.03268970915,202
171.2,33.979092630508,-118.03501178657,209
171.2,33.979111150864,-118.03739323724,216
171.2,33.979110766469,-118.03861364411,220
171.2,33.979102415253,-118.04669141487,245
171.2,33.979051904102,-118.04933010289,253
171.2,33.980590226859,-118.05046567794,259
171.2,33.982825644789,-118.05354456668,271
171.2,33.984064086834,-118.05539586917,279
171.2,33.985288772313,-118.05722412654,286
171.2,33.987537645412,-118.06052769192,299
171.2,33.989923701765,-118.06405585943,313
171.2,33.992133964698,-118.0672772875,325
171.2,33.994434683785,-118.070733191,339
171.2,33.997611248339,-118.07518969614,356
171.2,33.998749907678,-118.07786634718,365
171.2,34.000171113679,-118.08117349547,377
171.2,34.001342587126,-118.08388993403,386
171.2,34.00245092677,-118.08642822018,395
171.2,34.003389103922,-118.08861666114,402
171.2,34.005983961744,-118.09468381071,423
171.2,34.009141831804,-118.10398230539,453
171.2,34.00959066418,-118.10606821012,460
171.2,34.010061360476,-118.10824655483,467
171.2,34.010824697081,-118.11188045528,478
171.2,34.011270623349,-118.11398953818,485
171.2,34.011828649598,-118.1166432477,493
171.2,34.01238388598,-118.11928049016,501
171.2,34.013272688545,-118.12350543125,514
171.2,34.013991891974,-118.12686236284,525
171.2,34.01466172226,-118.13005098559,535
171.2,34.015194791787,-118.13258937689,543
171.2,34.015891845337,-118.13587053149,553
171.2,34.016572368284,-118.13911211488,563
171.2,34.017435930336,-118.14318234004,576
171.2,34.017878577842,-118.14527855173,582
171.2,34.018302050694,-118.14729555321,589
171.2,34.018952225696,-118.15038877009,598
171.2,34.019635110922,-118.15362729507,608
171.2,34.0204080042,-118.15731484564,620
171.2,34.022620905152,-118.15663918114,628
171.2,34.024877785219,-118.15595036206,637
171.2,34.027145644545,-118.15526812679,645
171.2,34.029399752608,-118.15459242992,654
171.2,34.03334808698,-118.15269531287,669
171.2,34.037488585113,-118.14646124093,693
171.2,34.039349600689,-118.14357632004,704
171.2,34.040112597963,-118.14433681437,708
172.1,33.977635656902,-118.12634221892,0
172.1,33.979724608496,-118.12838709513,9
172.1,33.981278090035,-118.12749228898,16
172.1,33.986892640365,-118.12418563807,38
172.1,33.988919020081,-118.1229977818,47
172.1,33.99100861874,-118.1217802702,55
172.1,33.993045976599,-118.12058241631,63
172.1,33.995143814569,-118.11934500201,72
172.1,33.997175659577,-118.11814042373,80
172.1,33.999245985032,-118.1169127464,88
172.1,34.001742454392,-118.11543485111,99
172.1,34.003370068406,-118.11450337793,105
172.1,34.00377153836,-118.11420368429,107
172.1,34.00499265114,-118.1100975735,120
172.1,34.005702162692,-118.10947491118,123
172.1,34.006419580757,-118.10922178981,126
172.1,34.008164948807,-118.10868624144,133
172.1,34.010061360476,-118.10824655483,140
172.2,33.977635656902,-118.12634221892,0
172.2,33.979724608496,-118.12838709513,9
172.2,33.981278090035,-118.12749228898,16
172.2,33.986892640365,-118.12418563807,38
172.2,33.988919020081,-118.1229977818,47
172.2,33.99100861874,-118.1217802702,55
172.2,33.993045976599,-118.12058241631,63
172.2,33.995143814569,-118.11934500201,72
172.2,33.997175659577,-118.11814042373,80
172.2,33.999245985032,-118.1169127464,88
172.2,34.001742454392,-118.11543485111,99
172.2,34.003370068406,-118.11450337793,105
172.2,34.00377153836,-118.11420368429,107
172.2,34.00499265114,-118.1100975735,120
172.2,34.005702162692,-118.10947491118,123
172.2,34.006419580757,-118.10922178981,126
172.2,34.008164948807,-118.10868624144,133
172.2,34.010061360476,-118.10824655483,140
172.2,34.011848174632,-118.10745034073,146
172.2,34.013634753113,-118.10691477334,153
172.2,34.017177564271,-118.10597222767,166
172.2,34.018966798094,-118.10553559706,173
172.2,34.020728635318,-118.10500321226,180
172.2,34.022443834015,-118.10438164395,186
172.2,34.026152900773,-118.10178897091,202
172.2,34.029676102482,-118.10124869147,215
172.2,34.031709695402,-118.0976932431,228
172.2,34.032302757115,-118.09484230758,237
172.2,34.034174550587,-118.09060649847,251
172.2,34.03504999644,-118.09208611666,257
172.2,34.037153704905,-118.0861967066,276
172.2,34.037153704905,-118.0861967066,277
172.2,34.037407484362,-118.08481727699,280
172.2,34.037407484362,-118.08481727699,281
172.2,34.037906810746,-118.08197256603,289
172.2,34.038479633213,-118.08008180407,295
172.2,34.042152971833,-118.08489800751,315
172.2,34.04269337265,-118.08620571407,320
172.2,34.044481817863,-118.09051863045,334
172.2,34.047501700862,-118.09053180077,345
172.2,34.049840126531,-118.09053102983,354
172.2,34.051769122253,-118.09052981582,361
172.2,34.052681399821,-118.09054400814,364
172.2,34.055278099614,-118.09057653102,373
172.2,34.058171587823,-118.09058296523,384
172.2,34.062631393409,-118.09053826896,400
172.3,33.977635656902,-118.12634221892,0
172.3,33.979724608496,-118.12838709513,9
172.3,33.981278090035,-118.12749228898,16
172.3,33.986892640365,-118.12418563807,38
172.3,33.988919020081,-118.1229977818,47
172.3,33.99100861874,-118.1217802702,55
172.3,33.993045976599,-118.12058241631,63
172.3,33.995143814569,-118.11934500201,72
172.3,33.997175659577,-118.11814042373,80
172.3,33.999245985032,-118.1169127464,88
172.3,34.001742454392,-118.11543485111,99
172.3,34.003370068406,-118.11450337793,105
172.3,34.00377153836,-118.11420368429,107
172.3,34.00499265114,-118.1100975735,120
172.3,34.005702162692,-118.10947491118,123
172.3,34.006419580757,-118.10922178981,126
172.3,34.008164948807,-118.10868624144,133
172.3,34.010061360476,-118.10824655483,140
172.3,34.011848174632,-118.10745034073,146
172.3,34.013634753113,-118.10691477334,153
172.3,34.017177564271,-118.10597222767,166
172.3,34.018966798094,-118.10553559706,173
172.3,34.020728635318,-118.10500321226,180
172.3,34.022443834015,-118.10438164395,186
172.3,34.026152900773,-118.10178897091,202
172.3,34.029676102482,-118.10124869147,215
172.3,34.031709695402,-118.0976932431,228
172.3,34.032302757115,-118.09484230758,237
172.3,34.034174550587,-118.09060649847,251
172.3,34.03504999644,-118.09208611666,257
172.3,34.037153704905,-118.0861967066,276
172.3,34.037153704905,-118.0861967066,277
172.3,34.037407484362,-118.08481727699,280
172.3,34.037407484362,-118.08481727699,281
172.3,34.037906810746,-118.08197256603,289
172.3,34.038479633213,-118.08008180407,295
172.3,34.042152971833,-118.08489800751,315
172.3,34.04269337265,-118.08620571407,320
172.3,34.044481817863,-118.09051863045,334
172.3,34.047501700862,-118.09053180077,345
172.3,34.049840126531,-118.09053102983,354
172.3,34.051769122253,-118.09052981582,361
172.3,34.052681399821,-118.09054400814,364
172.3,34.055278099614,-118.09057653102,373
172.3,34.058171587823,-118.09058296523,384
172.3,34.062631393409,-118.09053826896,400
172.3,34.065288544737,-118.09057416277,410
172.3,34.067736861804,-118.09060653076,419
172.3,34.06994886598,-118.0906353426,427
172.3,34.07514225742,-118.09071692039,446
172.3,34.080159796982,-118.09078510787,464
172.3,34.082827954029,-118.09080451655,474
172.3,34.086216042638,-118.09083461618,486
172.3,34.088062585771,-118.09085974065,493
172.3,34.090967049481,-118.09089262159,503
172.3,34.093137835256,-118.09092470708,511
172.3,34.096314332528,-118.09096449421,523
172.3,34.099034692989,-118.09099387855,533
172.3,34.101584686417,-118.09102307935,542
172.3,34.101578223477,-118.09229811889,546
172.3,34.103383551935,-118.0923199315,552
172.3,34.103392762965,-118.09104486742,556
173.1,34.103392762965,-118.09104486742,0
173.1,34.099034692989,-118.09099387855,15
173.1,34.09609450631,-118.09096095207,26
173.1,34.093137835256,-118.09092470708,37
173.1,34.090967049481,-118.09089262159,45
173.1,34.088062585771,-118.09085974065,55
173.1,34.086216042638,-118.09083461618,62
173.1,34.082827954029,-118.09080451655,74
173.1,34.080159796982,-118.09078510787,84
173.1,34.07514225742,-118.09071692039,102
173.1,34.06994886598,-118.0906353426,121
173.1,34.066275014967,-118.09058843821,135
173.1,34.062631393409,-118.09053826896,148
173.1,34.058171587823,-118.09058296523,164
173.1,34.055278099614,-118.09057653102,175
173.1,34.053143036802,-118.09054780905,182
173.1,34.051769122253,-118.09052981582,187
173.1,34.049840126531,-118.09053102983,194
173.1,34.047501700862,-118.09053180077,203
173.1,34.04424592681,-118.0899506091,215
173.1,34.04269337265,-118.08620571407,228
173.1,34.041864932707,-118.08420453214,234
173.1,34.038479633213,-118.08008180407,252
173.1,34.037906810746,-118.08197256603,258
173.1,34.036833079898,-118.08096480883,263
173.1,34.037153704905,-118.0861967066,279
173.1,34.034174550587,-118.09060649847,296
173.1,34.032302757115,-118.09484230758,311
173.1,34.031709695402,-118.0976932431,319
173.1,34.029676102482,-118.10124869147,333
173.1,34.026152900773,-118.10178897091,345
173.1,34.022443834015,-118.10438164395,361
173.1,34.018966798094,-118.10553559706,374
173.1,34.017177564271,-118.10597222767,381
173.1,34.015382874076,-118.10636263507,387
173.1,34.013634753113,-118.10691477334,394
173.1,34.011848174632,-118.10745034073,401
173.1,34.010061360476,-118.10824655483,408
173.1,34.008164948807,-118.10868624144,415
173.1,34.006419580757,-118.10922178981,421
173.1,34.003370068406,-118.11450337793,441
173.1,34.001742454392,-118.11543485111,447
173.1,33.999245985032,-118.1169127464,457
173.1,33.997175659577,-118.11814042373,466
173.1,33.995143814569,-118.11934500201,474
173.1,33.993045976599,-118.12058241631,483
173.1,33.99100861874,-118.1217802702,491
173.1,33.988919020081,-118.1229977818,499
173.1,33.986892640365,-118.12418563807,508
173.1,33.981278090035,-118.12749228898,530
173.1,33.979233041878,-118.12282193296,546
173.1,33.976103999124,-118.1247666279,559
173.2,34.062631393409,-118.09053826896,148
173.2,34.058171587823,-118.09058296523,164
173.2,34.055278099614,-118.09057653102,175
173.2,34.053143036802,-118.09054780905,182
173.2,34.051769122253,-118.09052981582,187
173.2,34.049840126531,-118.09053102983,194
173.2,34.047501700862,-118.09053180077,203
173.2,34.04424592681,-118.0899506091,215
173.2,34.04269337265,-118.08620571407,228
173.2,34.041864932707,-118.08420453214,234
173.2,34.038479633213,-118.08008180407,252
173.2,34.037906810746,-118.08197256603,258
173.2,34.036833079898,-118.08096480883,263
173.2,34.037153704905,-118.0861967066,279
173.2,34.034174550587,-118.09060649847,296
173.2,34.032302757115,-118.09484230758,311
173.2,34.031709695402,-118.0976932431,319
173.2,34.029676102482,-118.10124869147,333
173.2,34.026152900773,-118.10178897091,345
173.2,34.022443834015,-118.10438164395,361
173.2,34.018966798094,-118.10553559706,374
173.2,34.017177564271,-118.10597222767,381
173.2,34.015382874076,-118.10636263507,387
173.2,34.013634753113,-118.10691477334,394
173.2,34.011848174632,-118.10745034073,401
173.2,34.010061360476,-118.10824655483,408
173.3,34.062631393409,-118.09053826896,148
173.3,34.058171587823,-118.09058296523,164
173.3,34.055278099614,-118.09057653102,175
173.3,34.053143036802,-118.09054780905,182
173.3,34.051769122253,-118.09052981582,187
173.3,34.049840126531,-118.09053102983,194
173.3,34.047501700862,-118.09053180077,203
173.3,34.04424592681,-118.0899506091,215
173.3,34.04269337265,-118.08620571407,228
173.3,34.041864932707,-118.08420453214,234
173.3,34.038479633213,-118.08008180407,252
173.3,34.037906810746,-118.08197256603,258
173.3,34.036833079898,-118.08096480883,263
173.3,34.037153704905,-118.0861967066,279
173.3,34.034174550587,-118.09060649847,296
173.3,34.032302757115,-118.09484230758,311
173.3,34.031709695402,-118.0976932431,319
173.3,34.029676102482,-118.10124869147,333
173.3,34.026152900773,-118.10178897091,345
173.3,34.022443834015,-118.10438164395,361
173.3,34.018966798094,-118.10553559706,374
173.3,34.017177564271,-118.10597222767,381
173.3,34.015382874076,-118.10636263507,387
173.3,34.013634753113,-118.10691477334,394
173.3,34.011848174632,-118.10745034073,401
173.3,34.010061360476,-118.10824655483,408
173.3,34.008164948807,-118.10868624144,415
173.3,34.006419580757,-118.10922178981,421
173.3,34.003370068406,-118.11450337793,441
173.3,34.001742454392,-118.11543485111,447
173.3,33.999245985032,-118.1169127464,457
173.3,33.997175659577,-118.11814042373,466
173.3,33.995143814569,-118.11934500201,474
173.3,33.993045976599,-118.12058241631,483
173.3,33.99100861874,-118.1217802702,491
173.3,33.988919020081,-118.1229977818,499
173.3,33.986892640365,-118.12418563807,508
173.3,33.981278090035,-118.12749228898,530
173.3,33.979233041878,-118.12282193296,546
173.3,33.976103999124,-118.1247666279,559
176.1,34.053869055122,-118.25908580527,0
176.1,34.055595259531,-118.25754608478,7
176.1,34.053683589596,-118.25585651263,16
176.1,34.052998868589,-118.25479469472,20
176.1,34.050132689514,-118.25745994461,33
176.1,34.048059480035,-118.25419205277,46
176.1,34.049455327224,-118.2529154353,52
176.1,34.050887068715,-118.25154974984,59
176.1,34.049498279643,-118.24943942017,67
176.1,34.048142651013,-118.24722032146,75
176.1,34.047237925627,-118.24620751391,80
176.1,34.046427582839,-118.24471965213,85
176.1,34.045812684393,-118.24305083039,91
176.1,34.044418607008,-118.240762502,99
176.1,34.043275178792,-118.23815147263,108
176.1,34.043123141301,-118.23440118388,120
176.1,34.04215097513,-118.22543984301,147
176.1,34.042903345735,-118.22277142576,155
176.1,34.043043692948,-118.21965902682,165
176.1,34.042793433973,-118.21673045802,174
176.1,34.041715182782,-118.21426191347,182
176.1,34.040592938787,-118.211780118,191
176.1,34.03889857972,-118.20800305997,204
176.1,34.0372534243,-118.20430879266,216
176.1,34.035690306105,-118.20078650051,229
176.1,34.034743034558,-118.19867844714,236
176.1,34.034042220036,-118.19706940635,241
176.1,34.033141554434,-118.19498794957,248
176.1,34.033208890468,-118.1924103882,256
176.1,34.033293649387,-118.18743997186,271
176.1,34.033308928325,-118.18465765169,280
176.1,34.033334886025,-118.18020858128,293
176.1,34.033346888231,-118.17389797467,312
176.1,34.033284911703,-118.16916817604,327
176.1,34.033298935674,-118.16698984958,333
176.1,34.033341213201,-118.16218104852,348
176.1,34.033389845039,-118.1586693674,358
176.1,34.033401857947,-118.15577481566,367
176.1,34.032135062842,-118.15365684291,375
176.1,34.030687249259,-118.15123826709,384
176.1,34.029658976372,-118.14949380128,391
176.1,34.028232989993,-118.14713481361,399
176.1,34.026398349478,-118.14408874453,411
176.1,34.024810510101,-118.14140954741,421
176.1,34.023830834941,-118.13790311928,432
176.1,34.022461256147,-118.1340430357,445
176.1,34.020885180433,-118.13044676116,457
176.1,34.021062972814,-118.12864850927,463
176.1,34.021362707517,-118.1258340146,471
176.1,34.020752949722,-118.12290926176,480
176.1,34.020197782483,-118.12028163157,489
176.1,34.019421022897,-118.11658122875,500
176.1,34.018966910669,-118.11445871553,507
176.1,34.018425243745,-118.11189061483,515
176.1,34.017743977852,-118.1086623808,525
176.1,34.017177564271,-118.10597222767,533
176.1,34.016742469271,-118.10388615143,540
176.1,34.016301853667,-118.10178689076,546
176.1,34.01586395759,-118.09967775593,553
176.2,34.053869055122,-118.25908580527,0
176.2,34.055595259531,-118.25754608478,7
176.2,34.053683589596,-118.25585651263,16
176.2,34.052998868589,-118.25479469472,20
176.2,34.050132689514,-118.25745994461,33
176.2,34.048059480035,-118.25419205277,46
176.2,34.049455327224,-118.2529154353,52
176.2,34.050887068715,-118.25154974984,59
176.2,34.049498279643,-118.24943942017,67
176.2,34.048142651013,-118.24722032146,75
176.2,34.047237925627,-118.24620751391,80
176.2,34.046427582839,-118.24471965213,85
176.2,34.045812684393,-118.24305083039,91
176.2,34.044418607008,-118.240762502,99
176.2,34.043275178792,-118.23815147263,108
176.2,34.043123141301,-118.23440118388,120
176.2,34.04215097513,-118.22543984301,147
176.2,34.042903345735,-118.22277142576,155
176.2,34.043043692948,-118.21965902682,165
176.2,34.042793433973,-118.21673045802,174
176.2,34.041715182782,-118.21426191347,182
176.2,34.040592938787,-118.211780118,191
176.2,34.03889857972,-118.20800305997,204
176.2,34.0372534243,-118.20430879266,216
176.2,34.035690306105,-118.20078650051,229
176.2,34.034743034558,-118.19867844714,236
176.2,34.034042220036,-118.19706940635,241
176.2,34.033141554434,-118.19498794957,248
176.2,34.033208890468,-118.1924103882,256
176.2,34.033293649387,-118.18743997186,271
176.2,34.033308928325,-118.18465765169,280
176.2,34.033334886025,-118.18020858128,293
176.2,34.033346888231,-118.17389797467,312
176.2,34.033284911703,-118.16916817604,327
176.2,34.033298935674,-118.16698984958,333
176.2,34.033341213201,-118.16218104852,348
176.2,34.033389845039,-118.1586693674,358
176.2,34.033401857947,-118.15577481566,367
176.2,34.032135062842,-118.15365684291,375
176.2,34.030687249259,-118.15123826709,384
176.2,34.029658976372,-118.14949380128,391
176.2,34.028232989993,-118.14713481361,399
176.2,34.026398349478,-118.14408874453,411
176.2,34.024810510101,-118.14140954741,421
176.2,34.023830834941,-118.13790311928,432
176.2,34.022461256147,-118.1340430357,445
176.2,34.020885180433,-118.13044676116,457
176.2,34.021062972814,-118.12864850927,463
176.2,34.021362707517,-118.1258340146,471
176.2,34.020752949722,-118.12290926176,480
176.2,34.020197782483,-118.12028163157,489
176.2,34.019421022897,-118.11658122875,500
176.2,34.018966910669,-118.11445871553,507
176.2,34.018425243745,-118.11189061483,515
176.2,34.017743977852,-118.1086623808,525
176.2,34.017177564271,-118.10597222767,533
176.2,34.016742469271,-118.10388615143,540
176.2,34.016301853667,-118.10178689076,546
176.2,34.01586395759,-118.09967775593,553
176.2,34.015423274156,-118.0975719398,560
176.2,34.014853826731,-118.09493143026,568
176.2,34.012885859898,-118.08835943703,589
176.2,34.012104514161,-118.08587723896,597
176.2,34.011229881773,-118.08311782258,606
176.2,34.010544386539,-118.08095917939,613
176.2,34.009115759569,-118.07635158335,628
176.2,34.00813120041,-118.07325571535,638
176.2,34.006142731754,-118.06684311849,659
176.2,34.003767961414,-118.06290177528,673
176.2,34.001878847134,-118.06014544466,684
176.2,34.0007283246,-118.05846530011,691
176.2,33.997968445528,-118.05482771978,706
176.3,34.053683589596,-118.25585651263,16
176.3,34.052998868589,-118.25479469472,20
176.3,34.050132689514,-118.25745994461,33
176.3,34.048059480035,-118.25419205277,46
176.3,34.049455327224,-118.2529154353,52
176.3,34.050887068715,-118.25154974984,59
176.3,34.049498279643,-118.24943942017,67
176.3,34.048142651013,-118.24722032146,75
176.3,34.047237925627,-118.24620751391,80
176.3,34.046427582839,-118.24471965213,85
176.3,34.045812684393,-118.24305083039,91
176.3,34.044418607008,-118.240762502,99
176.3,34.043275178792,-118.23815147263,108
176.3,34.043123141301,-118.23440118388,120
176.3,34.04215097513,-118.22543984301,147
176.3,34.042903345735,-118.22277142576,155
176.3,34.043043692948,-118.21965902682,165
176.3,34.042793433973,-118.21673045802,174
176.3,34.041715182782,-118.21426191347,182
176.3,34.040592938787,-118.211780118,191
176.3,34.03889857972,-118.20800305997,204
176.3,34.0372534243,-118.20430879266,216
176.3,34.035690306105,-118.20078650051,229
176.3,34.034743034558,-118.19867844714,236
176.3,34.034042220036,-118.19706940635,241
176.3,34.033141554434,-118.19498794957,248
176.3,34.033208890468,-118.1924103882,256
176.3,34.033293649387,-118.18743997186,271
176.3,34.033308928325,-118.18465765169,280
176.3,34.033334886025,-118.18020858128,293
176.3,34.033346888231,-118.17389797467,312
176.3,34.033284911703,-118.16916817604,327
176.3,34.033298935674,-118.16698984958,333
176.3,34.033341213201,-118.16218104852,348
176.3,34.033389845039,-118.1586693674,358
176.3,34.033401857947,-118.15577481566,367
176.3,34.032135062842,-118.15365684291,375
176.3,34.030687249259,-118.15123826709,384
176.3,34.029658976372,-118.14949380128,391
176.3,34.028232989993,-118.14713481361,399
176.3,34.026398349478,-118.14408874453,411
176.3,34.024810510101,-118.14140954741,421
176.3,34.023830834941,-118.13790311928,432
176.3,34.022461256147,-118.1340430357,445
176.3,34.020885180433,-118.13044676116,457
176.3,34.021062972814,-118.12864850927,463
176.3,34.021362707517,-118.1258340146,471
176.3,34.020752949722,-118.12290926176,480
176.3,34.020197782483,-118.12028163157,489
176.3,34.019421022897,-118.11658122875,500
176.3,34.018966910669,-118.11445871553,507
176.3,34.018425243745,-118.11189061483,515
176.3,34.017743977852,-118.1086623808,525
176.3,34.017177564271,-118.10597222767,533
176.3,34.016742469271,-118.10388615143,540
176.3,34.016301853667,-118.10178689076,546
176.3,34.01586395759,-118.09967775593,553
176.4,34.053683589596,-118.25585651263,16
176.4,34.052998868589,-118.25479469472,20
176.4,34.050132689514,-118.25745994461,33
176.4,34.048059480035,-118.25419205277,46
176.4,34.049455327224,-118.2529154353,52
176.4,34.050887068715,-118.25154974984,59
176.4,34.049498279643,-118.24943942017,67
176.4,34.048142651013,-118.24722032146,75
176.4,34.047237925627,-118.24620751391,80
176.4,34.046427582839,-118.24471965213,85
176.4,34.045812684393,-118.24305083039,91
176.4,34.044418607008,-118.240762502,99
176.4,34.043275178792,-118.23815147263,108
176.4,34.043123141301,-118.23440118388,120
176.4,34.04215097513,-118.22543984301,147
176.4,34.042903345735,-118.22277142576,155
176.4,34.043043692948,-118.21965902682,165
176.4,34.042793433973,-118.21673045802,174
176.4,34.041715182782,-118.21426191347,182
176.4,34.040592938787,-118.211780118,191
176.4,34.03889857972,-118.20800305997,204
176.4,34.0372534243,-118.20430879266,216
176.4,34.035690306105,-118.20078650051,229
176.4,34.034743034558,-118.19867844714,236
176.4,34.034042220036,-118.19706940635,241
176.4,34.033141554434,-118.19498794957,248
176.4,34.033208890468,-118.1924103882,256
176.4,34.033293649387,-118.18743997186,271
176.4,34.033308928325,-118.18465765169,280
176.4,34.033334886025,-118.18020858128,293
176.4,34.033346888231,-118.17389797467,312
176.4,34.033284911703,-118.16916817604,327
176.4,34.033298935674,-118.16698984958,333
176.4,34.033341213201,-118.16218104852,348
176.4,34.033389845039,-118.1586693674,358
176.4,34.033401857947,-118.15577481566,367
176.4,34.032135062842,-118.15365684291,375
176.4,34.030687249259,-118.15123826709,384
176.4,34.029658976372,-118.14949380128,391
176.4,34.028232989993,-118.14713481361,399
176.4,34.026398349478,-118.14408874453,411
176.4,34.024810510101,-118.14140954741,421
176.4,34.023830834941,-118.13790311928,432
176.4,34.022461256147,-118.1340430357,445
176.4,34.020885180433,-118.13044676116,457
176.4,34.021062972814,-118.12864850927,463
176.4,34.021362707517,-118.1258340146,471
176.4,34.020752949722,-118.12290926176,480
176.4,34.020197782483,-118.12028163157,489
176.4,34.019421022897,-118.11658122875,500
176.4,34.018966910669,-118.11445871553,507
176.4,34.018425243745,-118.11189061483,515
176.4,34.017743977852,-118.1086623808,525
176.4,34.017177564271,-118.10597222767,533
176.4,34.016742469271,-118.10388615143,540
176.4,34.016301853667,-118.10178689076,546
176.4,34.01586395759,-118.09967775593,553
176.4,34.015423274156,-118.0975719398,560
176.4,34.014853826731,-118.09493143026,568
176.4,34.012885859898,-118.08835943703,589
176.4,34.012104514161,-118.08587723896,597
176.4,34.011229881773,-118.08311782258,606
176.4,34.010544386539,-118.08095917939,613
176.4,34.009115759569,-118.07635158335,628
176.4,34.00813120041,-118.07325571535,638
176.4,34.006142731754,-118.06684311849,659
176.4,34.003767961414,-118.06290177528,673
176.4,34.001878847134,-118.06014544466,684
176.4,34.0007283246,-118.05846530011,691
176.4,33.997968445528,-118.05482771978,706
176.5,34.017177564271,-118.10597222767,533
176.5,34.016742469271,-118.10388615143,540
176.5,34.016301853667,-118.10178689076,546
176.5,34.01586395759,-118.09967775593,553
176.5,34.015423274156,-118.0975719398,560
176.5,34.014853826731,-118.09493143026,568
176.5,34.012885859898,-118.08835943703,589
176.5,34.012104514161,-118.08587723896,597
176.5,34.011229881773,-118.08311782258,606
176.5,34.010544386539,-118.08095917939,613
176.5,34.009115759569,-118.07635158335,628
176.5,34.00813120041,-118.07325571535,638
176.5,34.006142731754,-118.06684311849,659
176.5,34.003767961414,-118.06290177528,673
176.5,34.001878847134,-118.06014544466,684
176.5,34.0007283246,-118.05846530011,691
176.5,33.997968445528,-118.05482771978,706
177.1,34.01586395759,-118.09967775593,152
177.1,34.016301853667,-118.10178689076,159
177.1,34.016742469271,-118.10388615143,165
177.1,34.017177564271,-118.10597222767,172
177.2,34.01586395759,-118.09967775593,152
177.2,34.016301853667,-118.10178689076,159
177.2,34.016742469271,-118.10388615143,165
177.2,34.017177564271,-118.10597222767,172
177.2,34.018066829886,-118.11020056932,185
177.2,34.018425243745,-118.11189061483,190
177.2,34.018966910669,-118.11445871553,198
177.2,34.019421022897,-118.11658122875,205
177.2,34.020197782483,-118.12028163157,217
177.2,34.020752949722,-118.12290926176,225
177.2,34.021362707517,-118.1258340146,234
177.2,34.021062972814,-118.12864850927,243
177.2,34.020885180433,-118.13044676116,248
177.2,34.022461256147,-118.1340430357,260
177.2,34.023160684169,-118.13518600298,265
177.2,34.023830834941,-118.13790311928,273
177.2,34.024810510101,-118.14140954741,284
177.2,34.026398349478,-118.14408874453,294
177.2,34.028232989993,-118.14713481361,306
177.2,34.029658976372,-118.14949380128,315
177.2,34.030687249259,-118.15123826709,321
177.2,34.032135062842,-118.15365684291,330
177.2,34.033401857947,-118.15577481566,338
177.2,34.033389845039,-118.1586693674,347
177.2,34.033341213201,-118.16218104852,357
177.2,34.033298935674,-118.16698984958,372
177.2,34.033284911703,-118.16916817604,379
177.2,34.033346888231,-118.17389797467,393
177.2,34.0333525179,-118.17570338179,398
177.2,34.033339357482,-118.17905010142,409
177.2,34.033308928325,-118.18465765169,426
177.2,34.033293649387,-118.18743997186,434
177.2,34.033287904039,-118.1893608723,440
177.2,34.033208890468,-118.1924103882,449
177.2,34.033141554434,-118.19498794957,457
177.2,34.034042220036,-118.19706940635,464
177.2,34.034743034558,-118.19867844714,469
177.2,34.035901109995,-118.2012556975,478
177.2,34.037313642279,-118.204447569,489
177.2,34.03889857972,-118.20800305997,502
177.2,34.040592938787,-118.211780118,515
177.2,34.041715182782,-118.21426191347,523
177.2,34.042793433973,-118.21673045802,532
177.2,34.043043692948,-118.21965902682,540
177.2,34.042903345735,-118.22277142576,550
177.2,34.04215097513,-118.22543984301,558
177.2,34.043123141301,-118.23440118388,586
177.2,34.044509017955,-118.23672895912,594
177.2,34.045514771061,-118.23810833165,600
177.2,34.04608616539,-118.23957892346,605
177.2,34.047314063712,-118.24253031748,615
177.2,34.048507648851,-118.24475214511,623
177.2,34.050258972225,-118.24699218867,632
177.2,34.051642185832,-118.24916190297,641
177.2,34.048748721647,-118.25179420857,654
177.2,34.050205985166,-118.25399059781,662
177.2,34.051578193671,-118.25610757288,670
177.2,34.052372416051,-118.25735789401,675
177.2,34.053062340379,-118.25982610494,683
177.3,33.997968445528,-118.05482771978,0
177.3,34.0007283246,-118.05846530011,14
177.3,34.002771237483,-118.06145591981,26
177.3,34.006142731754,-118.06684311849,47
177.3,34.00813120041,-118.07325571535,67
177.3,34.009115759569,-118.07635158335,77
177.3,34.010544386539,-118.08095917939,92
177.3,34.011229881773,-118.08311782258,99
177.3,34.012104514161,-118.08587723896,108
177.3,34.012885859898,-118.08835943703,116
177.3,34.015423274156,-118.0975719398,146
177.3,34.01586395759,-118.09967775593,152
177.3,34.016301853667,-118.10178689076,159
177.3,34.016742469271,-118.10388615143,165
177.3,34.017177564271,-118.10597222767,172
177.4,33.997968445528,-118.05482771978,0
177.4,34.0007283246,-118.05846530011,14
177.4,34.002771237483,-118.06145591981,26
177.4,34.006142731754,-118.06684311849,47
177.4,34.00813120041,-118.07325571535,67
177.4,34.009115759569,-118.07635158335,77
177.4,34.010544386539,-118.08095917939,92
177.4,34.011229881773,-118.08311782258,99
177.4,34.012104514161,-118.08587723896,108
177.4,34.012885859898,-118.08835943703,116
177.4,34.015423274156,-118.0975719398,146
177.4,34.01586395759,-118.09967775593,152
177.4,34.016301853667,-118.10178689076,159
177.4,34.016742469271,-118.10388615143,165
177.4,34.017177564271,-118.10597222767,172
177.4,34.018066829886,-118.11020056932,185
177.4,34.018425243745,-118.11189061483,190
177.4,34.018966910669,-118.11445871553,198
177.4,34.019421022897,-118.11658122875,205
177.4,34.020197782483,-118.12028163157,217
177.4,34.020752949722,-118.12290926176,225
177.4,34.021362707517,-118.1258340146,234
177.4,34.021062972814,-118.12864850927,243
177.4,34.020885180433,-118.13044676116,248
177.4,34.022461256147,-118.1340430357,260
177.4,34.023160684169,-118.13518600298,265
177.4,34.023830834941,-118.13790311928,273
177.4,34.024810510101,-118.14140954741,284
177.4,34.026398349478,-118.14408874453,294
177.4,34.028232989993,-118.14713481361,306
177.4,34.029658976372,-118.14949380128,315
177.4,34.030687249259,-118.15123826709,321
177.4,34.032135062842,-118.15365684291,330
177.4,34.033401857947,-118.15577481566,338
177.4,34.033389845039,-118.1586693674,347
177.4,34.033341213201,-118.16218104852,357
177.4,34.033298935674,-118.16698984958,372
177.4,34.033284911703,-118.16916817604,379
177.4,34.033346888231,-118.17389797467,393
177.4,34.0333525179,-118.17570338179,398
177.4,34.033339357482,-118.17905010142,409
177.4,34.033308928325,-118.18465765169,426
177.4,34.033293649387,-118.18743997186,434
177.4,34.033287904039,-118.1893608723,440
177.4,34.033208890468,-118.1924103882,449
177.4,34.033141554434,-118.19498794957,457
177.4,34.034042220036,-118.19706940635,464
177.4,34.034743034558,-118.19867844714,469
177.4,34.035901109995,-118.2012556975,478
177.4,34.037313642279,-118.204447569,489
177.4,34.03889857972,-118.20800305997,502
177.4,34.040592938787,-118.211780118,515
177.4,34.041715182782,-118.21426191347,523
177.4,34.042793433973,-118.21673045802,532
177.4,34.043043692948,-118.21965902682,540
177.4,34.042903345735,-118.22277142576,550
177.4,34.04215097513,-118.22543984301,558
177.4,34.043123141301,-118.23440118388,586
177.4,34.044509017955,-118.23672895912,594
177.4,34.045514771061,-118.23810833165,600
177.4,34.04608616539,-118.23957892346,605
177.4,34.047314063712,-118.24253031748,615
177.4,34.048507648851,-118.24475214511,623
177.4,34.050258972225,-118.24699218867,632
177.4,34.051642185832,-118.24916190297,641
177.4,34.048748721647,-118.25179420857,654
177.4,34.050205985166,-118.25399059781,662
177.4,34.051578193671,-118.25610757288,670
177.4,34.052372416051,-118.25735789401,675
177.4,34.053062340379,-118.25982610494,683
178.1,34.054673010449,-118.25834878421,0
178.1,34.055595259531,-118.25754608478,4
178.1,34.053683589596,-118.25585651263,12
178.1,34.052998868589,-118.25479469472,16
178.1,34.050132689514,-118.25745994461,30
178.1,34.048059480035,-118.25419205277,42
178.1,34.049455327224,-118.2529154353,48
178.1,34.053199751414,-118.24939103185,66
178.1,34.054986596366,-118.24769943933,74
178.1,34.052945989513,-118.24448451689,86
178.1,34.050258972225,-118.24699218867,99
178.1,34.048830125211,-118.24831173413,105
178.1,34.033141554434,-118.19498794957,276
178.1,34.033208890468,-118.1924103882,284
178.1,34.033401857947,-118.15577481566,395
178.1,34.032135062842,-118.15365684291,403
178.1,34.022461256147,-118.1340430357,472
178.1,34.020752949722,-118.12290926176,507
178.1,34.017177564271,-118.10597222767,560
178.1,34.018966798094,-118.10553559706,566
178.1,34.021363571945,-118.10479280473,575
178.2,34.054673010449,-118.25834878421,0
178.2,34.055595259531,-118.25754608478,4
178.2,34.053683589596,-118.25585651263,12
178.2,34.052998868589,-118.25479469472,16
178.2,34.050132689514,-118.25745994461,30
178.2,34.048059480035,-118.25419205277,42
178.2,34.049455327224,-118.2529154353,48
178.2,34.053199751414,-118.24939103185,66
178.2,34.054986596366,-118.24769943933,74
178.2,34.052945989513,-118.24448451689,86
178.2,34.050258972225,-118.24699218867,99
178.2,34.048830125211,-118.24831173413,105
178.2,34.033141554434,-118.19498794957,276
178.2,34.033208890468,-118.1924103882,284
178.2,34.033401857947,-118.15577481566,395
178.2,34.032135062842,-118.15365684291,403
178.2,34.022461256147,-118.1340430357,472
178.2,34.020752949722,-118.12290926176,507
178.2,34.017177564271,-118.10597222767,560
178.2,34.018966798094,-118.10553559706,566
178.2,34.021363571945,-118.10479280473,575
178.2,34.018966798094,-118.10553559706,584
178.2,34.017177564271,-118.10597222767,591
178.2,34.015423274156,-118.0975719398,617
178.2,34.012104514161,-118.08587723896,655
178.2,34.010544386539,-118.08095917939,670
178.2,34.009115759569,-118.07635158335,685
178.2,33.998690847216,-118.0554451375,759
179.1,34.021363571945,-118.10479280473,184
179.1,34.017177564271,-118.10597222767,199
179.1,34.020752949722,-118.12290926176,252
179.1,34.022461256147,-118.1340430357,286
179.1,34.032135062842,-118.15365684291,356
179.1,34.033401857947,-118.15577481566,363
179.1,34.033141554434,-118.19498794957,482
179.1,34.047314063712,-118.24253031748,635
179.1,34.050386698958,-118.24089521834,647
179.1,34.052945989513,-118.24448451689,662
179.1,34.049529420428,-118.2476601752,677
179.1,34.050258972225,-118.24699218867,681
179.1,34.051642185832,-118.24916190297,689
179.1,34.048748721647,-118.25179420857,702
179.1,34.051578193671,-118.25610757288,719
179.1,34.053062340379,-118.25982610494,731
179.1,34.054673010449,-118.25834878421,739
179.2,33.998690847216,-118.0554451375,0
179.2,33.998690847216,-118.0554451375,1
179.2,34.009115759569,-118.07635158335,73
179.2,34.010544386539,-118.08095917939,88
179.2,34.012104514161,-118.08587723896,104
179.2,34.015423274156,-118.0975719398,142
179.2,34.017177564271,-118.10597222767,168
179.2,34.021363571945,-118.10479280473,184
179.2,34.017177564271,-118.10597222767,199
179.2,34.020752949722,-118.12290926176,252
179.2,34.022461256147,-118.1340430357,286
179.2,34.032135062842,-118.15365684291,356
179.2,34.033401857947,-118.15577481566,363
179.2,34.033141554434,-118.19498794957,482
179.2,34.047314063712,-118.24253031748,635
179.2,34.050386698958,-118.24089521834,647
179.2,34.052945989513,-118.24448451689,662
179.2,34.049529420428,-118.2476601752,677
179.2,34.050258972225,-118.24699218867,681
179.2,34.051642185832,-118.24916190297,689
179.2,34.048748721647,-118.25179420857,702
179.2,34.051578193671,-118.25610757288,719
179.2,34.053062340379,-118.25982610494,731
179.2,34.054673010449,-118.25834878421,739
188.1,33.959863480716,-118.10850814711,0
188.1,33.96092461067,-118.1079917856,4
188.1,33.959470121818,-118.10588602516,12
188.1,33.958463914102,-118.10645193793,16
188.1,33.955829291431,-118.10263999771,31
188.1,33.960079285808,-118.10046216191,48
188.1,33.962307916964,-118.10030324597,56
188.1,33.964380681771,-118.09922404377,64
188.1,33.968570021342,-118.09722383315,81
188.1,33.969420115174,-118.0959616795,86
188.1,33.973246476289,-118.09423122786,100
188.1,33.975437419412,-118.09305621657,109
188.1,33.979407491632,-118.09017781785,126
188.1,33.983165742718,-118.08753312304,142
188.1,33.986197965323,-118.08565274802,154
188.1,33.989012983312,-118.08391056863,166
188.1,33.991390880405,-118.08244494922,176
188.1,33.992883592006,-118.08151611779,182
188.1,33.994181118037,-118.08070912806,187
188.1,33.99612190474,-118.07949364276,195
188.1,33.997570609224,-118.07859435707,201
188.2,33.959863480716,-118.10850814711,0
188.2,33.96092461067,-118.1079917856,4
188.2,33.959470121818,-118.10588602516,12
188.2,33.958463914102,-118.10645193793,16
188.2,33.955829291431,-118.10263999771,31
188.2,33.960079285808,-118.10046216191,48
188.2,33.962307916964,-118.10030324597,56
188.2,33.964380681771,-118.09922404377,64
188.2,33.968570021342,-118.09722383315,81
188.2,33.969420115174,-118.0959616795,86
188.2,33.973246476289,-118.09423122786,100
188.2,33.975437419412,-118.09305621657,109
188.2,33.979407491632,-118.09017781785,126
188.2,33.983165742718,-118.08753312304,142
188.2,33.986197965323,-118.08565274802,154
188.2,33.989012983312,-118.08391056863,166
188.2,33.991390880405,-118.08244494922,176
188.2,33.992883592006,-118.08151611779,182
188.2,33.994181118037,-118.08070912806,187
188.2,33.99612190474,-118.07949364276,195
188.2,33.997570609224,-118.07859435707,201
188.2,33.998484962748,-118.07963115216,205
188.2,33.999416617288,-118.07942748804,209
188.2,34.000171113679,-118.08117349547,215
188.2,34.001342587126,-118.08388993403,224
188.2,34.005808768265,-118.08254493453,241
188.2,34.007914126877,-118.08180131607,249
188.2,34.005496095847,-118.07752288182,265
188.2,34.009115759569,-118.07635158335,278
188.2,34.011267733884,-118.07570351218,286
188.2,34.012806827998,-118.07522644389,292
188.2,34.014381650574,-118.07473619081,298
188.2,34.016038923007,-118.07421959359,304
188.2,34.017897442393,-118.07262077723,313
188.2,34.01870067527,-118.07117609246,318
188.2,34.017379426084,-118.07037969157,323
188.2,34.01685479991,-118.07001296316,325
188.2,34.01697041004,-118.06966657143,327
188.2,34.016357875163,-118.06925687825,329
188.2,34.014489972706,-118.06814000302,337
188.2,34.012855548373,-118.06716525287,343
188.2,34.011893203672,-118.06823028047,348
189.1,33.997570609224,-118.07859435707,108
189.1,33.99612190474,-118.07949364276,114
189.1,33.991390880405,-118.08244494922,134
189.1,33.989012983312,-118.08391056863,143
189.1,33.986197965323,-118.08565274802,155
189.1,33.982585686541,-118.08789205703,170
189.1,33.981145172327,-118.08877123882,176
189.1,33.979407491632,-118.09017781785,183
189.1,33.976405174092,-118.09238773869,196
189.1,33.973246476289,-118.09423122786,209
189.1,33.969420115174,-118.0959616795,224
189.1,33.968570021342,-118.09722383315,229
189.1,33.966005351426,-118.09837511486,239
189.1,33.964380681771,-118.09922404377,245
189.1,33.962307916964,-118.10030324597,253
189.1,33.959587211106,-118.10071548921,263
189.1,33.955829291431,-118.10263999771,278
189.1,33.958463914102,-118.10645193793,293
189.1,33.959863480716,-118.10850814711,301
189.2,34.011893203672,-118.06823028047,0
189.2,34.007412634377,-118.07096192486,18
189.2,34.005216753745,-118.07155396025,26
189.2,34.005496095847,-118.07752288182,44
189.2,34.005800057602,-118.0791398937,49
189.2,34.007914126877,-118.08180131607,60
189.2,34.001342587126,-118.08388993403,85
189.2,34.000171113679,-118.08117349547,94
189.2,33.999416617288,-118.07942748804,100
189.2,33.998484962748,-118.07963115216,104
189.2,33.997570609224,-118.07859435707,108
189.3,34.011893203672,-118.06823028047,0
189.3,34.007412634377,-118.07096192486,18
189.3,34.005216753745,-118.07155396025,26
189.3,34.005496095847,-118.07752288182,44
189.3,34.005800057602,-118.0791398937,49
189.3,34.007914126877,-118.08180131607,60
189.3,34.001342587126,-118.08388993403,85
189.3,34.000171113679,-118.08117349547,94
189.3,33.999416617288,-118.07942748804,100
189.3,33.998484962748,-118.07963115216,104
189.3,33.997570609224,-118.07859435707,108
189.3,33.99612190474,-118.07949364276,114
189.3,33.991390880405,-118.08244494922,134
189.3,33.989012983312,-118.08391056863,143
189.3,33.986197965323,-118.08565274802,155
189.3,33.982585686541,-118.08789205703,170
189.3,33.981145172327,-118.08877123882,176
189.3,33.979407491632,-118.09017781785,183
189.3,33.976405174092,-118.09238773869,196
189.3,33.973246476289,-118.09423122786,209
189.3,33.969420115174,-118.0959616795,224
189.3,33.968570021342,-118.09722383315,229
189.3,33.966005351426,-118.09837511486,239
189.3,33.964380681771,-118.09922404377,245
189.3,33.962307916964,-118.10030324597,253
189.3,33.959587211106,-118.10071548921,263
189.3,33.955829291431,-118.10263999771,278
189.3,33.958463914102,-118.10645193793,293
189.3,33.959863480716,-118.10850814711,301
190.1,34.003370068406,-118.11450337793,0
190.1,34.001988254482,-118.11118569082,11
190.1,33.999719794243,-118.11278609474,20
190.1,33.997979426476,-118.11382957837,27
190.1,33.993885590623,-118.11623226891,44
190.1,33.995143814569,-118.11934500201,54
190.1,33.996930962905,-118.12376174762,69
190.1,34.001068928255,-118.12134620457,86
190.1,34.005198576792,-118.1189568064,103
190.1,34.006462267094,-118.12203041545,113
190.1,34.005040783907,-118.12286309692,119
190.1,34.005274138963,-118.12573724343,128
190.1,34.006687001769,-118.12528733597,133
190.1,34.005274138963,-118.12573724343,138
190.1,34.005749002267,-118.13138001526,156
190.1,34.008359437789,-118.13140061002,165
190.1,34.011465084814,-118.13087093785,176
190.1,34.01466172226,-118.13005098559,188
190.1,34.013991891974,-118.12686236284,198
190.1,34.013620044367,-118.12507992907,204
190.1,34.017226363984,-118.12397655125,217
190.1,34.020752949722,-118.12290926176,231
190.1,34.022495628784,-118.1223772032,237
190.1,34.024268542004,-118.12183526597,244
190.1,34.027269672286,-118.12406733586,257
190.1,34.032786312346,-118.12508547219,277
190.1,34.032830731232,-118.12195664847,286
190.1,34.032875891224,-118.11798949088,298
190.1,34.03504999644,-118.09208611666,377
190.1,34.036528079564,-118.08876727755,389
190.1,34.037407484362,-118.08481727699,401
190.1,34.037906810746,-118.08197256603,410
190.1,34.036833079898,-118.08096480883,415
190.1,34.034780708389,-118.08055354967,423
190.1,34.034344231814,-118.08395272209,433
191.1,34.034344231814,-118.08395272209,0
191.1,34.034584423542,-118.08625017011,7
191.1,34.034174550587,-118.09060649847,20
191.1,34.036535730603,-118.09320007472,31
191.1,34.033560096291,-118.11800035719,107
191.1,34.03492844518,-118.11808480166,112
191.1,34.033605175107,-118.12508339562,134
191.1,34.032786312346,-118.12508547219,137
191.1,34.032830731232,-118.12195664847,147
191.1,34.029525051528,-118.12465814825,161
191.1,34.027269672286,-118.12406733586,170
191.1,34.024268542004,-118.12183526597,182
191.1,34.022863960878,-118.1222589373,188
191.1,34.020752949722,-118.12290926176,196
191.1,34.017226363984,-118.12397655125,209
191.1,34.013620044367,-118.12507992907,222
191.1,34.013991891974,-118.12686236284,228
191.1,34.01466172226,-118.13005098559,238
191.1,34.011465084814,-118.13087093785,250
191.1,34.008359437789,-118.13140061002,261
191.1,34.005749002267,-118.13138001526,271
191.1,34.005274138963,-118.12573724343,288
191.1,34.006687001769,-118.12528733597,293
191.1,34.005274138963,-118.12573724343,299
191.1,34.005040783907,-118.12286309692,307
191.1,34.006462267094,-118.12203041545,313
191.1,34.003370068406,-118.11450337793,338
228.1,34.040112597963,-118.14433681437,0
228.1,34.038240584816,-118.14721182315,11
228.1,34.037488585113,-118.14646124093,14
228.1,34.03334808698,-118.15269531287,38
228.1,34.029399752608,-118.15459242992,54
228.1,34.027145644545,-118.15526812679,62
228.1,34.024877785219,-118.15595036206,71
228.1,34.022620905152,-118.15663918114,79
228.1,34.0204080042,-118.15731484564,88
228.1,34.019635110922,-118.15362729507,99
228.1,34.018952225696,-118.15038877009,109
228.1,34.018302050694,-118.14729555321,119
228.1,34.017878577842,-118.14527855173,125
228.1,34.017435930336,-118.14318234004,132
228.1,34.016572368284,-118.13911211488,144
228.1,34.015891845337,-118.13587053149,155
228.1,34.015194791787,-118.13258937689,165
228.1,34.01466172226,-118.13005098559,173
228.1,34.013991891974,-118.12686236284,183
228.1,34.013272688545,-118.12350543125,193
228.1,34.012826938456,-118.12138634805,200
228.1,34.011828649598,-118.1166432477,215
228.1,34.011270623349,-118.11398953818,223
228.1,34.010824697081,-118.11188045528,230
228.1,34.010061360476,-118.10824655483,241
228.1,34.00959066418,-118.10606821012,248
228.1,34.009141831804,-118.10398230539,254
228.1,34.008682008209,-118.10185351536,261
228.1,34.005983961744,-118.09468381071,285
228.1,34.003389103922,-118.08861666114,305
228.1,34.00245092677,-118.08642822018,313
228.1,34.001342587126,-118.08388993403,322
228.1,34.000171113679,-118.08117349547,331
228.1,33.999416617288,-118.07942748804,337
228.1,33.998484962748,-118.07963115216,340
228.1,33.997842264237,-118.0791785592,343
228.2,34.010061360476,-118.10824655483,241
228.2,34.00959066418,-118.10606821012,248
228.2,34.009141831804,-118.10398230539,254
228.2,34.008682008209,-118.10185351536,261
228.2,34.005983961744,-118.09468381071,285
228.2,34.003389103922,-118.08861666114,305
228.2,34.00245092677,-118.08642822018,313
228.2,34.001342587126,-118.08388993403,322
228.2,34.000171113679,-118.08117349547,331
228.2,33.999416617288,-118.07942748804,337
228.2,33.998484962748,-118.07963115216,340
228.2,33.997842264237,-118.0791785592,343
229.1,33.997842264237,-118.0791785592,0
229.1,33.998484962748,-118.07963115216,2
229.1,33.999416617288,-118.07942748804,6
229.1,34.000171113679,-118.08117349547,12
229.1,34.001342587126,-118.08388993403,21
229.1,34.00245092677,-118.08642822018,30
229.1,34.003389103922,-118.08861666114,37
229.1,34.005983961744,-118.09468381071,58
229.1,34.009141831804,-118.10398230539,88
229.1,34.00959066418,-118.10606821012,95
229.1,34.010061360476,-118.10824655483,101
229.2,33.997842264237,-118.0791785592,0
229.2,33.998484962748,-118.07963115216,2
229.2,33.999416617288,-118.07942748804,6
229.2,34.000171113679,-118.08117349547,12
229.2,34.001342587126,-118.08388993403,21
229.2,34.00245092677,-118.08642822018,30
229.2,34.003389103922,-118.08861666114,37
229.2,34.005983961744,-118.09468381071,58
229.2,34.009141831804,-118.10398230539,88
229.2,34.00959066418,-118.10606821012,95
229.2,34.010061360476,-118.10824655483,101
229.2,34.010824697081,-118.11188045528,113
229.2,34.011270623349,-118.11398953818,119
229.2,34.011828649598,-118.1166432477,128
229.2,34.01238388598,-118.11928049016,136
229.2,34.013272688545,-118.12350543125,149
229.2,34.013991891974,-118.12686236284,160
229.2,34.01466172226,-118.13005098559,170
229.2,34.015194791787,-118.13258937689,178
229.2,34.015891845337,-118.13587053149,188
229.2,34.016572368284,-118.13911211488,198
229.2,34.017435930336,-118.14318234004,211
229.2,34.017878577842,-118.14527855173,217
229.2,34.018302050694,-118.14729555321,224
229.2,34.018952225696,-118.15038877009,233
229.2,34.019635110922,-118.15362729507,243
229.2,34.0204080042,-118.15731484564,255
229.2,34.022620905152,-118.15663918114,263
229.2,34.024877785219,-118.15595036206,272
229.2,34.027145644545,-118.15526812679,280
229.2,34.029399752608,-118.15459242992,289
229.2,34.03334808698,-118.15269531287,304
229.2,34.037488585113,-118.14646124093,328
229.2,34.039349600689,-118.14357632004,339
229.2,34.040112597963,-118.14433681437,343
518.1,34.053869055122,-118.25908580527,0
518.1,34.055595259531,-118.25754608478,7
518.1,34.053683589596,-118.25585651263,16
518.1,34.052998868589,-118.25479469472,20
518.1,34.050132689514,-118.25745994461,33
518.1,34.047374689219,-118.25315672847,50
518.1,34.045909969575,-118.25451562677,56
518.1,34.044467308433,-118.2558316322,63
518.1,34.043008068652,-118.25718385154,70
518.1,34.041603883797,-118.25848337992,76
518.1,34.040155577498,-118.25984874405,83
518.1,34.038729345722,-118.26116461849,89
518.1,34.037666474823,-118.26217792195,94
518.1,34.036083655609,-118.2634635187,101
518.1,34.034715552515,-118.26456821313,107
518.1,34.031993077399,-118.26676763602,119
518.1,34.031533703528,-118.26573972398,123
518.1,34.031049691636,-118.26466553893,126
518.1,34.029550906815,-118.26143301128,138
518.1,34.028538888182,-118.25925821544,145
518.1,34.027688207662,-118.2574338021,152
518.1,34.025882831446,-118.25355375397,165
518.1,34.024479465346,-118.25054302427,175
518.1,34.023083231419,-118.24803733829,185
518.1,34.021957987597,-118.2460209452,192
518.1,34.020669398033,-118.24323191977,202
518.1,34.019967779793,-118.23956686218,213
518.1,34.018941356527,-118.23330386996,232
518.1,34.018961447372,-118.22999404967,242
518.1,34.017369769159,-118.22598358125,256
518.1,34.017276252748,-118.22008309096,274
518.1,34.020985624837,-118.22021164681,287
518.1,34.024280909473,-118.21988039813,299
518.1,34.023361474171,-118.21775928702,307
518.1,34.02243924791,-118.21564151553,314
518.1,34.020936589316,-118.21230459053,325
518.1,34.020109959066,-118.2104643825,332
518.1,34.017983851964,-118.21004324443,339
518.1,34.013921125712,-118.20767370978,356
518.1,34.010955825223,-118.19126705027,407
518.1,34.008915341005,-118.18523076057,427
518.1,34.006945690316,-118.17940278589,446
518.1,34.005807494705,-118.17606789787,457
518.1,34.004461318221,-118.17206949201,470
518.1,34.003000008521,-118.16777734234,484
518.1,34.001434592576,-118.16314201428,499
518.1,34.000301452509,-118.15980097896,510
518.1,33.999042327583,-118.15606719562,522
518.1,33.99760514672,-118.15180204095,536
518.1,33.995186098761,-118.14358965815,562
518.1,33.998049407574,-118.13885039628,580
518.1,33.999780805605,-118.13621719538,590
518.1,34.00041652124,-118.13288929704,601
518.1,33.998202732103,-118.12687472792,620
518.1,33.996930962905,-118.12376174762,631
518.1,33.995143814569,-118.11934500201,646
518.1,33.993885590623,-118.11623226891,656
518.1,33.991881267617,-118.11162091979,672
518.1,33.987567442081,-118.10517604373,697
518.1,33.984939156777,-118.1003006681,715
518.1,33.983185881299,-118.09712535393,726
518.1,33.981542335933,-118.09407893722,737
518.1,33.979407491632,-118.09017781785,751
518.1,33.976962482984,-118.08562021352,768
518.1,33.973666783055,-118.07908643994,791
518.1,33.972989936024,-118.07618012436,800
518.1,33.972521399929,-118.07401941739,807
518.1,33.971373097701,-118.06887997316,823
518.1,33.97031504388,-118.06413980297,838
518.1,33.969382899339,-118.06001657073,851
518.1,33.968593201984,-118.05653663222,862
518.1,33.967743068996,-118.05278958717,874
518.1,33.967365821396,-118.04811617544,888
518.1,33.968026792479,-118.04422496121,900
518.1,33.968368284609,-118.04210124603,907
518.1,33.971825070936,-118.04209638762,919
518.1,33.973668878379,-118.04208082354,926
518.1,33.97545497448,-118.04208501931,932
518.1,33.979112350488,-118.04209345421,946
518.1,33.979110395839,-118.03975488944,953
518.1,33.979092630508,-118.03501178657,967
518.1,33.97907679492,-118.03268970915,974
518.1,33.977254975195,-118.03268899797,981
518.1,33.975433153917,-118.03269488332,987
518.1,33.973473946147,-118.03268092572,995
518.1,33.971349858338,-118.03270318347,1002
518.1,33.96817060086,-118.03272172981,1014
518.1,33.965909125431,-118.03273073989,1022
518.1,33.963243682959,-118.0328682047,1032
518.1,33.961176724647,-118.03494164129,1042
518.1,33.958202655302,-118.03794449056,1056
518.1,33.955489649096,-118.04067356448,1069
518.1,33.953411564172,-118.04275320567,1078
518.1,33.951066088565,-118.03928985075,1092
518.1,33.949547249315,-118.03703053353,1101
518.1,33.948338735642,-118.03524622181,1108
518.1,33.945657928485,-118.03132816261,1123
518.1,33.942864273147,-118.0276740749,1138
518.1,33.94014191982,-118.0241785008,1153
518.1,33.935315230305,-118.01678596684,1181
518.1,33.935214150296,-118.01181127296,1196
518.1,33.930515354197,-118.01182379652,1213
518.1,33.926833251207,-118.01190238908,1227
518.1,33.922450456716,-118.01193802438,1243
518.1,33.917204855501,-118.01187135789,1262
518.1,33.914355356351,-118.01187425009,1272
518.1,33.908887186162,-118.01179438014,1292
518.1,33.90535897663,-118.01179058814,1305
518.1,33.902652366536,-118.01180338894,1315
518.1,33.898481248255,-118.01094933847,1330
518.1,33.895285673248,-118.00921899423,1343
518.1,33.892040784577,-118.00385442436,1363
518.1,33.890980169687,-118.00201580497,1370
518.1,33.893598861978,-117.99989716213,1381
518.1,33.898866329608,-118.00518271973,1406
518.2,34.053683589596,-118.25585651263,16
518.2,34.052998868589,-118.25479469472,20
518.2,34.050132689514,-118.25745994461,33
518.2,34.047374689219,-118.25315672847,50
518.2,34.045909969575,-118.25451562677,56
518.2,34.044467308433,-118.2558316322,63
518.2,34.043008068652,-118.25718385154,70
518.2,34.041603883797,-118.25848337992,76
518.2,34.040155577498,-118.25984874405,83
518.2,34.038729345722,-118.26116461849,89
518.2,34.037666474823,-118.26217792195,94
518.2,34.036083655609,-118.2634635187,101
518.2,34.034715552515,-118.26456821313,107
518.2,34.031993077399,-118.26676763602,119
518.2,34.031533703528,-118.26573972398,123
518.2,34.031049691636,-118.26466553893,126
518.2,34.029550906815,-118.26143301128,138
518.2,34.028538888182,-118.25925821544,145
518.2,34.027688207662,-118.2574338021,152
518.2,34.025882831446,-118.25355375397,165
518.2,34.024479465346,-118.25054302427,175
518.2,34.023083231419,-118.24803733829,185
518.2,34.021957987597,-118.2460209452,192
518.2,34.020669398033,-118.24323191977,202
518.2,34.019967779793,-118.23956686218,213
518.2,34.018941356527,-118.23330386996,232
518.2,34.018961447372,-118.22999404967,242
518.2,34.017369769159,-118.22598358125,256
518.2,34.017276252748,-118.22008309096,274
518.2,34.020985624837,-118.22021164681,287
518.2,34.024280909473,-118.21988039813,299
518.2,34.023361474171,-118.21775928702,307
518.2,34.02243924791,-118.21564151553,314
518.2,34.020936589316,-118.21230459053,325
518.2,34.020109959066,-118.2104643825,332
518.2,34.017983851964,-118.21004324443,339
518.2,34.013921125712,-118.20767370978,356
518.2,34.010955825223,-118.19126705027,407
518.2,34.008915341005,-118.18523076057,427
518.2,34.006945690316,-118.17940278589,446
518.2,34.005807494705,-118.17606789787,457
518.2,34.004461318221,-118.17206949201,470
518.2,34.003000008521,-118.16777734234,484
518.3,34.053683589596,-118.25585651263,16
518.3,34.052998868589,-118.25479469472,20
518.3,34.050132689514,-118.25745994461,33
518.3,34.047374689219,-118.25315672847,50
518.3,34.045909969575,-118.25451562677,56
518.3,34.044467308433,-118.2558316322,63
518.3,34.043008068652,-118.25718385154,70
518.3,34.041603883797,-118.25848337992,76
518.3,34.040155577498,-118.25984874405,83
518.3,34.038729345722,-118.26116461849,89
518.3,34.037666474823,-118.26217792195,94
518.3,34.036083655609,-118.2634635187,101
518.3,34.034715552515,-118.26456821313,107
518.3,34.031993077399,-118.26676763602,119
518.3,34.031533703528,-118.26573972398,123
518.3,34.031049691636,-118.26466553893,126
518.3,34.029550906815,-118.26143301128,138
518.3,34.028538888182,-118.25925821544,145
518.3,34.027688207662,-118.2574338021,152
518.3,34.025882831446,-118.25355375397,165
518.3,34.024479465346,-118.25054302427,175
518.3,34.023083231419,-118.24803733829,185
518.3,34.021957987597,-118.2460209452,192
518.3,34.020669398033,-118.24323191977,202
518.3,34.019967779793,-118.23956686218,213
518.3,34.018941356527,-118.23330386996,232
518.3,34.018961447372,-118.22999404967,242
518.3,34.017369769159,-118.22598358125,256
518.3,34.017276252748,-118.22008309096,274
518.3,34.020985624837,-118.22021164681,287
518.3,34.024280909473,-118.21988039813,299
518.3,34.023361474171,-118.21775928702,307
518.3,34.02243924791,-118.21564151553,314
518.3,34.020936589316,-118.21230459053,325
518.3,34.020109959066,-118.2104643825,332
518.3,34.017983851964,-118.21004324443,339
518.3,34.013921125712,-118.20767370978,356
518.3,34.010955825223,-118.19126705027,407
518.3,34.008915341005,-118.18523076057,427
518.3,34.006945690316,-118.17940278589,446
518.3,34.005807494705,-118.17606789787,457
518.3,34.004461318221,-118.17206949201,470
518.3,34.003000008521,-118.16777734234,484
518.3,34.001434592576,-118.16314201428,499
518.3,34.000301452509,-118.15980097896,510
518.3,33.999042327583,-118.15606719562,522
518.3,33.99760514672,-118.15180204095,536
518.3,33.995186098761,-118.14358965815,562
518.3,33.998049407574,-118.13885039628,580
518.3,33.999780805605,-118.13621719538,590
518.3,34.00041652124,-118.13288929704,601
518.3,33.998202732103,-118.12687472792,620
518.3,33.996930962905,-118.12376174762,631
518.3,33.995143814569,-118.11934500201,646
518.3,33.993885590623,-118.11623226891,656
518.3,33.991881267617,-118.11162091979,672
518.3,33.987567442081,-118.10517604373,697
518.3,33.984939156777,-118.1003006681,715
518.3,33.983185881299,-118.09712535393,726
518.3,33.981542335933,-118.09407893722,737
518.3,33.979407491632,-118.09017781785,751
518.3,33.976962482984,-118.08562021352,768
518.3,33.973666783055,-118.07908643994,791
518.3,33.972989936024,-118.07618012436,800
518.3,33.972521399929,-118.07401941739,807
518.3,33.971373097701,-118.06887997316,823
518.3,33.97031504388,-118.06413980297,838
518.3,33.969382899339,-118.06001657073,851
518.3,33.968593201984,-118.05653663222,862
518.3,33.967743068996,-118.05278958717,874
518.3,33.967365821396,-118.04811617544,888
518.3,33.968026792479,-118.04422496121,900
518.3,33.968368284609,-118.04210124603,907
518.3,33.971825070936,-118.04209638762,919
518.3,33.973668878379,-118.04208082354,926
518.3,33.97545497448,-118.04208501931,932
518.3,33.979112350488,-118.04209345421,946
518.3,33.979110395839,-118.03975488944,953
518.3,33.979092630508,-118.03501178657,967
518.3,33.97907679492,-118.03268970915,974
518.3,33.977254975195,-118.03268899797,981
518.3,33.975433153917,-118.03269488332,987
518.3,33.973473946147,-118.03268092572,995
518.3,33.971349858338,-118.03270318347,1002
518.3,33.96817060086,-118.03272172981,1014
518.3,33.965909125431,-118.03273073989,1022
518.3,33.963243682959,-118.0328682047,1032
518.3,33.961176724647,-118.03494164129,1042
518.3,33.958202655302,-118.03794449056,1056
518.3,33.955489649096,-118.04067356448,1069
518.3,33.953411564172,-118.04275320567,1078
518.3,33.951066088565,-118.03928985075,1092
518.3,33.949547249315,-118.03703053353,1101
518.3,33.948338735642,-118.03524622181,1108
518.3,33.945657928485,-118.03132816261,1123
518.3,33.942864273147,-118.0276740749,1138
518.3,33.94014191982,-118.0241785008,1153
518.3,33.935315230305,-118.01678596684,1181
518.3,33.935214150296,-118.01181127296,1196
518.3,33.930515354197,-118.01182379652,1213
518.3,33.926833251207,-118.01190238908,1227
518.3,33.922450456716,-118.01193802438,1243
518.3,33.917204855501,-118.01187135789,1262
518.3,33.914355356351,-118.01187425009,1272
518.3,33.908887186162,-118.01179438014,1292
518.3,33.90535897663,-118.01179058814,1305
518.3,33.902652366536,-118.01180338894,1315
518.3,33.898481248255,-118.01094933847,1330
518.3,33.895285673248,-118.00921899423,1343
518.3,33.892040784577,-118.00385442436,1363
518.3,33.890980169687,-118.00201580497,1370
518.3,33.893598861978,-117.99989716213,1381
518.3,33.898866329608,-118.00518271973,1406
518.4,33.995143814569,-118.11934500201,646
518.4,33.993885590623,-118.11623226891,656
518.4,33.991881267617,-118.11162091979,672
518.4,33.987567442081,-118.10517604373,697
518.4,33.984939156777,-118.1003006681,715
518.4,33.983185881299,-118.09712535393,726
518.4,33.981542335933,-118.09407893722,737
518.4,33.979407491632,-118.09017781785,751
518.4,33.976962482984,-118.08562021352,768
518.4,33.973666783055,-118.07908643994,791
518.4,33.972989936024,-118.07618012436,800
518.4,33.972521399929,-118.07401941739,807
518.4,33.971373097701,-118.06887997316,823
518.4,33.97031504388,-118.06413980297,838
518.4,33.969382899339,-118.06001657073,851
518.4,33.968593201984,-118.05653663222,862
518.4,33.967743068996,-118.05278958717,874
518.4,33.967365821396,-118.04811617544,888
518.4,33.968026792479,-118.04422496121,900
518.4,33.968368284609,-118.04210124603,907
518.4,33.971825070936,-118.04209638762,919
518.4,33.973668878379,-118.04208082354,926
518.4,33.97545497448,-118.04208501931,932
518.4,33.979112350488,-118.04209345421,946
518.4,33.979110395839,-118.03975488944,953
518.4,33.979092630508,-118.03501178657,967
518.4,33.97907679492,-118.03268970915,974
518.4,33.977254975195,-118.03268899797,981
518.4,33.975433153917,-118.03269488332,987
518.4,33.973473946147,-118.03268092572,995
518.4,33.971349858338,-118.03270318347,1002
518.4,33.96817060086,-118.03272172981,1014
518.4,33.965909125431,-118.03273073989,1022
518.4,33.963243682959,-118.0328682047,1032
518.4,33.961176724647,-118.03494164129,1042
518.4,33.958202655302,-118.03794449056,1056
518.4,33.955489649096,-118.04067356448,1069
518.4,33.953411564172,-118.04275320567,1078
518.4,33.951066088565,-118.03928985075,1092
518.4,33.949547249315,-118.03703053353,1101
518.4,33.948338735642,-118.03524622181,1108
518.4,33.945657928485,-118.03132816261,1123
518.4,33.942864273147,-118.0276740749,1138
518.4,33.94014191982,-118.0241785008,1153
518.4,33.935315230305,-118.01678596684,1181
518.4,33.935214150296,-118.01181127296,1196
518.4,33.930515354197,-118.01182379652,1213
518.4,33.926833251207,-118.01190238908,1227
518.4,33.922450456716,-118.01193802438,1243
518.4,33.917204855501,-118.01187135789,1262
518.4,33.914355356351,-118.01187425009,1272
518.4,33.908887186162,-118.01179438014,1292
518.4,33.90535897663,-118.01179058814,1305
518.4,33.902652366536,-118.01180338894,1315
518.4,33.898481248255,-118.01094933847,1330
518.4,33.895285673248,-118.00921899423,1343
518.4,33.892040784577,-118.00385442436,1363
518.4,33.890980169687,-118.00201580497,1370
518.4,33.893598861978,-117.99989716213,1381
518.4,33.898866329608,-118.00518271973,1406
519.1,33.995143814569,-118.11934500201,701
519.1,33.996930962905,-118.12376174762,716
519.1,33.998202732103,-118.12687472792,726
519.1,34.00041652124,-118.13288929704,746
519.1,33.999780805605,-118.13621719538,757
519.1,33.998049407574,-118.13885039628,767
519.1,33.995186098761,-118.14358965815,785
519.1,33.99760514672,-118.15180204095,811
519.1,33.999042327583,-118.15606719562,825
519.1,34.000301452509,-118.15980097896,837
519.1,34.001434592576,-118.16314201428,848
519.1,34.003000008521,-118.16777734234,863
519.1,34.004152106726,-118.17115822518,874
519.1,34.005807494705,-118.17606789787,890
519.1,34.006945690316,-118.17940278589,901
519.1,34.008915341005,-118.18523076057,920
519.1,34.010955825223,-118.19126705027,940
519.1,34.013921125712,-118.20767370978,991
519.1,34.016680087403,-118.20919850209,1002
519.1,34.020109959066,-118.2104643825,1015
519.1,34.020936589316,-118.21230459053,1021
519.1,34.02243924791,-118.21564151553,1033
519.1,34.023361474171,-118.21775928702,1040
519.1,34.024280909473,-118.21988039813,1047
519.1,34.020985624837,-118.22021164681,1059
519.1,34.017276252748,-118.22008309096,1073
519.1,34.017369769159,-118.22598358125,1091
519.1,34.018961447372,-118.22999404967,1104
519.1,34.018941356527,-118.23330386996,1114
519.1,34.019967779793,-118.23956686218,1134
519.1,34.020669398033,-118.24323191977,1145
519.1,34.021957987597,-118.2460209452,1155
519.1,34.023083231419,-118.24803733829,1162
519.1,34.024479465346,-118.25054302427,1171
519.1,34.025882831446,-118.25355375397,1182
519.1,34.027688207662,-118.2574338021,1195
519.1,34.028538888182,-118.25925821544,1201
519.1,34.029550906815,-118.26143301128,1209
519.1,34.031533703528,-118.26573972398,1224
519.1,34.031993077399,-118.26676763602,1227
519.1,34.034715552515,-118.26456821313,1239
519.1,34.037666474823,-118.26217792195,1252
519.1,34.038729345722,-118.26116461849,1257
519.1,34.040155577498,-118.25984874405,1264
519.1,34.041603883797,-118.25848337992,1271
519.1,34.043008068652,-118.25718385154,1277
519.1,34.044467308433,-118.2558316322,1284
519.1,34.045909969575,-118.25451562677,1290
519.1,34.048748721647,-118.25179420857,1303
519.1,34.050205985166,-118.25399059781,1312
519.1,34.051578193671,-118.25610757288,1320
519.1,34.053062340379,-118.25982610494,1333
519.1,34.053869055122,-118.25908580527,1336
519.2,33.898866329608,-118.00518271973,0
519.2,33.89873433083,-118.00719280447,6
519.2,33.898481248255,-118.01094933847,17
519.2,33.902652366536,-118.01180338894,32
519.2,33.90535897663,-118.01179058814,42
519.2,33.908887186162,-118.01179438014,55
519.2,33.914355356351,-118.01187425009,75
519.2,33.917204855501,-118.01187135789,85
519.2,33.922450456716,-118.01193802438,105
519.2,33.926833251207,-118.01190238908,120
519.2,33.930515354197,-118.01182379652,134
519.2,33.935214150296,-118.01181127296,151
519.2,33.935315230305,-118.01678596684,166
519.2,33.94014191982,-118.0241785008,195
519.2,33.942864273147,-118.0276740749,209
519.2,33.945657928485,-118.03132816261,224
519.2,33.948338735642,-118.03524622181,239
519.2,33.949547249315,-118.03703053353,246
519.2,33.951066088565,-118.03928985075,255
519.2,33.953411564172,-118.04275320567,269
519.2,33.955489649096,-118.04067356448,279
519.2,33.958202655302,-118.03794449056,292
519.2,33.961176724647,-118.03494164129,306
519.2,33.96409554828,-118.03273992457,318
519.2,33.965909125431,-118.03273073989,325
519.2,33.96817060086,-118.03272172981,333
519.2,33.971349858338,-118.03270318347,345
519.2,33.973473946147,-118.03268092572,352
519.2,33.975433153917,-118.03269488332,359
519.2,33.977254975195,-118.03268899797,366
519.2,33.97907679492,-118.03268970915,373
519.2,33.979092630508,-118.03501178657,380
519.2,33.979111150864,-118.03739323724,387
519.2,33.979110766469,-118.03861364411,391
519.2,33.979112350488,-118.04209345421,401
519.2,33.97545497448,-118.04208501931,415
519.2,33.973668878379,-118.04208082354,421
519.2,33.971825070936,-118.04209638762,428
519.2,33.968368284609,-118.04210124603,440
519.2,33.968026792479,-118.04422496121,447
519.2,33.967365821396,-118.04811617544,459
519.2,33.967649822106,-118.05237728511,472
519.2,33.968593201984,-118.05653663222,485
519.2,33.969382899339,-118.06001657073,496
519.2,33.970369877737,-118.06437070872,510
519.2,33.971373097701,-118.06887997316,524
519.2,33.972521399929,-118.07401941739,540
519.2,33.972989917277,-118.07620980775,547
519.2,33.973666783055,-118.07908643994,556
519.2,33.976962482984,-118.08562021352,579
519.2,33.979407491632,-118.09017781785,595
519.2,33.981542335933,-118.09407893722,610
519.2,33.983185881299,-118.09712535393,621
519.2,33.984939156777,-118.1003006681,632
519.2,33.986209438514,-118.10264425147,641
519.2,33.987567442081,-118.10517604373,650
519.2,33.99230903639,-118.11258477448,678
519.2,33.993885590623,-118.11623226891,690
519.2,33.995143814569,-118.11934500201,701
519.3,33.898866329608,-118.00518271973,0
519.3,33.89873433083,-118.00719280447,6
519.3,33.898481248255,-118.01094933847,17
519.3,33.902652366536,-118.01180338894,32
519.3,33.90535897663,-118.01179058814,42
519.3,33.908887186162,-118.01179438014,55
519.3,33.914355356351,-118.01187425009,75
519.3,33.917204855501,-118.01187135789,85
519.3,33.922450456716,-118.01193802438,105
519.3,33.926833251207,-118.01190238908,120
519.3,33.930515354197,-118.01182379652,134
519.3,33.935214150296,-118.01181127296,151
519.3,33.935315230305,-118.01678596684,166
519.3,33.94014191982,-118.0241785008,195
519.3,33.942864273147,-118.0276740749,209
519.3,33.945657928485,-118.03132816261,224
519.3,33.948338735642,-118.03524622181,239
519.3,33.949547249315,-118.03703053353,246
519.3,33.951066088565,-118.03928985075,255
519.3,33.953411564172,-118.04275320567,269
519.3,33.955489649096,-118.04067356448,279
519.3,33.958202655302,-118.03794449056,292
519.3,33.961176724647,-118.03494164129,306
519.3,33.96409554828,-118.03273992457,318
519.3,33.965909125431,-118.03273073989,325
519.3,33.96817060086,-118.03272172981,333
519.3,33.971349858338,-118.03270318347,345
519.3,33.973473946147,-118.03268092572,352
519.3,33.975433153917,-118.03269488332,359
519.3,33.977254975195,-118.03268899797,366
519.3,33.97907679492,-118.03268970915,373
519.3,33.979092630508,-118.03501178657,380
519.3,33.979111150864,-118.03739323724,387
519.3,33.979110766469,-118.03861364411,391
519.3,33.979112350488,-118.04209345421,401
519.3,33.97545497448,-118.04208501931,415
519.3,33.973668878379,-118.04208082354,421
519.3,33.971825070936,-118.04209638762,428
519.3,33.968368284609,-118.04210124603,440
519.3,33.968026792479,-118.04422496121,447
519.3,33.967365821396,-118.04811617544,459
519.3,33.967649822106,-118.05237728511,472
519.3,33.968593201984,-118.05653663222,485
519.3,33.969382899339,-118.06001657073,496
519.3,33.970369877737,-118.06437070872,510
519.3,33.971373097701,-118.06887997316,524
519.3,33.972521399929,-118.07401941739,540
519.3,33.972989917277,-118.07620980775,547
519.3,33.973666783055,-118.07908643994,556
519.3,33.976962482984,-118.08562021352,579
519.3,33.979407491632,-118.09017781785,595
519.3,33.981542335933,-118.09407893722,610
519.3,33.983185881299,-118.09712535393,621
519.3,33.984939156777,-118.1003006681,632
519.3,33.986209438514,-118.10264425147,641
519.3,33.987567442081,-118.10517604373,650
519.3,33.99230903639,-118.11258477448,678
519.3,33.993885590623,-118.11623226891,690
519.3,33.995143814569,-118.11934500201,701
519.3,33.996930962905,-118.12376174762,716
519.3,33.998202732103,-118.12687472792,726
519.3,34.00041652124,-118.13288929704,746
519.3,33.999780805605,-118.13621719538,757
519.3,33.998049407574,-118.13885039628,767
519.3,33.995186098761,-118.14358965815,785
519.3,33.99760514672,-118.15180204095,811
519.3,33.999042327583,-118.15606719562,825
519.3,34.000301452509,-118.15980097896,837
519.3,34.001434592576,-118.16314201428,848
519.3,34.003000008521,-118.16777734234,863
519.3,34.004152106726,-118.17115822518,874
519.3,34.005807494705,-118.17606789787,890
519.3,34.006945690316,-118.17940278589,901
519.3,34.008915341005,-118.18523076057,920
519.3,34.010955825223,-118.19126705027,940
519.3,34.013921125712,-118.20767370978,991
519.3,34.016680087403,-118.20919850209,1002
519.3,34.020109959066,-118.2104643825,1015
519.3,34.020936589316,-118.21230459053,1021
519.3,34.02243924791,-118.21564151553,1033
519.3,34.023361474171,-118.21775928702,1040
519.3,34.024280909473,-118.21988039813,1047
519.3,34.020985624837,-118.22021164681,1059
519.3,34.017276252748,-118.22008309096,1073
519.3,34.017369769159,-118.22598358125,1091
519.3,34.018961447372,-118.22999404967,1104
519.3,34.018941356527,-118.23330386996,1114
519.3,34.019967779793,-118.23956686218,1134
519.3,34.020669398033,-118.24323191977,1145
519.3,34.021957987597,-118.2460209452,1155
519.3,34.023083231419,-118.24803733829,1162
519.3,34.024479465346,-118.25054302427,1171
519.3,34.025882831446,-118.25355375397,1182
519.3,34.027688207662,-118.2574338021,1195
519.3,34.028538888182,-118.25925821544,1201
519.3,34.029550906815,-118.26143301128,1209
519.3,34.031533703528,-118.26573972398,1224
519.3,34.031993077399,-118.26676763602,1227
519.3,34.034715552515,-118.26456821313,1239
519.3,34.037666474823,-118.26217792195,1252
519.3,34.038729345722,-118.26116461849,1257
519.3,34.040155577498,-118.25984874405,1264
519.3,34.041603883797,-118.25848337992,1271
519.3,34.043008068652,-118.25718385154,1277
519.3,34.044467308433,-118.2558316322,1284
519.3,34.045909969575,-118.25451562677,1290
519.3,34.048748721647,-118.25179420857,1303
519.3,34.050205985166,-118.25399059781,1312
519.3,34.051578193671,-118.25610757288,1320
519.3,34.053062340379,-118.25982610494,1333
519.3,34.053869055122,-118.25908580527,1336
