service_id,monday,tuesday,wednesday,thursday,friday,saturday,sunday,start_date,end_date
1053612,1,1,1,1,1,0,0,20170328,20170526
1053614,1,1,1,1,1,0,0,20170530,20170623
1053615,1,1,1,1,1,0,0,20170626,20170630
1053618,1,1,1,1,1,0,0,20170705,20180705
1053606,1,1,1,1,1,0,0,20170328,20170526
1053608,1,1,1,1,1,0,0,20170530,20170630
1053611,1,1,1,1,1,0,0,20170705,20180705
1053619,1,1,1,1,1,0,0,20170328,20170526
1053621,1,1,1,1,1,0,0,20170530,20170623
1053622,1,1,1,1,1,0,0,20170626,20170630
1053625,1,1,1,1,1,0,0,20170705,20180705
1053632,1,1,1,1,1,0,0,20170328,20170526
1053634,1,1,1,1,1,0,0,20170530,20170630
1053637,1,1,1,1,1,0,0,20170705,20180705
1053626,1,1,1,1,1,0,0,20170328,20170526
1053628,1,1,1,1,1,0,0,20170530,20170630
1053631,1,1,1,1,1,0,0,20170705,20180705
1053638,1,1,1,1,1,0,0,20170328,20170526
1053640,1,1,1,1,1,0,0,20170530,20170630
1053643,1,1,1,1,1,0,0,20170705,20180705
1053644,1,1,1,1,1,0,0,20170328,20170526
1053646,1,1,1,1,1,0,0,20170530,20170630
1053649,1,1,1,1,1,0,0,20170705,20180705
1053650,1,1,1,1,1,0,0,20170328,20170526
1053652,1,1,1,1,1,0,0,20170530,20170630
1053655,1,1,1,1,1,0,0,20170705,20180705
1053662,1,1,1,1,1,0,0,20170328,20170526
1053664,1,1,1,1,1,0,0,20170530,20170630
1053667,1,1,1,1,1,0,0,20170705,20180705
1053656,1,1,1,1,1,0,0,20170328,20170526
1053658,1,1,1,1,1,0,0,20170530,20170630
1053661,1,1,1,1,1,0,0,20170705,20180705
1053668,1,1,1,1,1,0,0,20170328,20170526
1053670,1,1,1,1,1,0,0,20170530,20170623
1053671,1,1,1,1,1,0,0,20170626,20170703
1053673,1,1,1,1,1,0,0,20170705,20180705
1053674,1,1,1,1,1,0,0,20170328,20170526
1053676,1,1,1,1,1,0,0,20170530,20170630
1053679,1,1,1,1,1,0,0,20170705,20180705
1053823,1,1,1,1,1,0,0,20170328,20170526
1053825,1,1,1,1,1,0,0,20170530,20170630
1053828,1,1,1,1,1,0,0,20170705,20180705
1057071,1,1,1,1,1,0,0,20170401,20170407
1057072,1,1,1,1,1,0,0,20170410,20170519
1057073,1,1,1,1,1,0,0,20170522,20170526
1057075,1,1,1,1,1,0,0,20170530,20170605
1057076,1,1,1,1,1,0,0,20170606,20170623
1057077,1,1,1,1,1,0,0,20170626,20170703
1057079,1,1,1,1,1,0,0,20170705,20180705
1053691,1,1,1,1,1,0,0,20170328,20170526
1053693,1,1,1,1,1,0,0,20170530,20170703
1053695,1,1,1,1,1,0,0,20170705,20180705
1053685,1,1,1,1,1,0,0,20170328,20170526
1053687,1,1,1,1,1,0,0,20170530,20170630
1053690,1,1,1,1,1,0,0,20170705,20180705
1053696,1,1,1,1,1,0,0,20170328,20170526
1053698,1,1,1,1,1,0,0,20170530,20170703
1053700,1,1,1,1,1,0,0,20170705,20180705
1053707,1,1,1,1,1,0,0,20170328,20170526
1053709,1,1,1,1,1,0,0,20170530,20170703
1053711,1,1,1,1,1,0,0,20170705,20180705
1057080,1,1,1,1,1,0,0,20170403,20170407
1057081,1,1,1,1,1,0,0,20170410,20170519
1057082,1,1,1,1,1,0,0,20170522,20170526
1057085,1,1,1,1,1,0,0,20170530,20170605
1057086,1,1,1,1,1,0,0,20170606,20170623
1057087,1,1,1,1,1,0,0,20170626,20170703
1057084,1,1,1,1,1,0,0,20170705,20180705
1053712,1,1,1,1,1,0,0,20170328,20170331
1053713,1,1,1,1,1,0,0,20170403,20170526
1053715,1,1,1,1,1,0,0,20170530,20170703
1053717,1,1,1,1,1,0,0,20170705,20180705
1053724,1,1,1,1,1,0,0,20170328,20170331
1053718,1,1,1,1,1,0,0,20170403,20170526
1053720,1,1,1,1,1,0,0,20170530,20170630
1053723,1,1,1,1,1,0,0,20170705,20180705
1053725,1,1,1,1,1,0,0,20170328,20170331
1053726,1,1,1,1,1,0,0,20170403,20170526
1053728,1,1,1,1,1,0,0,20170530,20170703
1053730,1,1,1,1,1,0,0,20170705,20180705
1057089,1,1,1,1,1,0,0,20170401,20170407
1057090,1,1,1,1,1,0,0,20170410,20170519
1057091,1,1,1,1,1,0,0,20170522,20170526
1057093,1,1,1,1,1,0,0,20170530,20170605
1057094,1,1,1,1,1,0,0,20170606,20170623
1057095,1,1,1,1,1,0,0,20170626,20170703
1057097,1,1,1,1,1,0,0,20170705,20180705
1053732,1,1,1,1,1,0,0,20170328,20170331
1053733,1,1,1,1,1,0,0,20170403,20170526
1053735,1,1,1,1,1,0,0,20170530,20170630
1053738,1,1,1,1,1,0,0,20170705,20180705
1053739,1,1,1,1,1,0,0,20170328,20170526
1053741,1,1,1,1,1,0,0,20170530,20170630
1053744,1,1,1,1,1,0,0,20170705,20180705
1057105,1,1,1,1,1,0,0,20170403,20170407
1057098,1,1,1,1,1,0,0,20170410,20170519
1057099,1,1,1,1,1,0,0,20170522,20170526
1057101,1,1,1,1,1,0,0,20170530,20170609
1057102,1,1,1,1,1,0,0,20170612,20170623
1057103,1,1,1,1,1,0,0,20170626,20170703
1057106,1,1,1,1,1,0,0,20170705,20180705
1053757,1,1,1,1,1,0,0,20170328,20170526
1053759,1,1,1,1,1,0,0,20170530,20170703
1053761,1,1,1,1,1,0,0,20170705,20180705
1053751,1,1,1,1,1,0,0,20170328,20170526
1053753,1,1,1,1,1,0,0,20170530,20170630
1053756,1,1,1,1,1,0,0,20170705,20180705
1053762,1,1,1,1,1,0,0,20170328,20170526
1053764,1,1,1,1,1,0,0,20170530,20170703
1053766,1,1,1,1,1,0,0,20170705,20180705
1053767,1,1,1,1,1,0,0,20170328,20170331
1053768,1,1,1,1,1,0,0,20170403,20170526
1053770,1,1,1,1,1,0,0,20170530,20170703
1053772,1,1,1,1,1,0,0,20170705,20180705
1053773,1,1,1,1,1,0,0,20170328,20170331
1053774,1,1,1,1,1,0,0,20170403,20170526
1053776,1,1,1,1,1,0,0,20170530,20170630
1053779,1,1,1,1,1,0,0,20170705,20180705
1053816,1,1,1,1,1,0,0,20170328,20170331
1053817,1,1,1,1,1,0,0,20170403,20170526
1053819,1,1,1,1,1,0,0,20170530,20170703
1053821,1,1,1,1,1,0,0,20170705,20180705
1053781,1,1,1,1,1,0,0,20170328,20170331
1053780,1,1,1,1,1,0,0,20170403,20170526
1053783,1,1,1,1,1,0,0,20170530,20170703
1053785,1,1,1,1,1,0,0,20170705,20180705
1053786,0,0,0,0,0,1,0,20170328,20180505
1039432,0,0,0,0,0,0,1,20170528,20170528
1053787,0,0,0,0,0,0,1,20170328,20170521
1039435,1,0,0,0,0,0,0,20170529,20170529
1039436,0,0,0,0,0,0,1,20170604,20180604
1039437,0,1,0,0,0,0,0,20170704,20170704
1053789,0,0,0,0,0,0,1,20170328,20170402
1039441,0,0,0,0,0,1,0,20170408,20180505
1039438,0,0,0,0,0,0,1,20170528,20170528
1053790,0,0,0,0,0,0,1,20170328,20170402
1038257,0,1,0,0,0,0,0,20170704,20170704
1053792,0,0,0,0,0,0,1,20170328,20170521
1039444,1,0,0,0,0,0,0,20170529,20170529
1039445,0,0,0,0,0,0,1,20170604,20180604
1039497,0,0,0,0,0,0,1,20170409,20170521
1039499,1,0,0,0,0,0,0,20170529,20170529
1039500,0,0,0,0,0,0,1,20170604,20180604
1053794,0,0,0,0,0,1,0,20170328,20180505
1039447,0,0,0,0,0,0,1,20170528,20170528
1053795,0,0,0,0,0,0,1,20170328,20170521
1039450,1,0,0,0,0,0,0,20170529,20170529
1039451,0,0,0,0,0,0,1,20170604,20180604
1039517,0,0,0,0,0,0,1,20170409,20170521
1039519,1,0,0,0,0,0,0,20170529,20170529
1039520,0,0,0,0,0,0,1,20170604,20180604
1039809,0,1,0,0,0,0,0,20170704,20170704
1053796,0,0,0,0,0,0,1,20170328,20170521
1039454,1,0,0,0,0,0,0,20170529,20170529
1039455,0,0,0,0,0,0,1,20170604,20180604
1039810,0,1,0,0,0,0,0,20170704,20170704
1039515,0,0,0,0,0,1,1,20170408,20180505
1039516,1,0,0,0,0,0,0,20170529,20170529
1059087,0,0,0,0,0,1,0,20170408,20170408
1059088,0,0,0,0,0,1,0,20170415,20180505
1059089,0,0,0,0,0,0,1,20170528,20170528
1053798,0,0,0,0,0,1,1,20170328,20170402
1053800,0,1,0,0,0,0,0,20170704,20170704
1057371,0,0,0,0,0,1,0,20170402,20170402
1057372,0,0,0,0,0,1,0,20170408,20180505
1057373,0,0,0,0,0,0,1,20170528,20170528
1057374,0,0,0,0,0,0,1,20170402,20170402
1057375,0,0,0,0,0,0,1,20170409,20170521
1057377,1,0,0,0,0,0,0,20170529,20170529
1057378,0,0,0,0,0,0,1,20170604,20180604
1057379,0,1,0,0,0,0,0,20170704,20170704
1056514,0,0,0,0,0,1,1,20170401,20170402
1056511,0,0,0,0,0,1,1,20170408,20170723
1056512,1,0,0,0,0,0,0,20170529,20170529
1056513,0,1,0,0,0,0,0,20170704,20170704
1056515,0,0,0,0,0,1,1,20170729,20180729
1056506,0,0,0,0,0,0,1,20170402,20170402
1056507,0,0,0,0,0,1,1,20170408,20170723
1056508,1,0,0,0,0,0,0,20170529,20170529
1056509,0,1,0,0,0,0,0,20170704,20170704
1056510,0,0,0,0,0,1,1,20170729,20180729
1053809,0,0,0,0,0,0,1,20170328,20170521
1039472,1,0,0,0,0,0,0,20170529,20170529
1039473,0,0,0,0,0,0,1,20170604,20180604
1039474,0,1,0,0,0,0,0,20170704,20170704
1053811,0,0,0,0,0,0,1,20170328,20170521
1039482,1,0,0,0,0,0,0,20170529,20170529
1039483,0,0,0,0,0,0,1,20170604,20180604
1039484,0,1,0,0,0,0,0,20170704,20170704
1056516,0,0,0,0,0,0,1,20170402,20170402
1056517,0,0,0,0,0,0,1,20170409,20170521
1056519,1,0,0,0,0,0,0,20170529,20170529
1056520,0,0,0,0,0,0,1,20170604,20170723
1056521,0,1,0,0,0,0,0,20170704,20170704
1056522,0,0,0,0,0,0,1,20170730,20180730
1053812,0,0,0,0,0,0,1,20170328,20170521
1039487,1,0,0,0,0,0,0,20170529,20170529
1039488,0,0,0,0,0,0,1,20170604,20180604
1053814,0,0,0,0,0,0,1,20170328,20170521
1039493,1,0,0,0,0,0,0,20170529,20170529
1039494,0,0,0,0,0,0,1,20170604,20180604
1056527,0,0,0,0,0,1,0,20170401,20170401
1056529,0,0,0,0,0,0,1,20170409,20170521
1056531,1,0,0,0,0,0,0,20170529,20170529
1056532,0,0,0,0,0,0,1,20170604,20170723
1056533,0,0,0,0,0,0,1,20170730,20180730
1060270,0,0,0,0,0,0,1,20170416,20170416
1060271,0,0,0,0,0,0,1,20170423,20170521
1060273,1,0,0,0,0,0,0,20170529,20170529
1060274,0,0,0,0,0,0,1,20170604,20180604
1039811,0,1,0,0,0,0,0,20170704,20170704
1039531,0,0,0,0,0,0,1,20170409,20170521
1039533,1,0,0,0,0,0,0,20170529,20170529
1039534,0,0,0,0,0,0,1,20170604,20180604
1056523,0,0,0,0,0,1,0,20170401,20170401
1056524,0,0,0,0,0,1,0,20170408,20170722
1056525,0,0,0,0,0,0,1,20170528,20170528
1056526,0,0,0,0,0,1,0,20170729,20180729
1053815,0,0,0,0,0,0,1,20170328,20170402
1038263,0,1,0,0,0,0,0,20170704,20170704
1061887,1,1,1,1,1,1,1,20170417,20170614
1046462,1,1,1,1,1,1,1,20170615,20170924
1046463,1,1,1,1,1,1,1,20170925,20180925
1061886,1,1,1,1,1,1,1,20170417,20170614
1046459,1,1,1,1,1,1,1,20170615,20170924
1046460,1,1,1,1,1,1,1,20170925,20180925
1053989,1,1,1,1,1,0,0,20170328,20170526
1051694,1,1,1,1,1,0,0,20170530,20170703
1051696,1,1,1,1,1,0,0,20170705,20180705
1053990,1,1,1,1,1,1,1,20170328,20180505
1053997,0,0,0,0,0,1,1,20170328,20180505
1051703,1,0,0,0,0,0,0,20170529,20170529
1051704,0,1,0,0,0,0,0,20170704,20170704
1053999,1,1,1,1,1,0,0,20170328,20170526
1051710,1,1,1,1,1,0,0,20170530,20170703
1051712,1,1,1,1,1,0,0,20170705,20180705
1053991,1,1,1,1,1,0,0,20170328,20170526
1051699,1,1,1,1,1,0,0,20170530,20170703
1051701,1,1,1,1,1,0,0,20170705,20180705
1053998,0,0,0,0,0,1,1,20170328,20180505
1051705,1,0,0,0,0,0,0,20170529,20170529
1051706,0,1,0,0,0,0,0,20170704,20170704
1063431,0,0,0,0,0,1,1,20170422,20170423
1063432,0,0,0,0,0,1,1,20170429,20180505
1063433,1,0,0,0,0,0,0,20170529,20170529
1063434,0,1,0,0,0,0,0,20170704,20170704
1053992,1,1,1,1,1,1,1,20170328,20180505
1053985,1,1,1,1,1,1,1,20170328,20180505
1053993,1,1,1,1,1,1,1,20170328,20180505
1053994,1,1,1,1,1,1,1,20170328,20170506
1053995,1,1,1,1,1,1,1,20170507,20180507
1053986,1,1,1,1,1,1,1,20170328,20180505
1053996,1,1,1,1,1,1,1,20170328,20180505
1053987,1,1,1,1,1,1,1,20170328,20170506
1053988,1,1,1,1,1,1,1,20170507,20180507
1061893,1,1,1,1,1,1,1,20170417,20180505
1061894,1,1,1,1,1,1,1,20170417,20180505
1052800,1,1,1,1,1,1,1,20170328,20180505
1052801,1,1,1,1,1,1,1,20170328,20180505
1061897,1,1,1,1,1,1,1,20170417,20180505
1061898,1,1,1,1,1,1,1,20170417,20180505
1057332,0,0,1,0,0,0,0,20170517,20170517
1053482,1,1,1,1,1,0,0,20170328,20170526
1043524,1,1,1,1,1,0,0,20170530,20170703
1043526,1,1,1,1,1,0,0,20170705,20180705
1053513,1,1,1,1,1,0,0,20170328,20170526
1043655,1,1,1,1,1,0,0,20170530,20170703
1043657,1,1,1,1,1,0,0,20170705,20180705
1053483,1,1,1,1,1,0,0,20170328,20170526
1043529,1,1,1,1,1,0,0,20170530,20170703
1043531,1,1,1,1,1,0,0,20170705,20180705
1053514,1,1,1,1,1,0,0,20170328,20170526
1043660,1,1,1,1,1,0,0,20170530,20170703
1043662,1,1,1,1,1,0,0,20170705,20180705
1053484,1,1,1,1,1,0,0,20170328,20170526
1043534,1,1,1,1,1,0,0,20170530,20170703
1043536,1,1,1,1,1,0,0,20170705,20180705
1053516,1,1,1,1,1,0,0,20170328,20170526
1043670,1,1,1,1,1,0,0,20170530,20170703
1043672,1,1,1,1,1,0,0,20170705,20180705
1053485,1,1,1,1,1,0,0,20170328,20170526
1043539,1,1,1,1,1,0,0,20170530,20170703
1043541,1,1,1,1,1,0,0,20170705,20180705
1053515,1,1,1,1,1,0,0,20170328,20170526
1043665,1,1,1,1,1,0,0,20170530,20170703
1043667,1,1,1,1,1,0,0,20170705,20180705
1053486,1,1,1,1,1,0,0,20170328,20170526
1043544,1,1,1,1,1,0,0,20170530,20170703
1043546,1,1,1,1,1,0,0,20170705,20180705
1053487,1,1,1,1,1,0,0,20170328,20170526
1043549,1,1,1,1,1,0,0,20170530,20170703
1043551,1,1,1,1,1,0,0,20170705,20180705
1053517,1,1,1,1,1,0,0,20170328,20170526
1043675,1,1,1,1,1,0,0,20170530,20170703
1043677,1,1,1,1,1,0,0,20170705,20180705
1053488,1,1,1,1,1,0,0,20170328,20170526
1043554,1,1,1,1,1,0,0,20170530,20170703
1043556,1,1,1,1,1,0,0,20170705,20180705
1053489,1,1,1,1,1,0,0,20170328,20170526
1043559,1,1,1,1,1,0,0,20170530,20170703
1043561,1,1,1,1,1,0,0,20170705,20180705
1053518,1,1,1,1,1,0,0,20170328,20170526
1043680,1,1,1,1,1,0,0,20170530,20170703
1043682,1,1,1,1,1,0,0,20170705,20180705
1053490,1,1,1,1,1,0,0,20170328,20170526
1043564,1,1,1,1,1,0,0,20170530,20170703
1043566,1,1,1,1,1,0,0,20170705,20180705
1053519,1,1,1,1,1,0,0,20170328,20170526
1043685,1,1,1,1,1,0,0,20170530,20170703
1043687,1,1,1,1,1,0,0,20170705,20180705
1053491,1,1,1,1,1,0,0,20170328,20170526
1043569,1,1,1,1,1,0,0,20170530,20170703
1043571,1,1,1,1,1,0,0,20170705,20180705
1053492,1,1,1,1,1,0,0,20170328,20170526
1043574,1,1,1,1,1,0,0,20170530,20170703
1043576,1,1,1,1,1,0,0,20170705,20180705
1053493,1,1,1,1,1,0,0,20170328,20170526
1043579,1,1,1,1,1,0,0,20170530,20170703
1043581,1,1,1,1,1,0,0,20170705,20180705
1053494,1,1,1,1,1,0,0,20170328,20170526
1043584,1,1,1,1,1,0,0,20170530,20170703
1043586,1,1,1,1,1,0,0,20170705,20180705
1053520,1,1,1,1,1,0,0,20170328,20170526
1043689,1,1,1,1,1,0,0,20170530,20170703
1043692,1,1,1,1,1,0,0,20170705,20180705
1053495,1,1,1,1,1,0,0,20170328,20170526
1043589,1,1,1,1,1,0,0,20170530,20170703
1043591,1,1,1,1,1,0,0,20170705,20180705
1053521,1,1,1,1,1,0,0,20170328,20170526
1043695,1,1,1,1,1,0,0,20170530,20170703
1043697,1,1,1,1,1,0,0,20170705,20180705
1053496,1,1,1,1,1,0,0,20170328,20170526
1043594,1,1,1,1,1,0,0,20170530,20170703
1043596,1,1,1,1,1,0,0,20170705,20180705
1053497,1,1,1,1,1,0,0,20170328,20170526
1043599,1,1,1,1,1,0,0,20170530,20170703
1043601,1,1,1,1,1,0,0,20170705,20180705
1053498,1,1,1,1,1,0,0,20170328,20170526
1043604,1,1,1,1,1,0,0,20170530,20170703
1043606,1,1,1,1,1,0,0,20170705,20180705
1055782,1,1,1,1,1,0,0,20170330,20170516
1055783,0,0,1,0,0,0,0,20170517,20170517
1055784,1,1,1,1,1,0,0,20170518,20170526
1055786,1,1,1,1,1,0,0,20170530,20170703
1055788,1,1,1,1,1,0,0,20170705,20180705
1057723,1,1,1,1,1,0,0,20170402,20170516
1057725,1,1,1,1,1,0,0,20170518,20170526
1057727,1,1,1,1,1,0,0,20170530,20170703
1057729,1,1,1,1,1,0,0,20170705,20180705
1053499,1,1,1,1,1,0,0,20170328,20170526
1043609,1,1,1,1,1,0,0,20170530,20170703
1043611,1,1,1,1,1,0,0,20170705,20180705
1053500,1,1,1,1,1,0,0,20170328,20170526
1043614,1,1,1,1,1,0,0,20170530,20170703
1043616,1,1,1,1,1,0,0,20170705,20180705
1053523,0,0,0,0,0,1,1,20170328,20180505
1043704,1,0,0,0,0,0,0,20170529,20170529
1043705,0,1,0,0,0,0,0,20170704,20170704
1053524,0,0,0,0,0,1,1,20170328,20180505
1043707,1,0,0,0,0,0,0,20170529,20170529
1043708,0,1,0,0,0,0,0,20170704,20170704
1053501,0,0,0,0,0,1,1,20170328,20180505
1043618,1,0,0,0,0,0,0,20170529,20170529
1043619,0,1,0,0,0,0,0,20170704,20170704
1053525,0,0,0,0,0,1,1,20170328,20180505
1043710,1,0,0,0,0,0,0,20170529,20170529
1043711,0,1,0,0,0,0,0,20170704,20170704
1053502,0,0,0,0,0,1,1,20170328,20180505
1043621,1,0,0,0,0,0,0,20170529,20170529
1043622,0,1,0,0,0,0,0,20170704,20170704
1053526,0,0,0,0,0,1,1,20170328,20180505
1043713,1,0,0,0,0,0,0,20170529,20170529
1043714,0,1,0,0,0,0,0,20170704,20170704
1053503,0,0,0,0,0,1,1,20170328,20180505
1043624,1,0,0,0,0,0,0,20170529,20170529
1043625,0,1,0,0,0,0,0,20170704,20170704
1053527,0,0,0,0,0,1,1,20170328,20180505
1043716,1,0,0,0,0,0,0,20170529,20170529
1043717,0,1,0,0,0,0,0,20170704,20170704
1053504,0,0,0,0,0,1,1,20170328,20180505
1043627,1,0,0,0,0,0,0,20170529,20170529
1043628,0,1,0,0,0,0,0,20170704,20170704
1053528,0,0,0,0,0,1,1,20170328,20180505
1043719,1,0,0,0,0,0,0,20170529,20170529
1043720,0,1,0,0,0,0,0,20170704,20170704
1053529,0,0,0,0,0,1,1,20170328,20180505
1043722,1,0,0,0,0,0,0,20170529,20170529
1043723,0,1,0,0,0,0,0,20170704,20170704
1053505,0,0,0,0,0,1,1,20170328,20180505
1043630,1,0,0,0,0,0,0,20170529,20170529
1043631,0,1,0,0,0,0,0,20170704,20170704
1053506,0,0,0,0,0,1,1,20170328,20180505
1043633,1,0,0,0,0,0,0,20170529,20170529
1043634,0,1,0,0,0,0,0,20170704,20170704
1053507,0,0,0,0,0,1,1,20170328,20180505
1043636,1,0,0,0,0,0,0,20170529,20170529
1043637,0,1,0,0,0,0,0,20170704,20170704
1053508,0,0,0,0,0,1,1,20170328,20180505
1043639,1,0,0,0,0,0,0,20170529,20170529
1043640,0,1,0,0,0,0,0,20170704,20170704
1053509,0,0,0,0,0,1,1,20170328,20180505
1043642,1,0,0,0,0,0,0,20170529,20170529
1043643,0,1,0,0,0,0,0,20170704,20170704
1053510,0,0,0,0,0,1,1,20170328,20180505
1043645,1,0,0,0,0,0,0,20170529,20170529
1043646,0,1,0,0,0,0,0,20170704,20170704
1053511,0,0,0,0,0,1,1,20170328,20180505
1043648,1,0,0,0,0,0,0,20170529,20170529
1043649,0,1,0,0,0,0,0,20170704,20170704
1053512,0,0,0,0,0,1,1,20170328,20180505
1043651,1,0,0,0,0,0,0,20170529,20170529
1043652,0,1,0,0,0,0,0,20170704,20170704
1053530,0,0,0,0,0,1,1,20170328,20180505
1043725,1,0,0,0,0,0,0,20170529,20170529
1043726,0,1,0,0,0,0,0,20170704,20170704
1053532,0,0,0,0,0,1,1,20170328,20180505
1043731,1,0,0,0,0,0,0,20170529,20170529
1043732,0,1,0,0,0,0,0,20170704,20170704
1053531,0,0,0,0,0,1,1,20170328,20180505
1043728,1,0,0,0,0,0,0,20170529,20170529
1043729,0,1,0,0,0,0,0,20170704,20170704
1061853,1,1,1,1,1,1,1,20170417,20180505
1061854,1,1,1,1,1,1,1,20170417,20180505
1061867,0,1,0,1,0,0,0,20170417,20170427
1061868,0,0,0,0,0,1,0,20170417,20170429
1058270,0,1,0,1,0,0,0,20170502,20180505
1058271,0,0,0,0,0,1,0,20170506,20180506
1061870,0,0,0,0,0,0,1,20170417,20170430
1061869,0,0,1,0,1,0,0,20170417,20170428
1058274,0,0,1,0,1,0,0,20170503,20180505
1058275,0,0,0,0,0,0,1,20170507,20180507
1052802,1,1,1,1,1,1,1,20170328,20180505
1052803,1,1,1,1,1,1,1,20170328,20180505
1063089,1,1,1,1,1,0,0,20170420,20170501
1063090,0,0,0,0,0,1,1,20170422,20180505
1063091,0,1,1,0,0,0,0,20170502,20170503
1063092,1,1,1,1,1,0,0,20170504,20170516
1063094,1,1,1,1,1,0,0,20170518,20180518
1063095,1,1,1,1,1,0,0,20170420,20170501
1063096,0,0,0,0,0,1,1,20170422,20180505
1063097,0,1,1,0,0,0,0,20170502,20170503
1063098,1,1,1,1,1,0,0,20170504,20170516
1063100,1,1,1,1,1,0,0,20170518,20180518
1061871,1,1,1,1,1,1,1,20170417,20180505
1061872,1,1,1,1,1,1,1,20170417,20170427
1061873,0,0,0,0,1,1,0,20170428,20170429
1061874,1,1,1,1,1,1,1,20170430,20170511
1061875,0,0,0,0,1,1,0,20170512,20170519
1061876,1,1,1,1,0,0,1,20170514,20170518
1061877,1,1,1,1,1,1,1,20170520,20180520
1065280,1,1,1,1,1,1,1,20170427,20170501
1065281,1,1,1,1,1,1,1,20170502,20170511
1065282,1,1,1,1,1,1,1,20170512,20180512
1065283,1,1,1,1,1,1,1,20170427,20170501
1065284,1,1,1,1,1,1,1,20170502,20170511
1065285,1,1,1,1,1,1,1,20170512,20180512
1061865,1,1,1,1,1,1,1,20170417,20180505
1062184,1,1,1,1,0,0,1,20170417,20180505
1062183,0,0,0,0,1,1,0,20170417,20180505
1057392,1,1,1,1,1,0,0,20170402,20170526
1057394,1,1,1,1,1,0,0,20170530,20170703
1057396,1,1,1,1,1,0,0,20170705,20180705
1058550,1,1,1,1,1,0,0,20170406,20170505
1058552,1,1,1,1,1,0,0,20170512,20170519
1058553,1,1,1,1,1,0,0,20170522,20170526
1058555,1,1,1,1,1,0,0,20170530,20170703
1058557,1,1,1,1,1,0,0,20170705,20170922
1058558,1,1,1,1,1,0,0,20170925,20180925
1065289,1,1,1,1,1,0,0,20170427,20170505
1065290,1,0,1,0,0,0,0,20170508,20170510
1065291,0,1,0,0,0,0,0,20170509,20170509
1065292,1,1,1,1,1,0,0,20170511,20170519
1065293,1,1,1,1,1,0,0,20170522,20170526
1065295,1,1,1,1,1,0,0,20170530,20170703
1065287,1,1,1,1,1,0,0,20170705,20170922
1065288,1,1,1,1,1,0,0,20170925,20180925
1059173,1,1,1,1,1,0,0,20170408,20170505
1058561,1,1,1,1,1,0,0,20170512,20170519
1058562,1,1,1,1,1,0,0,20170522,20170526
1058564,1,1,1,1,1,0,0,20170530,20170703
1058566,1,1,1,1,1,0,0,20170705,20170922
1058567,1,1,1,1,1,0,0,20170925,20180925
1059091,1,1,1,1,1,0,0,20170408,20170505
1058534,1,1,1,1,1,0,0,20170512,20170519
1058535,1,1,1,1,1,0,0,20170522,20170526
1058537,1,1,1,1,1,0,0,20170530,20170703
1058539,1,1,1,1,1,0,0,20170705,20170922
1058540,1,1,1,1,1,0,0,20170925,20180925
1059092,1,1,1,1,1,0,0,20170408,20170519
1057412,1,1,1,1,1,0,0,20170522,20170526
1057414,1,1,1,1,1,0,0,20170530,20170703
1057416,1,1,1,1,1,0,0,20170705,20170922
1057417,1,1,1,1,1,0,0,20170925,20180925
1058541,1,1,1,1,1,0,0,20170406,20170505
1058543,1,1,1,1,1,0,0,20170512,20170519
1058544,1,1,1,1,1,0,0,20170522,20170526
1058546,1,1,1,1,1,0,0,20170530,20170703
1058548,1,1,1,1,1,0,0,20170705,20170922
1058549,1,1,1,1,1,0,0,20170925,20180925
1059094,0,0,0,0,1,0,0,20170408,20170519
1059093,1,1,1,1,0,0,0,20170408,20170518
1057427,1,1,1,1,0,0,0,20170522,20170525
1057428,0,0,0,0,1,0,0,20170526,20170922
1057430,1,1,1,1,0,0,0,20170530,20170703
1057432,1,1,1,1,0,0,0,20170705,20170921
1057433,1,1,1,1,0,0,0,20170925,20180925
1057434,0,0,0,0,1,0,0,20170929,20180929
1059095,1,1,1,1,1,0,0,20170408,20170519
1057436,1,1,1,1,1,0,0,20170522,20170526
1057438,1,1,1,1,1,0,0,20170530,20170703
1057440,1,1,1,1,1,0,0,20170705,20170922
1057441,1,1,1,1,1,0,0,20170925,20180925
1065296,1,1,1,1,0,0,0,20170427,20170504
1065297,0,0,0,0,1,0,0,20170428,20170428
1065298,0,0,0,0,1,0,0,20170505,20170505
1065299,1,1,1,1,0,0,0,20170508,20170518
1065300,0,0,0,0,1,0,0,20170512,20170512
1065301,0,0,0,0,1,0,0,20170519,20170519
1065302,1,0,0,0,0,0,0,20170522,20170522
1065303,0,1,1,1,0,0,0,20170523,20170525
1065304,0,0,0,0,1,0,0,20170526,20170526
1065306,1,1,1,1,0,0,0,20170530,20170608
1065307,0,0,0,0,1,0,0,20170602,20170602
1065308,0,0,0,0,1,0,0,20170609,20170609
1065309,1,1,0,0,0,0,0,20170612,20170613
1065310,1,1,1,1,0,0,0,20170614,20170622
1065311,0,0,0,0,1,0,0,20170616,20170616
1065312,0,0,0,0,1,0,0,20170623,20170623
1065325,1,1,1,1,0,0,0,20170626,20170629
1065313,0,0,0,0,1,0,0,20170630,20170630
1065314,1,0,0,0,0,0,0,20170703,20170703
1065315,0,1,0,0,0,0,0,20170704,20170704
1065316,1,1,1,1,0,0,0,20170705,20170712
1065317,0,0,0,0,1,0,0,20170707,20170804
1065318,1,1,1,1,0,0,0,20170713,20170720
1065319,1,0,1,1,0,0,0,20170724,20170727
1065320,0,1,0,0,0,0,0,20170725,20170725
1065321,0,0,1,1,0,0,0,20170726,20170727
1065322,1,1,1,1,0,0,0,20170731,20170803
1065323,1,1,1,1,0,0,0,20170807,20170814
1065324,0,0,0,0,1,0,0,20170811,20170811
1065326,0,1,1,0,0,0,0,20170815,20170823
1065327,1,0,0,1,0,0,0,20170817,20170821
1065328,0,0,0,0,1,0,0,20170818,20170908
1065329,1,1,0,1,0,0,0,20170824,20170831
1065330,1,0,1,0,0,0,0,20170830,20170904
1065331,0,1,1,0,0,0,0,20170905,20170913
1065332,1,0,0,1,0,0,0,20170907,20170911
1065333,1,1,1,1,0,0,0,20170914,20170921
1065334,0,0,0,0,1,0,0,20170915,20170915
1065335,0,0,0,0,1,0,0,20170922,20170922
1065336,1,1,1,0,0,0,0,20170925,20170927
1065337,0,0,0,1,0,0,0,20170928,20170928
1065338,0,0,0,0,1,0,0,20170929,20170929
1065339,1,1,1,1,0,0,0,20171002,20181002
1065340,0,0,0,0,1,0,0,20171006,20181006
1059136,0,0,0,0,0,1,1,20170408,20170521
1057443,0,0,0,0,0,1,1,20170527,20170924
1057444,1,0,0,0,0,0,0,20170529,20170529
1057445,0,1,0,0,0,0,0,20170704,20170704
1057446,0,0,0,0,0,1,1,20170930,20180930
1059468,0,0,0,0,0,1,1,20170409,20170521
1057450,0,0,0,0,0,1,1,20170527,20170924
1057451,1,0,0,0,0,0,0,20170529,20170529
1057447,0,1,0,0,0,0,0,20170704,20170704
1057448,0,0,0,0,0,1,1,20170930,20180930
1059138,0,0,0,0,0,1,1,20170408,20170521
1057453,0,0,0,0,0,1,1,20170527,20170924
1057454,1,0,0,0,0,0,0,20170529,20170529
1057455,0,1,0,0,0,0,0,20170704,20170704
1057456,0,0,0,0,0,1,1,20170930,20180930
1059139,0,0,0,0,0,1,1,20170408,20170521
1057458,0,0,0,0,0,1,1,20170527,20170924
1057459,1,0,0,0,0,0,0,20170529,20170529
1057460,0,1,0,0,0,0,0,20170704,20170704
1057461,0,0,0,0,0,1,1,20170930,20180930
1059140,0,0,0,0,0,1,1,20170408,20170521
1057462,0,0,0,0,0,1,1,20170527,20170924
1057464,1,0,0,0,0,0,0,20170529,20170529
1057465,0,1,0,0,0,0,0,20170704,20170704
1057466,0,0,0,0,0,1,1,20170930,20180930
1059168,0,0,0,0,0,1,1,20170408,20170521
1057468,0,0,0,0,0,1,1,20170527,20170924
1057469,1,0,0,0,0,0,0,20170529,20170529
1057470,0,1,0,0,0,0,0,20170704,20170704
1057471,0,0,0,0,0,1,1,20170930,20180930
1059169,0,0,0,0,0,1,1,20170408,20170521
1057473,0,0,0,0,0,1,1,20170527,20170924
1057474,1,0,0,0,0,0,0,20170529,20170529
1057475,0,1,0,0,0,0,0,20170704,20170704
1057476,0,0,0,0,0,1,1,20170930,20180930
1059170,0,0,0,0,0,1,0,20170408,20170520
1059171,0,0,0,0,0,0,1,20170409,20170521
1057479,0,0,0,0,0,1,0,20170527,20170923
1057480,0,0,0,0,0,0,1,20170528,20170528
1057481,1,0,0,0,0,0,0,20170529,20170529
1057482,0,0,0,0,0,0,1,20170604,20170924
1057483,0,1,0,0,0,0,0,20170704,20170704
1057484,0,0,0,0,0,1,0,20170930,20180930
1057485,0,0,0,0,0,0,1,20171001,20181001
1059172,0,0,0,0,0,1,1,20170408,20170521
1057487,0,0,0,0,0,1,1,20170527,20170924
1057488,1,0,0,0,0,0,0,20170529,20170529
1057489,0,1,0,0,0,0,0,20170704,20170704
1057490,0,0,0,0,0,1,1,20170930,20180930
1059469,0,0,0,0,0,1,0,20170409,20170506
1059470,0,0,0,0,0,0,1,20170409,20170409
1059471,0,0,0,0,0,0,1,20170416,20170423
1059472,0,0,0,0,0,0,1,20170430,20170430
1059473,0,0,0,0,0,0,1,20170507,20170521
1059474,0,0,0,0,0,1,0,20170513,20170513
1059475,0,0,0,0,0,1,0,20170520,20170520
1059476,0,0,0,0,0,1,0,20170527,20170603
1059477,0,0,0,0,0,0,1,20170528,20170528
1059478,1,0,0,0,0,0,0,20170529,20170529
1059479,0,0,0,0,0,0,1,20170604,20170611
1059480,0,0,0,0,0,1,0,20170610,20170624
1059481,0,0,0,0,0,0,1,20170618,20170618
1059482,0,0,0,0,0,0,1,20170625,20170709
1059483,0,0,0,0,0,1,0,20170701,20170701
1059484,0,1,0,0,0,1,0,20170704,20170708
1059485,0,0,0,0,0,1,0,20170715,20170722
1059486,0,0,0,0,0,0,1,20170716,20170716
1059487,0,0,0,0,0,0,1,20170723,20170827
1059488,0,0,0,0,0,1,0,20170729,20170805
1059489,0,0,0,0,0,1,0,20170812,20170812
1059490,0,0,0,0,0,1,0,20170819,20170819
1059491,0,0,0,0,0,1,0,20170826,20170826
1059492,0,0,0,0,0,1,0,20170902,20170909
1059493,0,0,0,0,0,0,1,20170903,20170903
1059494,1,0,0,0,0,0,0,20170904,20170904
1059495,0,0,0,0,0,0,1,20170910,20170924
1059496,0,0,0,0,0,1,0,20170916,20170916
1059497,0,0,0,0,0,1,0,20170923,20170923
1059498,0,0,0,0,0,1,0,20170930,20180930
1059499,0,0,0,0,0,0,1,20171001,20181001
1062744,1,1,1,1,1,1,1,20170419,20170428
1062745,1,1,1,1,1,1,1,20170429,20171006
1062746,1,1,1,1,1,1,1,20171007,20181007
1062741,1,1,1,1,1,1,1,20170419,20170428
1062742,1,1,1,1,1,1,1,20170429,20171006
1062743,1,1,1,1,1,1,1,20171007,20181007
1062747,1,1,1,1,1,1,1,20170419,20170428
1062748,1,1,1,1,1,1,1,20170429,20171006
1062749,1,1,1,1,1,1,1,20171007,20181007
1062750,1,1,1,1,1,1,1,20170419,20170428
1061320,0,0,0,0,0,1,0,20170429,20170429
1062751,1,1,1,1,1,1,1,20170430,20171006
1062752,1,1,1,1,1,1,1,20171007,20181007
1056534,1,0,1,1,1,0,0,20170331,20170403
1055897,1,1,1,1,1,0,0,20170407,20170526
1055473,1,1,1,1,1,0,0,20170530,20170703
1055475,1,1,1,1,1,0,0,20170705,20180705
1052712,1,1,1,1,1,0,0,20170328,20170526
1046770,1,1,1,1,1,0,0,20170530,20170703
1046772,1,1,1,1,1,0,0,20170705,20180705
1052714,1,1,1,1,1,1,1,20170328,20180505
1052720,1,1,1,1,1,0,0,20170328,20170526
1046782,1,1,1,1,1,0,0,20170530,20170703
1046784,1,1,1,1,1,0,0,20170705,20180705
1056535,1,0,1,1,1,0,0,20170331,20170403
1055900,1,1,1,1,1,0,0,20170407,20170526
1055481,1,1,1,1,1,0,0,20170530,20170703
1055476,1,1,1,1,1,0,0,20170705,20180705
1052721,1,1,1,1,1,0,0,20170328,20170526
1046786,1,1,1,1,1,0,0,20170530,20170703
1046788,1,1,1,1,1,0,0,20170705,20180705
1055901,1,1,1,1,1,0,0,20170330,20170403
1055902,1,1,1,1,1,0,0,20170404,20170526
1055904,1,1,1,1,1,0,0,20170530,20170703
1055906,1,1,1,1,1,0,0,20170705,20180705
1052722,1,1,1,1,1,1,1,20170328,20170409
1050101,0,0,0,1,1,1,1,20170413,20170507
1050102,1,1,1,1,1,1,1,20170511,20180511
1056536,1,0,1,1,0,0,0,20170331,20170403
1055910,1,1,1,1,0,0,0,20170410,20170525
1055912,1,1,1,1,0,0,0,20170530,20170703
1055914,1,1,1,1,0,0,0,20170705,20180705
1050139,1,1,1,0,0,0,0,20170410,20170510
1055918,1,1,1,1,1,1,1,20170330,20170403
1055919,1,1,1,1,1,1,1,20170404,20180505
1056537,1,0,1,1,1,0,0,20170331,20170403
1055917,1,1,1,1,1,0,0,20170407,20170526
1055494,1,1,1,1,1,0,0,20170530,20170703
1055496,1,1,1,1,1,0,0,20170705,20180705
1055925,1,1,1,1,1,0,0,20170330,20170403
1055920,1,1,1,1,1,0,0,20170404,20170526
1055922,1,1,1,1,1,0,0,20170530,20170703
1055924,1,1,1,1,1,0,0,20170705,20180705
1052731,1,1,1,1,1,1,1,20170328,20180505
1055926,1,1,1,1,1,0,0,20170330,20170403
1055927,1,1,1,1,1,0,0,20170404,20170526
1055929,1,1,1,1,1,0,0,20170530,20170703
1055931,1,1,1,1,1,0,0,20170705,20180705
1052743,0,0,0,0,0,1,1,20170328,20180505
1046815,1,0,0,0,0,0,0,20170529,20170529
1046816,0,1,0,0,0,0,0,20170704,20170704
1052742,0,0,0,0,0,1,0,20170328,20180505
1046812,0,0,0,0,0,0,1,20170528,20170528
1046813,0,1,0,0,0,0,0,20170704,20170704
1052744,0,0,0,0,0,1,1,20170328,20180505
1046818,1,0,0,0,0,0,0,20170529,20170529
1046819,0,1,0,0,0,0,0,20170704,20170704
1052745,0,0,0,0,0,0,1,20170328,20170521
1040506,1,0,0,0,0,0,0,20170529,20170529
1040507,0,0,0,0,0,0,1,20170604,20180604
1052746,0,0,0,0,1,0,0,20170328,20180505
1052762,0,0,0,0,0,0,1,20170328,20170521
1040520,1,0,0,0,0,0,0,20170529,20170529
1040521,0,0,0,0,0,0,1,20170604,20180604
1055961,0,0,0,0,0,1,1,20170401,20170402
1055958,0,0,0,0,0,1,1,20170408,20180505
1055959,1,0,0,0,0,0,0,20170529,20170529
1055960,0,1,0,0,0,0,0,20170704,20170704
1052764,0,0,0,0,0,1,1,20170328,20180505
1046827,1,0,0,0,0,0,0,20170529,20170529
1046828,0,1,0,0,0,0,0,20170704,20170704
1055935,0,0,0,0,0,1,1,20170401,20170402
1055932,0,0,0,0,0,1,1,20170408,20180505
1055933,1,0,0,0,0,0,0,20170529,20170529
1055934,0,1,0,0,0,0,0,20170704,20170704
1055936,1,1,1,1,1,1,0,20170330,20170403
1055937,0,1,1,1,1,1,0,20170404,20170408
1055939,0,0,0,1,1,1,0,20170413,20170506
1055940,1,1,1,1,1,1,0,20170511,20170527
1055941,0,0,0,0,0,0,1,20170528,20170528
1055943,1,1,1,1,1,1,0,20170530,20170703
1055945,1,1,1,1,1,1,0,20170705,20170902
1055947,1,1,1,1,1,1,0,20170905,20180905
1055948,1,1,1,1,1,1,1,20170330,20170408
1050860,1,1,1,0,0,0,1,20170409,20170510
1050861,0,0,0,1,1,1,0,20170413,20170506
1050862,1,1,1,1,1,1,1,20170511,20170822
1050863,1,1,1,1,1,1,1,20170823,20170904
1050864,1,1,1,1,1,1,1,20170905,20180905
1050138,1,1,1,0,0,0,0,20170410,20170510
1055949,1,1,1,1,1,1,1,20170330,20170408
1050866,1,1,1,1,1,1,1,20170409,20170822
1050867,1,1,1,1,1,1,1,20170823,20170904
1050868,1,1,1,1,1,1,1,20170905,20180905
1055950,1,1,1,1,1,1,1,20170330,20170403
1055951,0,1,1,1,1,1,0,20170404,20170408
1055952,1,1,1,0,0,0,1,20170409,20170510
1055953,0,0,0,1,1,1,0,20170413,20170506
1055954,1,1,1,1,1,1,1,20170511,20170822
1055955,1,1,1,1,1,1,1,20170823,20170904
1055956,1,1,1,1,1,1,1,20170905,20180905
1055957,0,0,0,0,0,0,1,20170402,20170402
1050876,0,0,0,0,0,0,1,20170409,20170521
1050878,1,0,0,0,0,0,0,20170529,20170529
1050879,0,0,0,0,0,0,1,20170604,20170820
1050880,0,1,0,0,0,0,0,20170704,20170704
1050881,0,0,0,0,0,0,1,20170827,20170827
1050883,1,0,0,0,0,0,0,20170904,20170904
1050884,0,0,0,0,0,0,1,20170910,20180910
1052833,1,1,1,1,1,0,0,20170328,20170407
1050949,1,1,1,1,1,0,0,20170410,20170526
1050951,1,1,1,1,1,0,0,20170530,20170703
1050953,1,1,1,1,1,0,0,20170705,20180705
1052835,1,1,1,1,0,1,1,20170328,20180505
1052837,0,0,0,0,0,1,0,20170328,20180505
1046853,0,0,0,0,0,0,1,20170528,20170528
1046854,0,1,0,0,0,0,0,20170704,20170704
1052834,0,0,0,0,1,0,0,20170328,20180505
1052836,0,0,0,0,0,0,1,20170328,20170521
1040546,1,0,0,0,0,0,0,20170529,20170529
1040547,0,0,0,0,0,0,1,20170604,20180604
1054000,1,1,1,1,1,1,1,20170328,20180505
1054001,1,1,1,1,1,1,1,20170328,20180505
1065884,1,1,1,1,1,0,0,20170429,20170526
984665,1,1,1,1,1,1,0,20170529,20180529
1065886,1,1,1,1,1,0,0,20170429,20170526
984668,1,1,1,1,1,1,0,20170529,20180529
1065888,1,1,1,1,1,1,1,20170429,20170526
1065889,1,1,1,1,1,1,1,20170527,20180527
1065890,1,1,1,1,1,1,1,20170429,20170526
1065891,1,1,1,1,1,1,1,20170527,20180527
1065864,1,1,1,1,1,1,1,20170429,20170526
1065865,1,1,1,1,1,1,1,20170527,20180527
1065866,1,1,1,1,1,1,1,20170429,20170526
1065867,1,1,1,1,1,1,1,20170527,20180527
1065868,1,1,1,1,1,1,1,20170429,20170526
1065869,1,1,1,1,1,1,1,20170527,20180527
1065870,1,1,1,1,1,1,1,20170429,20170526
1065871,1,1,1,1,1,1,1,20170527,20180527
1065872,1,1,1,1,1,1,1,20170429,20170526
1065873,1,1,1,1,1,1,1,20170527,20180527
1065874,1,1,1,1,1,1,1,20170429,20170526
1065875,1,1,1,1,1,1,1,20170527,20180527
1065876,1,1,1,1,1,1,1,20170429,20170526
1065877,1,1,1,1,1,1,1,20170527,20180527
1065878,1,1,1,1,1,1,1,20170429,20170526
1065879,1,1,1,1,1,1,1,20170527,20180527
1065880,1,1,1,1,1,1,1,20170429,20170526
1065881,1,1,1,1,1,1,1,20170527,20180527
1065882,1,1,1,1,1,1,1,20170429,20170526
1065883,1,1,1,1,1,1,1,20170527,20180527
1065892,0,0,0,0,0,1,0,20170429,20170520
1065893,0,0,0,0,0,1,0,20170527,20180527
1065894,0,0,0,0,0,1,0,20170429,20170527
1065895,0,0,0,0,0,1,0,20170603,20170624
1065896,0,0,0,0,0,1,0,20170701,20170708
1065897,0,0,0,0,0,1,0,20170715,20170722
1065898,0,0,0,0,0,1,0,20170729,20170729
1065899,0,0,0,0,0,1,0,20170805,20180805
1058276,1,0,1,0,1,0,1,20170405,20170430
1058277,1,0,1,0,1,0,1,20170501,20180505
1058279,0,1,1,0,1,0,1,20170405,20170430
1058278,0,1,1,0,1,0,1,20170502,20180505
1060222,1,1,1,1,1,1,1,20170412,20170423
1060223,1,1,1,1,1,0,0,20170424,20170512
1060224,0,0,0,0,0,1,1,20170429,20170507
1060225,1,1,1,1,1,1,1,20170513,20180513
1053469,1,1,1,1,1,1,1,20170328,20180505
1053466,1,1,1,1,1,1,1,20170328,20180505
1053467,1,1,1,1,1,1,1,20170328,20180505
1055071,1,1,1,1,1,0,0,20170329,20170526
1055073,1,1,1,1,1,0,0,20170530,20170703
1055075,1,1,1,1,1,0,0,20170705,20180705
1054995,1,1,1,1,1,0,0,20170329,20170526
1054997,1,1,1,1,1,0,0,20170530,20170703
1054999,1,1,1,1,1,0,0,20170705,20180705
1055076,1,1,1,1,1,0,0,20170329,20170526
1055078,1,1,1,1,1,0,0,20170530,20170703
1055080,1,1,1,1,1,0,0,20170705,20180705
1055081,1,1,1,1,1,0,0,20170329,20170526
1055083,1,1,1,1,1,0,0,20170530,20170703
1055085,1,1,1,1,1,0,0,20170705,20180705
1055087,1,1,1,1,1,0,0,20170329,20170526
1055088,1,1,1,1,1,0,0,20170530,20170703
1055090,1,1,1,1,1,0,0,20170705,20180705
1053940,0,0,0,0,0,1,0,20170328,20180505
1052081,0,0,0,0,0,0,1,20170528,20170528
1053969,0,0,0,0,0,1,0,20170328,20180505
1052165,0,0,0,0,0,0,1,20170528,20170528
1053970,0,0,0,0,0,0,1,20170328,20170521
1052168,1,0,0,0,0,0,0,20170529,20170529
1052169,0,0,0,0,0,0,1,20170604,20180604
1052170,0,1,0,0,0,0,0,20170704,20170704
1053941,0,0,0,0,0,0,1,20170328,20170521
1052084,1,0,0,0,0,0,0,20170529,20170529
1052085,0,0,0,0,0,0,1,20170604,20180604
1052086,0,1,0,0,0,0,0,20170704,20170704
1055092,1,1,1,1,0,0,0,20170329,20170525
1055093,1,1,1,1,0,0,0,20170530,20170629
1055096,1,1,1,1,0,0,0,20170705,20180705
1055000,1,1,1,1,0,0,0,20170329,20170525
1055001,0,0,0,0,1,0,0,20170331,20180505
1055003,1,1,1,1,0,0,0,20170530,20170703
1055005,1,1,1,1,0,0,0,20170705,20180705
1055006,1,1,1,1,1,0,0,20170329,20170526
1055008,1,1,1,1,1,0,0,20170530,20170703
1055010,1,1,1,1,1,0,0,20170705,20180705
1055011,1,1,1,1,1,0,0,20170329,20170526
1055013,1,1,1,1,1,0,0,20170530,20170703
1055015,1,1,1,1,1,0,0,20170705,20180705
1053972,0,0,0,0,0,0,1,20170328,20170521
1052178,1,0,0,0,0,0,0,20170529,20170529
1052179,0,0,0,0,0,0,1,20170604,20180604
1052180,0,1,0,0,0,0,0,20170704,20170704
1055016,1,1,1,1,1,0,0,20170329,20170526
1055018,1,1,1,1,1,0,0,20170530,20170703
1055020,1,1,1,1,1,0,0,20170705,20180705
1055973,1,1,1,1,1,0,0,20170330,20170403
1055974,0,1,1,1,0,0,0,20170404,20170406
1055975,1,1,1,1,1,0,0,20170407,20170526
1055507,1,1,1,1,1,0,0,20170530,20170703
1055509,1,1,1,1,1,0,0,20170705,20180705
1055097,1,1,1,1,1,0,0,20170329,20170526
1055099,1,1,1,1,1,0,0,20170530,20170703
1055101,1,1,1,1,1,0,0,20170705,20180705
1055985,1,1,1,1,1,0,0,20170330,20170403
1055986,0,1,1,1,0,0,0,20170404,20170406
1055987,1,1,1,1,1,0,0,20170407,20170526
1055535,1,1,1,1,1,0,0,20170530,20170703
1055537,1,1,1,1,1,0,0,20170705,20180705
1055976,1,1,1,1,1,0,0,20170330,20170403
1055977,0,1,1,1,0,0,0,20170404,20170406
1055978,1,1,1,1,1,0,0,20170407,20170526
1055514,1,1,1,1,1,0,0,20170530,20170703
1055516,1,1,1,1,1,0,0,20170705,20180705
1055031,1,1,1,1,1,0,0,20170329,20170526
1055033,1,1,1,1,1,0,0,20170530,20170703
1055035,1,1,1,1,1,0,0,20170705,20180705
1055107,1,1,1,1,1,0,0,20170329,20170526
1055109,1,1,1,1,1,0,0,20170530,20170703
1055111,1,1,1,1,1,0,0,20170705,20180705
1055036,1,1,1,1,1,0,0,20170329,20170526
1055038,1,1,1,1,1,0,0,20170530,20170703
1055040,1,1,1,1,1,0,0,20170705,20180705
1055112,1,1,1,1,1,0,0,20170329,20170526
1055114,1,1,1,1,1,0,0,20170530,20170703
1055116,1,1,1,1,1,0,0,20170705,20180705
1055041,1,1,1,1,1,0,0,20170329,20170526
1055043,1,1,1,1,1,0,0,20170530,20170703
1055045,1,1,1,1,1,0,0,20170705,20180705
1055046,1,1,1,1,1,0,0,20170329,20170526
1055048,1,1,1,1,1,0,0,20170530,20170703
1055050,1,1,1,1,1,0,0,20170705,20180705
1055988,1,1,1,1,1,0,0,20170330,20170403
1055989,0,1,1,1,0,0,0,20170404,20170406
1055990,1,1,1,1,1,0,0,20170407,20170526
1055542,1,1,1,1,1,0,0,20170530,20170703
1055544,1,1,1,1,1,0,0,20170705,20180705
1055979,1,1,1,1,1,0,0,20170330,20170403
1055980,0,1,1,1,0,0,0,20170404,20170406
1055981,1,1,1,1,1,0,0,20170407,20170526
1055521,1,1,1,1,1,0,0,20170530,20170703
1055523,1,1,1,1,1,0,0,20170705,20180705
1055982,1,1,1,1,1,0,0,20170330,20170403
1055983,0,1,1,1,0,0,0,20170404,20170406
1055984,1,1,1,1,1,0,0,20170407,20170526
1055528,1,1,1,1,1,0,0,20170530,20170703
1055530,1,1,1,1,1,0,0,20170705,20180705
1055991,1,1,1,1,1,0,0,20170330,20170403
1055992,0,1,1,1,0,0,0,20170404,20170406
1055993,1,1,1,1,1,0,0,20170407,20170526
1055549,1,1,1,1,1,0,0,20170530,20170703
1055551,1,1,1,1,1,0,0,20170705,20180705
1055061,1,1,1,1,1,0,0,20170329,20170526
1055063,1,1,1,1,1,0,0,20170530,20170703
1055065,1,1,1,1,1,0,0,20170705,20180705
1055994,1,1,1,1,1,0,0,20170330,20170403
1055995,0,1,1,1,0,0,0,20170404,20170406
1055996,1,1,1,1,1,0,0,20170407,20170526
1055556,1,1,1,1,1,0,0,20170530,20170703
1055558,1,1,1,1,1,0,0,20170705,20180705
1055066,1,1,1,1,1,0,0,20170329,20170526
1055068,1,1,1,1,1,0,0,20170530,20170703
1055070,1,1,1,1,1,0,0,20170705,20180705
1053957,0,0,0,0,1,0,0,20170328,20180505
1052131,1,0,0,0,0,0,0,20170703,20170703
1053958,0,0,0,0,0,1,1,20170328,20180505
1052133,1,0,0,0,0,0,0,20170529,20170529
1052134,0,1,0,0,0,0,0,20170704,20170704
1053959,0,0,0,0,0,1,1,20170328,20180505
1052136,1,0,0,0,0,0,0,20170529,20170529
1052137,0,1,0,0,0,0,0,20170704,20170704
1053960,0,0,0,0,0,1,0,20170328,20180505
1052139,0,0,0,0,0,0,1,20170528,20170528
1053980,0,0,0,0,0,1,1,20170328,20180505
1052203,1,0,0,0,0,0,0,20170529,20170529
1052204,0,1,0,0,0,0,0,20170704,20170704
1053961,0,0,0,0,0,1,1,20170328,20180505
1052141,1,0,0,0,0,0,0,20170529,20170529
1052142,0,1,0,0,0,0,0,20170704,20170704
1053981,0,0,0,0,0,1,1,20170328,20180505
1052206,1,0,0,0,0,0,0,20170529,20170529
1052207,0,1,0,0,0,0,0,20170704,20170704
1053962,0,0,0,0,0,1,1,20170328,20180505
1052144,1,0,0,0,0,0,0,20170529,20170529
1052145,0,1,0,0,0,0,0,20170704,20170704
1053936,0,0,0,0,0,1,1,20170328,20180505
1052069,1,0,0,0,0,0,0,20170529,20170529
1052070,0,1,0,0,0,0,0,20170704,20170704
1053963,0,0,0,0,0,1,1,20170328,20180505
1052147,1,0,0,0,0,0,0,20170529,20170529
1052148,0,1,0,0,0,0,0,20170704,20170704
1053937,0,0,0,0,0,1,1,20170328,20180505
1052072,1,0,0,0,0,0,0,20170529,20170529
1052073,0,1,0,0,0,0,0,20170704,20170704
1053964,0,0,0,0,0,1,1,20170328,20180505
1052150,1,0,0,0,0,0,0,20170529,20170529
1052151,0,1,0,0,0,0,0,20170704,20170704
1053938,0,0,0,0,0,1,1,20170328,20180505
1052075,1,0,0,0,0,0,0,20170529,20170529
1052076,0,1,0,0,0,0,0,20170704,20170704
1053982,0,0,0,0,0,0,1,20170328,20170521
1052210,1,0,0,0,0,0,0,20170529,20170529
1052211,0,0,0,0,0,0,1,20170604,20180604
1052212,0,1,0,0,0,0,0,20170704,20170704
1053470,1,1,1,1,0,0,1,20170328,20170329
1053471,0,0,0,1,0,0,0,20170330,20170330
1053472,0,0,0,0,1,0,0,20170331,20170331
1053473,0,0,0,0,1,1,0,20170401,20170407
1053474,1,1,1,1,0,0,1,20170402,20170406
1053475,0,0,0,0,1,1,0,20170408,20170902
1053476,1,1,1,1,0,0,1,20170409,20170903
1053477,1,1,1,1,0,0,1,20170904,20180904
1053478,0,0,0,0,1,1,0,20170908,20180908
1053479,1,1,1,1,1,0,0,20170328,20180505
1053480,0,0,0,0,0,1,1,20170401,20170402
1053481,0,0,0,0,0,1,1,20170408,20180505
1061580,1,1,1,1,1,1,1,20170417,20170903
1061581,1,1,1,1,1,1,1,20170904,20180904
1061582,1,1,1,1,1,1,1,20170417,20180505
1064099,1,1,1,1,1,1,1,20170423,20170427
1064100,1,1,1,1,1,1,1,20170428,20170515
1064101,0,1,0,0,0,0,0,20170516,20170523
1064102,1,0,1,1,1,1,1,20170517,20170522
1064103,0,0,1,0,0,0,0,20170524,20170524
1064104,1,1,1,1,1,1,1,20170525,20180525
1064105,1,1,1,1,1,1,1,20170423,20170427
1064106,1,1,1,1,1,1,1,20170428,20170515
1064107,0,1,0,0,0,0,0,20170516,20170523
1064108,1,0,1,1,1,1,1,20170517,20170522
1064109,1,1,1,1,1,1,1,20170524,20180524
1064117,1,1,1,1,1,1,1,20170423,20170427
1064112,1,1,1,1,1,1,1,20170428,20170515
1064113,0,1,0,0,0,0,0,20170516,20170523
1064114,1,0,1,1,1,1,1,20170517,20170522
1064115,0,0,1,0,0,0,0,20170524,20170524
1064116,1,1,1,1,1,1,1,20170525,20180525
1064110,1,1,1,1,1,1,1,20170423,20170427
1064111,1,1,1,1,1,1,1,20170428,20170515
1060936,0,1,0,0,0,0,0,20170516,20170523
1060938,1,1,1,1,1,1,1,20170524,20180524
1064119,1,1,1,1,1,1,1,20170423,20170427
1064118,1,1,1,1,1,1,1,20170428,20170515
1064120,0,1,0,0,0,0,0,20170516,20170523
1064121,1,0,1,1,1,1,1,20170517,20170522
1064122,1,1,1,1,1,1,1,20170524,20180524
1064123,1,1,1,1,1,1,1,20170423,20170427
1064124,1,1,1,1,1,1,1,20170428,20170514
1064125,1,0,0,0,0,0,0,20170515,20170515
1064126,0,1,0,0,0,0,0,20170516,20170523
1064127,1,0,1,1,1,1,1,20170517,20170522
1064128,1,1,1,1,1,1,1,20170524,20180524
1064129,1,1,1,1,1,1,1,20170423,20170427
1064130,1,1,1,1,1,1,1,20170428,20170515
1064131,0,1,0,0,0,0,0,20170516,20170523
1064132,1,0,1,1,1,1,1,20170517,20170522
1064133,1,1,1,1,1,1,1,20170524,20180524
1064134,1,1,1,1,1,1,1,20170423,20170427
1064135,1,1,1,1,1,1,1,20170428,20170514
1064136,1,0,0,0,0,0,0,20170515,20170515
1064138,0,1,0,0,0,0,0,20170516,20170523
1064139,1,0,1,1,1,1,1,20170517,20170522
1064137,1,1,1,1,1,1,1,20170524,20180524
1061905,1,1,1,1,1,1,1,20170417,20170822
1061906,1,1,1,1,1,1,1,20170823,20170904
1061907,1,1,1,1,1,1,1,20170905,20180905
1061908,1,1,1,1,1,1,1,20170417,20170822
1061909,1,1,1,1,1,1,1,20170823,20170904
1061910,1,1,1,1,1,1,1,20170905,20180905
1052839,1,1,1,1,1,1,1,20170328,20180505
1052838,1,1,1,1,1,1,1,20170328,20180505
1052840,1,1,1,1,1,1,1,20170328,20180505
1052841,1,1,1,1,1,1,1,20170328,20180505
1061652,1,1,1,1,1,0,0,20170417,20170526
1061654,1,1,1,1,1,0,0,20170530,20170703
1061656,1,1,1,1,1,0,0,20170705,20180705
1061657,1,1,1,1,1,0,0,20170417,20170526
1061659,1,1,1,1,1,0,0,20170530,20170703
1061661,1,1,1,1,1,0,0,20170705,20180705
959425,0,0,1,0,0,0,0,20161123,20161123
1061662,0,0,0,0,0,0,1,20170417,20170521
1046867,1,0,0,0,0,0,0,20170529,20170529
1046868,0,0,0,0,0,0,1,20170604,20180604
1046869,0,1,0,0,0,0,0,20170704,20170704
1061663,1,1,1,1,1,0,0,20170417,20170526
1046872,1,1,1,1,1,0,0,20170530,20170703
1046874,1,1,1,1,1,0,0,20170705,20180705
1061664,0,0,0,0,0,0,1,20170417,20170521
1046877,1,0,0,0,0,0,0,20170529,20170529
1046878,0,0,0,0,0,0,1,20170604,20180604
1046879,0,1,0,0,0,0,0,20170704,20170704
1061665,1,1,1,1,1,0,0,20170417,20170526
1061667,1,1,1,1,1,0,0,20170530,20170703
1061669,1,1,1,1,1,0,0,20170705,20180705
1061670,1,1,1,1,1,0,0,20170417,20170526
1061672,1,1,1,1,1,0,0,20170530,20170703
1061674,1,1,1,1,1,0,0,20170705,20180705
1061675,1,1,1,1,1,0,0,20170417,20170526
1046889,1,1,1,1,1,0,0,20170530,20170703
1046891,1,1,1,1,1,0,0,20170705,20180705
1061677,0,0,0,0,0,1,0,20170417,20180505
1039843,0,0,0,0,0,0,1,20170528,20170528
1061676,0,0,0,0,0,0,1,20170417,20170521
1046894,1,0,0,0,0,0,0,20170529,20170529
1046895,0,0,0,0,0,0,1,20170604,20180604
1046896,0,1,0,0,0,0,0,20170704,20170704
1061678,0,0,0,0,1,0,0,20170417,20180505
1061679,0,0,0,1,1,0,0,20170417,20180505
1040598,1,0,0,0,0,0,0,20170703,20170703
1061680,0,0,0,0,0,1,1,20170417,20180505
1061681,1,0,0,0,0,0,0,20170529,20170529
1061682,0,1,0,0,0,0,0,20170704,20170704
1061692,0,0,0,0,1,0,0,20170421,20170421
1061693,0,0,0,0,1,0,0,20170428,20170428
1061694,0,0,0,0,1,0,0,20170505,20170519
1061695,0,0,0,0,1,0,0,20170526,20170526
1061696,0,0,0,0,1,0,0,20170602,20170623
1061697,0,0,0,0,1,0,0,20170630,20180630
1061683,1,1,1,1,1,0,0,20170417,20170519
1061684,1,1,1,1,1,0,0,20170522,20170526
1061686,1,1,1,1,1,0,0,20170530,20170605
1061687,1,1,1,1,1,0,0,20170606,20170623
1061688,1,1,1,1,1,0,0,20170626,20170703
1061690,1,1,1,1,1,0,0,20170705,20180705
1061691,1,1,1,1,1,0,0,20170417,20170526
1046907,1,1,1,1,1,0,0,20170530,20170703
1046909,1,1,1,1,1,0,0,20170705,20180705
1061709,0,0,0,0,0,0,1,20170417,20170521
1061711,1,0,0,0,0,0,0,20170529,20170529
1061712,0,0,0,0,0,0,1,20170604,20170723
1061713,0,1,0,0,0,0,0,20170704,20170704
1061714,0,0,0,0,0,0,1,20170730,20180730
1061698,0,0,0,0,0,1,0,20170422,20170422
1061699,0,0,0,0,0,1,1,20170423,20170430
1061700,0,0,0,0,0,1,0,20170506,20170520
1061701,0,0,0,0,0,0,1,20170507,20170514
1061702,0,0,0,0,0,1,1,20170521,20170528
1061703,1,0,0,0,0,0,0,20170529,20170529
1061704,0,0,0,0,0,1,0,20170603,20170624
1061705,0,0,0,0,0,0,1,20170604,20170618
1061706,0,0,0,0,0,1,1,20170625,20180625
1061707,0,1,0,0,0,0,0,20170704,20170704
1061708,1,1,1,1,1,0,0,20170417,20170526
1046916,1,1,1,1,1,0,0,20170530,20170703
1046918,1,1,1,1,1,0,0,20170705,20180705
1061715,0,0,0,0,0,1,1,20170422,20170423
1061716,0,0,0,0,0,1,1,20170429,20170430
1061717,0,0,0,0,0,1,1,20170506,20170521
1061718,0,0,0,0,0,1,1,20170527,20170528
1061719,1,0,0,0,0,0,0,20170529,20170529
1061720,0,0,0,0,0,1,1,20170603,20170625
1061721,0,0,0,0,0,1,1,20170701,20180701
1061722,0,1,0,0,0,0,0,20170704,20170704
1061729,0,0,0,0,0,0,1,20170417,20170521
1046932,1,0,0,0,0,0,0,20170529,20170529
1046933,0,0,0,0,0,0,1,20170604,20180604
1046934,0,1,0,0,0,0,0,20170704,20170704
1061723,0,0,0,0,0,1,0,20170422,20170422
1061724,0,0,0,0,0,1,0,20170429,20170429
1061725,0,0,0,0,0,1,0,20170506,20170520
1061726,0,0,0,0,0,1,1,20170527,20170528
1061727,0,0,0,0,0,1,0,20170603,20170624
1061728,0,0,0,0,0,1,0,20170701,20180701
1061732,0,0,0,0,0,1,0,20170422,20170422
1061733,0,0,0,0,0,1,0,20170429,20170429
1061734,0,0,0,0,0,1,0,20170506,20170520
1061735,0,0,0,0,0,1,1,20170527,20170528
1061736,0,0,0,0,0,1,0,20170603,20170624
1061737,0,0,0,0,0,1,0,20170701,20180701
1061730,1,1,1,1,1,0,0,20170417,20170420
1060899,0,0,0,0,1,0,0,20170421,20170421
1060900,1,1,1,1,1,0,0,20170424,20170504
1060901,0,0,0,0,1,0,0,20170505,20170519
1060902,1,1,1,1,0,0,0,20170508,20170518
1060903,1,1,1,1,1,0,0,20170522,20170526
1060905,1,1,1,1,0,0,0,20170530,20170622
1060906,0,0,0,0,1,0,0,20170602,20170623
1060907,1,1,1,1,1,0,0,20170626,20170703
1060909,1,1,1,1,1,0,0,20170705,20180705
1061842,0,0,0,0,0,0,1,20170417,20170521
1047124,1,0,0,0,0,0,0,20170529,20170529
1047125,0,0,0,0,0,0,1,20170604,20180604
1047126,0,1,0,0,0,0,0,20170704,20170704
1061731,0,0,0,0,0,1,1,20170417,20180505
1046940,1,0,0,0,0,0,0,20170529,20170529
1046941,0,1,0,0,0,0,0,20170704,20170704
1061738,1,1,1,1,1,0,0,20170417,20170526
1046943,1,1,1,1,1,0,0,20170530,20170703
1046945,1,1,1,1,1,0,0,20170705,20180705
1061739,0,0,0,0,0,1,1,20170417,20180505
1046947,1,0,0,0,0,0,0,20170529,20170529
1046948,0,1,0,0,0,0,0,20170704,20170704
1061740,0,0,0,0,0,1,1,20170417,20180505
1046950,1,0,0,0,0,0,0,20170529,20170529
1046951,0,1,0,0,0,0,0,20170704,20170704
1061742,0,0,0,0,0,0,1,20170417,20170521
1040650,1,0,0,0,0,0,0,20170529,20170529
1040651,0,0,0,0,0,0,1,20170604,20180604
1061741,0,0,0,0,0,1,1,20170417,20180505
1046953,1,0,0,0,0,0,0,20170529,20170529
1046954,0,1,0,0,0,0,0,20170704,20170704
1061743,0,0,0,0,0,1,1,20170417,20180505
1046956,1,0,0,0,0,0,0,20170529,20170529
1046957,0,1,0,0,0,0,0,20170704,20170704
1061744,0,0,0,0,0,0,1,20170423,20170423
1061745,0,0,0,0,0,0,1,20170430,20170430
1061746,0,0,0,0,0,0,1,20170507,20170521
1061748,1,0,0,0,0,0,0,20170529,20170529
1061749,0,0,0,0,0,0,1,20170604,20170625
1061750,0,0,0,0,0,0,1,20170702,20180702
1061751,0,1,0,0,0,0,0,20170704,20170704
1061752,0,0,0,0,0,1,1,20170417,20180505
1046966,1,0,0,0,0,0,0,20170529,20170529
1046967,0,1,0,0,0,0,0,20170704,20170704
1061757,0,0,0,0,0,1,0,20170417,20180505
1061758,0,0,0,0,0,0,1,20170528,20170528
1061753,0,0,0,0,0,1,1,20170417,20170723
1061754,1,0,0,0,0,0,0,20170529,20170529
1061755,0,1,0,0,0,0,0,20170704,20170704
1061756,0,0,0,0,0,1,1,20170729,20180729
1061759,0,0,0,0,0,1,1,20170417,20170723
1061760,1,0,0,0,0,0,0,20170529,20170529
1061761,0,1,0,0,0,0,0,20170704,20170704
1061762,0,0,0,0,0,1,1,20170729,20180729
1061765,0,0,0,0,0,1,1,20170417,20170723
1061766,1,0,0,0,0,0,0,20170529,20170529
1061767,0,1,0,0,0,0,0,20170704,20170704
1061768,0,0,0,0,0,1,1,20170729,20180729
1061763,0,0,0,0,0,1,0,20170417,20180505
1061764,0,0,0,0,0,0,1,20170528,20170528
1061769,0,0,0,0,0,1,1,20170417,20170723
1061770,1,0,0,0,0,0,0,20170529,20170529
1061771,0,1,0,0,0,0,0,20170704,20170704
1061772,0,0,0,0,0,1,1,20170729,20180729
1061778,0,0,0,0,0,1,1,20170417,20170723
1061779,1,0,0,0,0,0,0,20170529,20170529
1061780,0,1,0,0,0,0,0,20170704,20170704
1061781,0,0,0,0,0,1,1,20170729,20180729
1061773,0,0,0,0,0,0,1,20170417,20170521
1061775,1,0,0,0,0,0,0,20170529,20170529
1061776,0,0,0,0,0,0,1,20170604,20180604
1061777,0,1,0,0,0,0,0,20170704,20170704
1061782,0,0,0,0,0,1,0,20170417,20180505
1039887,0,0,0,0,0,0,1,20170528,20170528
1061787,0,0,0,0,0,1,0,20170417,20180505
1039889,0,0,0,0,0,0,1,20170528,20170528
1061783,0,0,0,0,0,1,1,20170417,20170723
1061784,1,0,0,0,0,0,0,20170529,20170529
1061785,0,1,0,0,0,0,0,20170704,20170704
1061786,0,0,0,0,0,1,1,20170729,20180729
1061788,1,1,1,1,1,0,0,20170417,20170526
1061790,1,1,1,1,1,0,0,20170530,20170703
1061792,1,1,1,1,1,0,0,20170705,20170908
1061793,1,1,1,1,1,0,0,20170911,20180911
1061802,1,1,1,1,1,0,0,20170417,20170526
1047003,1,1,1,1,1,0,0,20170530,20170703
1047005,1,1,1,1,1,0,0,20170705,20180705
1061794,1,1,1,1,1,0,0,20170417,20170519
1061795,1,1,1,1,1,0,0,20170522,20170526
1061797,1,1,1,1,1,0,0,20170530,20170605
1061798,1,1,1,1,1,0,0,20170606,20170623
1061799,1,1,1,1,1,0,0,20170626,20170703
1061801,1,1,1,1,1,0,0,20170705,20180705
1061803,1,1,1,1,1,0,0,20170417,20170526
1047008,1,1,1,1,1,0,0,20170530,20170703
1047010,1,1,1,1,1,0,0,20170705,20180705
1057018,1,1,1,1,1,0,0,20170401,20170407
1057019,1,1,1,1,1,0,0,20170410,20170519
1057020,1,1,1,1,1,0,0,20170522,20170526
1057022,1,1,1,1,1,0,0,20170530,20170605
1057023,1,1,1,1,1,0,0,20170606,20170623
1057024,1,1,1,1,1,0,0,20170626,20170703
1057026,1,1,1,1,1,0,0,20170705,20180705
1061804,1,1,1,1,1,0,0,20170417,20170526
1047012,1,1,1,1,1,0,0,20170530,20170703
1047014,1,1,1,1,1,0,0,20170705,20180705
1057030,1,1,1,1,1,0,0,20170401,20170407
1057031,1,1,1,1,1,0,0,20170410,20170519
1057032,1,1,1,1,1,0,0,20170522,20170526
1057034,1,1,1,1,1,0,0,20170530,20170605
1057035,1,1,1,1,1,0,0,20170606,20170623
1057027,1,1,1,1,1,0,0,20170626,20170703
1057029,1,1,1,1,1,0,0,20170705,20180705
1057045,1,1,1,1,1,0,0,20170401,20170407
1057046,1,1,1,1,1,0,0,20170410,20170519
1057047,1,1,1,1,1,0,0,20170522,20170526
1057049,1,1,1,1,1,0,0,20170530,20170605
1057050,1,1,1,1,1,0,0,20170606,20170623
1057051,1,1,1,1,1,0,0,20170626,20170703
1057053,1,1,1,1,1,0,0,20170705,20180705
1057037,1,1,1,1,1,0,0,20170401,20170407
1057036,1,1,1,1,1,0,0,20170410,20170519
1057038,1,1,1,1,1,0,0,20170522,20170526
1057040,1,1,1,1,1,0,0,20170530,20170605
1057041,1,1,1,1,1,0,0,20170606,20170623
1057042,1,1,1,1,1,0,0,20170626,20170703
1057044,1,1,1,1,1,0,0,20170705,20180705
1052674,1,1,1,1,1,0,0,20170328,20170526
1047030,1,1,1,1,1,0,0,20170530,20170703
1047032,1,1,1,1,1,0,0,20170705,20180705
1055871,1,1,1,1,1,0,0,20170330,20170403
1055870,1,1,1,1,1,0,0,20170407,20170526
1055437,1,1,1,1,1,0,0,20170530,20170703
1055439,1,1,1,1,1,0,0,20170705,20180705
1052676,0,0,0,0,0,1,1,20170328,20180505
1047039,1,0,0,0,0,0,0,20170529,20170529
1047040,0,1,0,0,0,0,0,20170704,20170704
1056443,1,0,1,1,1,0,0,20170331,20170403
1055874,1,1,1,1,1,0,0,20170407,20170526
1055444,1,1,1,1,1,0,0,20170530,20170703
1055446,1,1,1,1,1,0,0,20170705,20180705
1052678,1,1,1,1,1,0,0,20170328,20170526
1047045,1,1,1,1,1,0,0,20170530,20170703
1047047,1,1,1,1,1,0,0,20170705,20180705
1052679,1,1,1,1,1,0,0,20170328,20170526
1047050,1,1,1,1,1,0,0,20170530,20170703
1047052,1,1,1,1,1,0,0,20170705,20180705
1056444,1,0,1,1,1,0,0,20170331,20170403
1055877,1,1,1,1,1,0,0,20170407,20170526
1055451,1,1,1,1,1,0,0,20170530,20170703
1055453,1,1,1,1,1,0,0,20170705,20180705
1052680,1,1,1,1,1,0,0,20170328,20170526
1047054,1,1,1,1,1,0,0,20170530,20170703
1047056,1,1,1,1,1,0,0,20170705,20180705
1052682,1,1,1,1,1,0,0,20170328,20170526
1047062,1,1,1,1,1,0,0,20170530,20170703
1047064,1,1,1,1,1,0,0,20170705,20180705
1047128,0,0,0,0,0,0,1,20170409,20170521
1047130,1,0,0,0,0,0,0,20170529,20170529
1047131,0,0,0,0,0,0,1,20170604,20180604
1047132,0,1,0,0,0,0,0,20170704,20170704
1052683,1,1,1,1,1,0,0,20170328,20170526
1047068,1,1,1,1,1,0,0,20170530,20170703
1047070,1,1,1,1,1,0,0,20170705,20180705
1052685,0,0,0,0,0,1,0,20170328,20180505
1040743,0,0,0,0,0,0,1,20170528,20170528
1055878,1,1,1,1,1,0,0,20170330,20170403
1055879,0,1,0,0,0,0,0,20170404,20170404
1055880,0,0,1,1,0,0,0,20170405,20170406
1055881,1,1,1,1,1,0,0,20170407,20170526
1055883,1,1,1,1,1,0,0,20170530,20170703
1055885,1,1,1,1,1,0,0,20170705,20180705
1056445,0,0,0,0,0,0,1,20170402,20170402
1056446,0,0,0,0,0,1,0,20170408,20170722
1056448,0,0,0,0,0,0,1,20170528,20170528
1056449,0,0,0,0,0,1,0,20170729,20180729
1052691,0,0,0,0,0,1,1,20170328,20180505
1047081,1,0,0,0,0,0,0,20170529,20170529
1047082,0,1,0,0,0,0,0,20170704,20170704
1052690,1,1,1,1,0,0,0,20170328,20170525
1047077,1,1,1,1,0,0,0,20170530,20170703
1047079,1,1,1,1,0,0,0,20170705,20180705
1061843,0,0,0,0,1,1,0,20170417,20180505
1040786,0,0,0,0,0,0,1,20170528,20170528
1040787,1,0,0,0,0,0,0,20170703,20170703
1061806,1,1,1,1,1,1,1,20170417,20170723
1061807,1,1,1,1,1,1,1,20170724,20180724
1065268,1,1,1,1,0,0,1,20170427,20170514
1065269,1,1,1,1,0,0,1,20170515,20170525
1065271,1,1,1,1,0,0,1,20170529,20170702
1065273,1,1,1,1,0,0,1,20170704,20180704
1061841,0,0,0,0,0,1,0,20170417,20180505
1039903,0,0,0,0,0,0,1,20170528,20170528
1061833,0,0,0,0,0,1,0,20170417,20180505
1061834,0,0,0,0,0,0,1,20170528,20170528
1061835,0,1,0,0,0,0,0,20170704,20170704
1061837,0,0,0,0,1,0,0,20170417,20170519
1061838,0,0,0,0,1,0,0,20170526,20170609
1061839,0,0,0,0,1,0,0,20170616,20170623
1061840,0,0,0,0,1,0,0,20170630,20180630
1061836,1,1,1,1,1,0,0,20170417,20170526
1047119,1,1,1,1,1,0,0,20170530,20170703
1047121,1,1,1,1,1,0,0,20170705,20180705
1061808,1,1,1,1,1,0,0,20170417,20170526
1047085,1,1,1,1,1,0,0,20170530,20170703
1047087,1,1,1,1,1,0,0,20170705,20180705
1061809,1,1,1,1,1,0,0,20170417,20170526
1047089,1,1,1,1,1,0,0,20170530,20170703
1047091,1,1,1,1,1,0,0,20170705,20180705
1061810,0,0,0,0,0,0,1,20170417,20170521
1047095,1,0,0,0,0,0,0,20170529,20170529
1047096,0,0,0,0,0,0,1,20170604,20180604
1047097,0,1,0,0,0,0,0,20170704,20170704
1061811,0,0,0,0,0,1,1,20170417,20170723
1061812,1,0,0,0,0,0,0,20170529,20170529
1061813,0,1,0,0,0,0,0,20170704,20170704
1061814,0,0,0,0,0,1,1,20170729,20180729
1061815,1,1,1,1,0,0,0,20170417,20170518
1061816,1,1,1,1,0,0,0,20170522,20170525
1061818,1,1,1,1,0,0,0,20170530,20170608
1061819,1,1,1,1,0,0,0,20170612,20170622
1061820,1,1,1,1,0,0,0,20170626,20170703
1061822,1,1,1,1,0,0,0,20170705,20180705
1065274,1,1,1,1,1,0,0,20170427,20170512
1065275,1,1,1,1,1,0,0,20170515,20170526
1065277,1,1,1,1,1,0,0,20170530,20170703
1065279,1,1,1,1,1,0,0,20170705,20180705
1061828,1,1,1,1,1,0,0,20170417,20170526
1047110,1,1,1,1,1,0,0,20170530,20170703
1047112,1,1,1,1,1,0,0,20170705,20180705
1061844,0,0,0,0,0,0,1,20170417,20170521
1061846,1,0,0,0,0,0,0,20170529,20170529
1061847,0,0,0,0,0,0,1,20170604,20180604
1061848,0,1,0,0,0,0,0,20170704,20170704
1061829,0,0,0,0,0,1,1,20170417,20170723
1061830,1,0,0,0,0,0,0,20170529,20170529
1061831,0,1,0,0,0,0,0,20170704,20170704
1061832,0,0,0,0,0,1,1,20170729,20180729
1057386,0,0,0,0,0,1,1,20170402,20170402
1057387,0,0,0,0,0,1,1,20170408,20170423
1057389,0,0,0,0,0,1,1,20170506,20180506
1057390,1,0,0,0,0,0,0,20170529,20170529
1057391,0,1,0,0,0,0,0,20170704,20170704
1056593,0,0,0,0,0,1,1,20170401,20170423
1056595,0,0,0,0,0,1,1,20170506,20180506
1056596,1,0,0,0,0,0,0,20170529,20170529
1056597,0,1,0,0,0,0,0,20170704,20170704
1065960,0,0,0,0,0,1,1,20170722,20170723
1063082,0,0,0,0,0,1,1,20170422,20170423
1063083,0,0,0,0,0,1,1,20170429,20170430
1063084,0,0,0,0,0,1,1,20170506,20170514
1063085,0,0,0,0,0,1,1,20170520,20170521
1063086,0,0,0,0,0,1,1,20170527,20180527
1063087,1,0,0,0,0,0,0,20170529,20170529
1063088,0,1,0,0,0,0,0,20170704,20170704
1053909,0,0,0,0,0,1,1,20170401,20170423
1053910,0,0,0,0,0,1,1,20170429,20170430
1053911,0,0,0,0,0,1,1,20170506,20180506
1053912,1,0,0,0,0,0,0,20170529,20170529
1053913,0,1,0,0,0,0,0,20170704,20170704
1063062,1,1,1,1,1,1,1,20170420,20170428
1063060,1,1,1,1,1,1,1,20170501,20170519
1063063,1,1,1,1,1,1,1,20170522,20180522
1053831,1,1,1,1,1,1,1,20170328,20170428
1053832,0,0,0,0,0,1,1,20170429,20170430
1053833,1,1,1,1,1,1,1,20170501,20180505
1063064,1,1,1,1,1,1,1,20170420,20170428
1063066,1,1,1,1,1,1,1,20170501,20170519
1063068,1,1,1,1,1,1,1,20170522,20180522
1057380,1,1,1,1,1,0,0,20170402,20170406
1057381,1,1,1,1,1,0,0,20170407,20170526
1057383,1,1,1,1,1,0,0,20170530,20170703
1057385,1,1,1,1,1,0,0,20170705,20180705
1053835,1,1,1,1,1,0,0,20170328,20170331
1050891,1,1,1,1,1,0,0,20170403,20170526
1050893,1,1,1,1,1,0,0,20170530,20170703
1050895,1,1,1,1,1,0,0,20170705,20180705
1065959,0,0,1,1,1,0,0,20170719,20170721
1056563,1,1,1,1,1,1,1,20170331,20170428
1056559,1,1,1,1,1,1,1,20170501,20170721
1056560,0,0,0,0,0,1,1,20170722,20170903
1056561,1,1,1,1,1,0,0,20170724,20170901
1056562,1,0,0,0,0,0,0,20170904,20170904
1056564,1,1,1,1,1,1,1,20170905,20180905
1056565,1,1,1,1,1,1,1,20170331,20170428
1056567,1,1,1,1,1,1,1,20170501,20180505
1063069,1,1,1,1,1,1,1,20170420,20170428
1063070,0,0,0,0,0,1,1,20170429,20170430
1063071,1,1,1,1,1,1,1,20170501,20170519
1063073,1,1,1,1,1,1,1,20170522,20180522
1053849,1,1,1,1,1,1,1,20170328,20170428
1053850,0,0,0,0,0,1,1,20170429,20170430
1053851,1,1,1,1,1,1,1,20170501,20180505
1056568,1,1,1,1,1,1,1,20170331,20170428
1056570,1,1,1,1,1,1,1,20170501,20180505
1056577,1,1,1,1,1,1,1,20170331,20170428
1056579,1,1,1,1,1,1,1,20170501,20170721
1056580,0,0,0,0,0,1,1,20170722,20170903
1056581,1,1,1,1,1,0,0,20170724,20170901
1056582,1,0,0,0,0,0,0,20170904,20170904
1056583,1,1,1,1,1,1,1,20170905,20180905
1053860,1,1,1,1,1,1,1,20170328,20170428
1053861,0,0,0,0,0,1,1,20170429,20170430
1053862,1,1,1,1,1,1,1,20170501,20170721
1053863,0,0,0,0,0,1,1,20170722,20170903
1053864,1,1,1,1,1,0,0,20170724,20170901
1053865,1,0,0,0,0,0,0,20170904,20170904
1053866,1,1,1,1,1,1,1,20170905,20180905
1063074,1,1,1,1,1,1,1,20170420,20170427
1056574,1,1,1,1,1,1,1,20170501,20170518
1056575,0,0,0,0,1,0,0,20170519,20170519
1063076,1,1,1,1,1,1,1,20170522,20180522
1065958,0,0,1,1,1,1,1,20170719,20170723
1053867,1,1,1,1,1,1,1,20170328,20170428
1053868,0,0,0,0,0,1,1,20170429,20170430
1053869,1,1,1,1,1,1,1,20170501,20180505
1053895,0,1,1,1,1,0,0,20170328,20170331
1053896,1,1,1,1,1,0,0,20170403,20170526
1053898,1,1,1,1,1,0,0,20170530,20170703
1053900,1,1,1,1,1,0,0,20170705,20180705
1056587,0,0,1,1,1,1,1,20170331,20170402
1056584,1,1,1,1,1,1,1,20170403,20170428
1056585,0,0,0,0,0,1,1,20170429,20170430
1056586,1,1,1,1,1,1,1,20170501,20180505
1053872,1,1,1,1,1,1,1,20170328,20170428
1053873,0,0,0,0,0,1,1,20170429,20170430
1053874,1,1,1,1,1,1,1,20170501,20170721
1053875,0,0,0,0,0,1,1,20170722,20170903
1053876,1,1,1,1,1,0,0,20170724,20170901
1053877,1,0,0,0,0,0,0,20170904,20170904
1053878,1,1,1,1,1,1,1,20170905,20180905
1053885,1,1,1,1,1,1,1,20170328,20170402
1053886,1,1,1,1,1,1,1,20170403,20170428
1053887,0,0,0,0,0,1,1,20170429,20170430
1053888,1,1,1,1,1,1,1,20170501,20180505
1063077,1,1,1,1,1,1,1,20170420,20170428
1063078,0,0,0,0,0,1,1,20170429,20170430
1063079,1,1,1,1,1,1,1,20170501,20170519
1063080,0,0,0,0,0,1,1,20170520,20170521
1063081,1,1,1,1,1,1,1,20170522,20180522
1053904,1,1,1,1,1,1,1,20170328,20170402
1053905,1,1,1,1,1,1,1,20170403,20170428
1053906,0,0,0,0,0,1,1,20170429,20170430
1053907,1,1,1,1,1,1,1,20170501,20180505
1053891,1,1,1,1,1,1,1,20170328,20170428
1053889,0,0,0,0,0,1,1,20170429,20170430
1053890,1,1,1,1,1,1,1,20170501,20180505
1053882,1,1,1,1,1,1,1,20170328,20170428
1053883,0,0,0,0,0,1,1,20170429,20170430
1053884,1,1,1,1,1,1,1,20170501,20180505
1053908,1,1,1,1,1,0,0,20170328,20170526
1050933,1,1,1,1,1,0,0,20170530,20170703
1050935,1,1,1,1,1,0,0,20170705,20180705
1053892,1,1,1,1,1,1,1,20170328,20170428
1053893,0,0,0,0,0,1,1,20170429,20170430
1053894,1,1,1,1,1,1,1,20170501,20180505
1061888,1,1,1,1,1,0,0,20170417,20170501
1061889,0,0,0,0,0,1,1,20170417,20180505
1061355,0,1,1,0,0,0,0,20170502,20170503
1061354,1,1,1,1,1,0,0,20170504,20180505
1061890,1,1,1,1,1,1,1,20170417,20170501
1061357,0,1,1,0,0,0,0,20170502,20170503
1061358,1,1,1,1,1,1,1,20170504,20180505
1061878,1,1,1,1,1,1,1,20170417,20180505
1061879,1,1,1,1,1,1,1,20170417,20180505
1053544,1,1,1,1,1,1,1,20170328,20180505
1053545,1,1,1,1,1,1,1,20170328,20180505
1062977,0,1,1,1,1,0,0,20170420,20170512
1062978,0,0,0,0,0,1,1,20170422,20180505
1062979,1,0,0,0,0,0,0,20170515,20170515
1062980,1,1,1,1,1,0,0,20170516,20180516
1062972,0,0,0,0,1,1,1,20170421,20170507
1062973,0,1,0,1,1,1,1,20170511,20170516
1062974,1,0,0,0,0,0,0,20170515,20170515
1062976,1,1,1,1,1,1,1,20170518,20180518
1062982,0,0,0,0,1,1,1,20170421,20170507
1062983,0,1,0,1,1,1,1,20170511,20170516
1062984,1,0,0,0,0,0,0,20170515,20170515
1062986,1,1,1,1,1,1,1,20170518,20180518
1062987,0,1,1,1,1,1,1,20170420,20170514
1062988,1,0,0,0,0,0,0,20170515,20170515
1062989,1,1,1,1,1,1,1,20170516,20180516
1052825,1,1,1,1,1,1,1,20170328,20170401
1052826,1,1,1,1,1,1,1,20170402,20180505
1052827,1,1,1,1,1,1,1,20170328,20180505
1053920,1,1,1,1,1,1,1,20170328,20180505
1053928,1,1,1,1,1,1,1,20170328,20180505
1053929,1,1,1,1,1,1,1,20170328,20180505
1053930,1,1,1,1,1,1,1,20170328,20180505
1053933,1,1,1,1,1,1,1,20170328,20180505
1053921,1,1,1,1,1,1,1,20170328,20180505
1053922,1,1,1,1,1,1,1,20170328,20180505
1053923,1,1,1,1,1,1,1,20170328,20180505
1053924,1,1,1,1,1,1,1,20170328,20180505
1053925,1,1,1,1,1,1,1,20170328,20180505
1053931,1,1,1,1,1,1,1,20170328,20180505
1053926,1,1,1,1,1,1,1,20170328,20180505
1053927,1,1,1,1,1,1,1,20170328,20180505
1053932,1,1,1,1,1,1,1,20170328,20180505
1065904,0,0,0,0,0,1,1,20170415,20170416
1065906,0,0,0,0,0,1,1,20170423,20170430
1065908,0,0,0,0,0,0,1,20170507,20170514
1065909,0,0,0,0,0,1,1,20170521,20170528
1065912,0,0,0,0,0,0,1,20170604,20170618
1065913,0,0,0,0,0,1,1,20170625,20180625
1065914,0,0,0,0,0,1,1,20170415,20170416
1065916,0,0,0,0,0,1,1,20170423,20170430
1065918,0,0,0,0,0,0,1,20170507,20170514
1065919,0,0,0,0,0,1,1,20170521,20170528
1065922,0,0,0,0,0,0,1,20170604,20170618
1065923,0,0,0,0,0,1,1,20170625,20180625
1040463,0,0,0,0,0,0,1,20170409,20170521
1040465,1,0,0,0,0,0,0,20170529,20170529
1040466,0,0,0,0,0,0,1,20170604,20180604
1053552,0,0,0,0,0,0,1,20170328,20170521
1040433,1,0,0,0,0,0,0,20170529,20170529
1040434,0,0,0,0,0,0,1,20170604,20180604
1065924,0,0,0,0,0,1,1,20170415,20170416
1065926,0,0,0,0,0,1,1,20170423,20170430
1065928,0,0,0,0,0,0,1,20170507,20170514
1065929,0,0,0,0,0,1,1,20170521,20170528
1065932,0,0,0,0,0,0,1,20170604,20170618
1065933,0,0,0,0,0,1,1,20170625,20180625
1065934,0,0,0,0,0,1,1,20170415,20170416
1065936,0,0,0,0,0,1,1,20170423,20170430
1065938,0,0,0,0,0,0,1,20170507,20170514
1065939,0,0,0,0,0,1,1,20170521,20170528
1065942,0,0,0,0,0,0,1,20170604,20170618
1065943,0,0,0,0,0,1,1,20170625,20180625
1060825,0,0,0,0,0,1,0,20170415,20170415
1060828,0,0,0,0,0,1,0,20170429,20170429
1060830,0,0,0,0,0,1,1,20170527,20170528
1060832,0,0,0,0,0,1,0,20170701,20180701
1060833,0,0,0,0,0,1,1,20170415,20170416
1060835,0,0,0,0,0,1,1,20170423,20170430
1060837,0,0,0,0,0,0,1,20170507,20170514
1060838,0,0,0,0,0,1,1,20170521,20170528
1060839,1,0,0,0,0,0,0,20170529,20170529
1060841,0,0,0,0,0,0,1,20170604,20170618
1060842,0,0,0,0,0,1,1,20170625,20180625
1053583,0,0,0,0,0,0,1,20170328,20170521
1040448,1,0,0,0,0,0,0,20170529,20170529
1040449,0,0,0,0,0,0,1,20170604,20180604
1060843,0,0,0,0,0,1,0,20170415,20170415
1060845,0,0,0,0,0,1,0,20170429,20170429
1060847,0,0,0,0,0,1,1,20170527,20170528
1060849,0,0,0,0,0,1,0,20170701,20180701
1033917,1,1,1,1,1,0,0,20171002,20181002
1053577,1,1,1,1,1,0,0,20170328,20170526
1053579,1,1,1,1,1,0,0,20170530,20180530
1053581,1,1,1,1,1,0,0,20171002,20181002
1053586,1,1,1,1,1,0,0,20171002,20181002
1065944,0,0,0,0,0,1,1,20170415,20170416
1065946,0,0,0,0,0,1,1,20170423,20170430
1065948,0,0,0,0,0,0,1,20170507,20170514
1065949,0,0,0,0,0,1,1,20170521,20170528
1065952,0,0,0,0,0,0,1,20170604,20170618
1065953,0,0,0,0,0,1,1,20170625,20180625
1033915,1,1,1,1,1,0,0,20171002,20181002
1033923,1,1,1,1,1,0,0,20171002,20181002
1053591,1,1,1,1,1,0,0,20170328,20170526
1053593,1,1,1,1,1,0,0,20170530,20180530
1033925,1,1,1,1,1,0,0,20171002,20181002
1065954,0,0,0,0,0,0,1,20170328,20170521
1065957,0,0,0,0,0,0,1,20170604,20180604
1061891,1,1,1,1,1,1,1,20170417,20180505
1061892,1,1,1,1,1,1,1,20170417,20180505
1063105,1,1,0,0,0,0,0,20170501,20170502
1061899,1,1,1,1,1,1,1,20170417,20180505
1063101,1,1,1,1,0,0,1,20170420,20170430
1063102,0,0,0,0,1,1,0,20170421,20180505
1063104,1,1,1,1,0,0,1,20170503,20180505
1061896,1,1,1,1,1,1,1,20170417,20171104
1052819,1,1,1,1,1,1,1,20171105,20181105
1061895,1,1,1,1,1,1,1,20170417,20171104
1052817,1,1,1,1,1,1,1,20171105,20181105
1061902,0,1,0,0,1,0,1,20170417,20171103
1052829,0,1,0,0,1,0,1,20171105,20181105
1061903,0,0,1,0,1,0,1,20170417,20171103
1061904,0,0,1,0,1,0,1,20171105,20181105
1064091,1,1,1,1,1,1,1,20170423,20170427
1064092,1,1,1,1,1,1,1,20170428,20170515
1064093,1,1,1,1,1,1,1,20170516,20170523
1064094,1,1,1,1,1,1,1,20170524,20180524
1064095,1,1,1,1,1,1,1,20170423,20170427
1064096,1,1,1,1,1,1,1,20170428,20170514
1064097,1,1,1,1,1,1,1,20170515,20170522
1064098,1,1,1,1,1,1,1,20170523,20180523
1063053,1,1,1,1,1,1,1,20170420,20170515
1063055,1,1,1,1,1,1,1,20170524,20180524
1063056,1,1,1,1,1,1,1,20170420,20170515
1063058,1,1,1,1,1,1,1,20170524,20180524
1063047,0,1,0,0,1,0,1,20170420,20170514
1063046,0,1,0,0,1,0,1,20170516,20170523
1063045,0,1,0,0,1,0,1,20170526,20171103
1063044,0,1,0,0,1,0,1,20171105,20181105
1063048,0,0,1,0,1,0,1,20170420,20170512
1060540,0,0,1,0,1,0,1,20170514,20170519
1060541,0,0,1,0,1,0,1,20170521,20171103
1060542,0,0,1,0,1,0,1,20171105,20181105
1061857,0,0,0,0,0,1,1,20170422,20170528
1061858,1,0,0,0,0,0,0,20170529,20170529
1061859,0,0,0,0,0,1,1,20170603,20180603
1061860,0,1,0,0,0,0,0,20170704,20170704
1061855,1,1,1,1,1,0,0,20170417,20170419
1061324,1,1,1,1,1,0,0,20170420,20170526
1061326,0,1,1,0,0,0,0,20170530,20170531
1061327,1,1,1,1,1,0,0,20170601,20170703
1061329,1,1,1,1,1,0,0,20170705,20180705
1061856,1,1,1,1,1,0,0,20170417,20170419
1061331,1,1,1,1,1,0,0,20170420,20170526
1061333,0,1,1,0,0,0,0,20170530,20170531
1061334,1,1,1,1,1,0,0,20170601,20170703
1061336,1,1,1,1,1,0,0,20170705,20180705
1061861,0,0,0,0,0,1,1,20170422,20170528
1061862,1,0,0,0,0,0,0,20170529,20170529
1061863,0,0,0,0,0,1,1,20170603,20180603
1061864,0,1,0,0,0,0,0,20170704,20170704
1053537,1,1,1,1,1,0,0,20170328,20180505
1053536,0,0,0,0,0,1,1,20170328,20180505
1065901,0,0,0,0,0,1,1,20170429,20180505
1065900,1,1,1,1,1,0,0,20170429,20170508
1065902,0,1,1,1,0,0,0,20170509,20170511
1065903,1,1,1,1,1,0,0,20170512,20180512
1052531,0,0,0,0,0,1,1,20170328,20180505
1052530,1,1,1,1,1,0,0,20170328,20180505
1053540,1,1,1,1,1,0,0,20170328,20180505
1053541,0,0,0,0,0,1,1,20170328,20180505
1065584,1,1,1,1,1,0,0,20170428,20170505
1065581,0,0,0,0,0,1,1,20170429,20180505
1065582,1,1,1,0,0,0,0,20170508,20170510
1065583,1,1,1,1,1,0,0,20170511,20180511
1054960,0,0,0,0,0,1,1,20170328,20180505
1054959,1,1,1,1,1,0,0,20170328,20180505
1063974,1,1,1,1,1,1,1,20170423,20170430
1063975,1,0,0,0,0,0,0,20170501,20170501
1063976,1,1,1,1,1,1,1,20170502,20180505
1063977,1,1,1,1,1,0,0,20170423,20170428
1063978,1,0,0,0,0,0,0,20170501,20170501
1063979,1,1,1,1,1,0,0,20170502,20170526
1063981,1,1,1,1,1,0,0,20170530,20170703
1063983,1,1,1,1,1,0,0,20170705,20180705
1053187,1,1,1,1,1,0,0,20170328,20170526
1050433,1,1,1,1,1,0,0,20170530,20170703
1050435,1,1,1,1,1,0,0,20170705,20180705
1053188,1,1,1,1,1,0,0,20170328,20170526
1050438,1,1,1,1,1,0,0,20170530,20170703
1050440,1,1,1,1,1,0,0,20170705,20180705
1053189,1,1,1,1,1,0,0,20170328,20170526
1050443,1,1,1,1,1,0,0,20170530,20170703
1050445,1,1,1,1,1,0,0,20170705,20180705
1063872,1,1,1,1,1,0,0,20170423,20170428
1063873,1,0,0,0,0,0,0,20170501,20170501
1063874,1,1,1,1,1,0,0,20170502,20170526
1063876,1,1,1,1,1,0,0,20170530,20170703
1063878,1,1,1,1,1,0,0,20170705,20180705
1063879,1,1,1,1,1,0,0,20170423,20170428
1063880,1,0,0,0,0,0,0,20170501,20170501
1063881,1,1,1,1,1,0,0,20170502,20170526
1063885,1,1,1,1,1,0,0,20170530,20170703
1063883,1,1,1,1,1,0,0,20170705,20180705
1063886,1,1,1,1,1,0,0,20170423,20170428
1063887,1,0,0,0,0,0,0,20170501,20170501
1063888,1,1,1,1,1,0,0,20170502,20170526
1063890,1,1,1,1,1,0,0,20170530,20170703
1063892,1,1,1,1,1,0,0,20170705,20180705
1063893,1,1,1,1,1,0,0,20170423,20170428
1063894,1,0,0,0,0,0,0,20170501,20170501
1063895,1,1,1,1,1,0,0,20170502,20170526
1063897,1,1,1,1,1,0,0,20170530,20170703
1063899,1,1,1,1,1,0,0,20170705,20180705
1063900,1,1,1,1,1,0,0,20170423,20170428
1063901,1,0,0,0,0,0,0,20170501,20170501
1063902,1,1,1,1,1,0,0,20170502,20170526
1063904,1,1,1,1,1,0,0,20170530,20170703
1063906,1,1,1,1,1,0,0,20170705,20180705
1063907,1,1,1,1,1,0,0,20170423,20170428
1063908,1,0,0,0,0,0,0,20170501,20170501
1063909,1,1,1,1,1,0,0,20170502,20170526
1063911,1,1,1,1,1,0,0,20170530,20170703
1063913,1,1,1,1,1,0,0,20170705,20180705
1063914,1,1,1,1,1,0,0,20170423,20170428
1063915,1,0,0,0,0,0,0,20170501,20170501
1063916,1,1,1,1,1,0,0,20170502,20170526
1063918,1,1,1,1,1,0,0,20170530,20170703
1063920,1,1,1,1,1,0,0,20170705,20180705
1053345,0,0,0,0,0,1,1,20170328,20180505
1044126,1,0,0,0,0,0,0,20170529,20170529
1050630,0,1,0,0,0,0,0,20170704,20170704
897574,0,0,0,0,0,1,1,20160409,20160430
897570,0,0,0,0,0,1,1,20160409,20160430
1053357,1,1,1,1,1,1,1,20170328,20180505
1053356,1,1,1,1,1,1,1,20170328,20180505
1053358,1,1,1,1,1,1,1,20170328,20180505
1053359,1,1,1,1,1,1,1,20170328,20180505
1053421,1,1,1,1,1,1,1,20170328,20180505
1053403,1,1,1,1,1,1,1,20170328,20180505
1053364,1,1,1,1,1,1,1,20170328,20180505
1053404,1,1,1,1,1,1,1,20170328,20180505
1056827,1,1,1,1,1,0,0,20170401,20170406
1056828,0,0,0,0,1,0,0,20170407,20170407
1056829,1,1,1,1,1,0,0,20170410,20170510
1056830,0,0,0,1,1,0,0,20170511,20170512
1056831,1,1,1,1,1,0,0,20170515,20170526
1056833,1,1,1,1,1,0,0,20170530,20170703
1056835,1,1,1,1,1,0,0,20170705,20180705
1056836,1,1,1,1,1,1,1,20170401,20170406
1056837,0,0,0,0,1,1,0,20170407,20170408
1056838,1,1,1,1,1,1,1,20170409,20170510
1056839,0,0,0,1,1,0,0,20170511,20170512
1056840,1,1,1,1,1,1,1,20170513,20180513
1056932,0,0,0,0,0,1,1,20170401,20170402
1056929,0,0,0,0,0,1,0,20170408,20170408
1056930,0,0,0,0,0,1,1,20170409,20180505
1056931,1,0,0,0,0,0,0,20170529,20170529
1056933,0,1,0,0,0,0,0,20170704,20170704
1053354,1,1,1,1,1,1,1,20170328,20180505
1053360,1,1,1,1,1,1,1,20170328,20180505
1053361,1,1,1,1,1,1,1,20170328,20180505
1053419,1,1,1,1,1,1,1,20170328,20170528
1050689,1,1,1,1,1,1,1,20170530,20180530
1056842,1,1,1,1,1,0,0,20170401,20170406
1056843,0,0,0,0,1,0,0,20170407,20170407
1056844,1,1,1,1,1,0,0,20170410,20170526
1056846,1,1,1,1,1,0,0,20170530,20170703
1056841,1,1,1,1,1,0,0,20170705,20180705
1056857,1,1,1,1,1,0,0,20170401,20170406
1056858,0,0,0,0,1,0,0,20170407,20170407
1056859,1,1,1,1,1,0,0,20170410,20170526
1056861,1,1,1,1,1,0,0,20170530,20170703
1056863,1,1,1,1,1,0,0,20170705,20180705
1056851,1,1,1,1,1,1,1,20170401,20170406
1056852,0,0,0,0,1,1,0,20170407,20170408
1056853,1,1,1,1,1,1,1,20170409,20180505
1056848,1,1,1,1,1,1,1,20170401,20170406
1056849,0,0,0,0,1,1,0,20170407,20170408
1056850,1,1,1,1,1,1,1,20170409,20180505
1053402,1,1,1,1,1,0,0,20170328,20170526
1050678,1,1,1,1,1,0,0,20170530,20170703
1050680,1,1,1,1,1,0,0,20170705,20180705
1056854,1,1,1,1,1,1,1,20170401,20170406
1056855,0,0,0,0,1,1,0,20170407,20170408
1056856,1,1,1,1,1,1,1,20170409,20180505
1056943,1,1,1,1,1,0,0,20170401,20170406
1056939,0,0,0,0,1,0,0,20170407,20170407
1056940,1,1,1,1,1,0,0,20170410,20170526
1056942,1,1,1,1,1,0,0,20170530,20170703
1056945,1,1,1,1,1,0,0,20170705,20180705
1056934,0,0,0,0,0,1,1,20170401,20170402
1056935,0,0,0,0,0,1,0,20170408,20170408
1056936,0,0,0,0,0,1,1,20170409,20180505
1056937,1,0,0,0,0,0,0,20170529,20170529
1056938,0,1,0,0,0,0,0,20170704,20170704
1056951,0,0,0,0,0,1,1,20170401,20170402
1056952,0,0,0,0,0,1,0,20170408,20170408
1056953,0,0,0,0,0,1,1,20170409,20180505
1056954,1,0,0,0,0,0,0,20170529,20170529
1056955,0,1,0,0,0,0,0,20170704,20170704
1056946,0,0,0,0,0,1,1,20170401,20170402
1056947,0,0,0,0,0,1,0,20170408,20170408
1056948,0,0,0,0,0,1,1,20170409,20180505
1056949,1,0,0,0,0,0,0,20170529,20170529
1056950,0,1,0,0,0,0,0,20170704,20170704
1053101,1,1,1,1,1,0,0,20170328,20170526
1050362,1,1,1,1,1,0,0,20170530,20170703
1050359,1,1,1,1,1,0,0,20170705,20180705
1053362,1,1,1,1,1,1,1,20170328,20180505
1053363,1,1,1,1,1,1,1,20170328,20180505
1053102,1,1,1,1,1,0,0,20170328,20170526
1050365,1,1,1,1,1,0,0,20170530,20170703
1050367,1,1,1,1,1,0,0,20170705,20180705
1053103,1,1,1,1,1,1,1,20170328,20180505
1053104,1,1,1,1,1,0,0,20170328,20170526
1051468,1,1,1,1,1,0,0,20170530,20170703
1051470,1,1,1,1,1,0,0,20170705,20180705
1053105,1,1,1,1,1,0,0,20170328,20170526
1051473,1,1,1,1,1,0,0,20170530,20170703
1051475,1,1,1,1,1,0,0,20170705,20180705
1053106,1,1,1,1,1,0,0,20170328,20170526
1050370,1,1,1,1,1,0,0,20170530,20170703
1050372,1,1,1,1,1,0,0,20170705,20180705
1053396,1,1,1,1,1,0,0,20170328,20170526
1051572,1,1,1,1,1,0,0,20170530,20170703
1051574,1,1,1,1,1,0,0,20170705,20180705
1053107,1,1,1,1,1,0,0,20170328,20170526
1051478,1,1,1,1,1,0,0,20170530,20170703
1051480,1,1,1,1,1,0,0,20170705,20180705
1053112,1,1,1,1,1,1,1,20170328,20180505
1053395,1,1,1,1,1,1,1,20170328,20180505
1053109,1,1,1,1,1,0,0,20170328,20170526
1051483,1,1,1,1,1,0,0,20170530,20170703
1051485,1,1,1,1,1,0,0,20170705,20180705
1053108,1,1,1,1,1,1,1,20170328,20180505
1053110,1,1,1,1,1,1,1,20170328,20170513
1043305,0,0,0,0,0,0,1,20170514,20170514
1043306,1,1,1,1,1,1,1,20170515,20180515
1053111,1,1,1,1,1,1,1,20170328,20180505
1053113,1,1,1,1,1,1,1,20170328,20180505
1053412,1,1,1,1,1,1,1,20170328,20180505
1053114,1,1,1,1,1,1,1,20170328,20180505
1053353,0,0,0,0,0,1,1,20170328,20180505
1051565,1,0,0,0,0,0,0,20170529,20170529
1051566,0,1,0,0,0,0,0,20170704,20170704
1053382,1,1,1,1,1,1,1,20170328,20180505
1053115,1,1,1,1,1,0,0,20170328,20170526
1051488,1,1,1,1,1,0,0,20170530,20170703
1051490,1,1,1,1,1,0,0,20170705,20180705
1053388,1,1,1,1,1,1,1,20170328,20180505
1053116,1,1,1,1,1,1,1,20170328,20180505
1053117,1,1,1,1,1,1,1,20170328,20180505
1053118,1,1,1,1,1,1,1,20170328,20180505
1053119,1,1,1,1,1,1,1,20170328,20180505
1053120,1,1,1,1,1,1,1,20170328,20180505
1053121,1,1,1,1,1,1,1,20170328,20180505
1053409,1,1,1,1,1,1,1,20170328,20180505
1053410,1,1,1,1,1,1,1,20170328,20180505
1053389,1,1,1,1,1,0,0,20170328,20180505
1053425,1,1,1,1,1,1,1,20170328,20180505
1053386,0,0,0,0,0,1,1,20170328,20180505
1051568,1,0,0,0,0,0,0,20170529,20170529
1051569,0,1,0,0,0,0,0,20170704,20170704
1053122,1,1,1,1,1,1,1,20170328,20180505
1053417,1,1,1,1,1,1,1,20170328,20180505
1053124,1,1,1,1,1,1,1,20170328,20180505
1053123,1,1,1,1,1,1,1,20170328,20180505
1053125,1,1,1,1,1,1,1,20170328,20180505
1053126,1,1,1,1,1,1,1,20170328,20180505
1053127,1,1,1,1,1,0,0,20170328,20170526
1051493,1,1,1,1,1,0,0,20170530,20170630
1051495,1,1,1,1,1,0,0,20170705,20180705
1053128,1,1,1,1,1,1,1,20170328,20180505
1053355,1,1,1,1,1,1,1,20170328,20180505
1053413,0,0,0,0,0,1,1,20170328,20180505
1051576,1,0,0,0,0,0,0,20170529,20170529
1051577,1,1,0,0,0,0,0,20170703,20170704
1053134,0,0,0,0,0,1,1,20170328,20180505
1053373,1,1,1,1,1,1,1,20170328,20180505
1053374,1,1,1,1,1,1,1,20170328,20180505
1053422,1,1,1,1,1,1,1,20170328,20180505
1053423,1,1,1,1,1,1,1,20170328,20180505
1060476,1,1,1,1,1,1,1,20170413,20170428
1060477,0,0,0,0,0,1,1,20170429,20170430
1060478,1,1,1,1,1,1,1,20170501,20180505
1053184,1,1,1,1,1,1,1,20170328,20180505
1053387,0,0,0,0,0,1,1,20170328,20180505
1050671,1,0,0,0,0,0,0,20170529,20170529
1050672,0,1,0,0,0,0,0,20170704,20170704
1053218,1,1,1,1,1,1,1,20170328,20180505
1053351,1,1,1,1,1,1,1,20170328,20170402
1046288,1,1,1,1,1,1,1,20170403,20180505
1053219,1,1,1,1,1,1,1,20170328,20180505
1053196,1,1,1,1,1,1,1,20170328,20180505
1053220,1,1,1,1,1,1,1,20170328,20180505
1053197,1,1,1,1,1,1,1,20170328,20180505
1056309,1,1,1,1,1,1,1,20170331,20170404
1056310,1,1,1,1,1,1,1,20170405,20180505
1053198,1,1,1,1,1,1,1,20170328,20180505
1053199,1,1,1,1,1,1,1,20170328,20180505
1053352,1,1,1,1,1,0,0,20170328,20170526
1050639,1,1,1,1,1,0,0,20170530,20170703
1050642,1,1,1,1,1,0,0,20170705,20180705
1053200,1,1,1,1,1,1,1,20170328,20180505
1053346,1,1,1,1,1,1,1,20170328,20180505
1053375,1,1,1,1,1,1,1,20170328,20180505
1053349,1,1,1,1,1,1,1,20170328,20180505
1060773,1,1,1,1,1,1,1,20170414,20170423
1060774,1,0,0,0,0,0,0,20170424,20170501
1060775,0,1,1,1,1,1,1,20170425,20170430
1060776,1,1,1,1,1,1,1,20170502,20180505
1063993,1,1,1,1,1,1,1,20170423,20170430
1063994,1,0,0,0,0,0,0,20170501,20170501
1063995,1,1,1,1,1,1,1,20170502,20180505
1053205,1,1,1,1,1,1,1,20170328,20180505
1053206,1,1,1,1,1,1,1,20170328,20180505
1063996,1,1,1,1,1,1,1,20170423,20170430
1063997,1,0,0,0,0,0,0,20170501,20170501
1063998,1,1,1,1,1,1,1,20170502,20180505
1053208,1,1,1,1,1,1,1,20170328,20170519
1043370,0,0,0,0,0,1,0,20170520,20170520
1043371,1,1,1,1,1,1,1,20170521,20180521
1060769,1,1,1,1,1,1,1,20170414,20170423
1060770,1,0,0,0,0,0,0,20170424,20170501
1060771,0,1,1,1,1,1,1,20170425,20170430
1060772,1,1,1,1,1,1,1,20170502,20180505
1053424,1,1,1,1,1,1,1,20170328,20180505
1053224,1,1,1,1,1,1,1,20170328,20180505
1053209,1,1,1,1,1,1,1,20170328,20180505
1053210,1,1,1,1,1,0,0,20170328,20170526
1050457,1,1,1,1,1,0,0,20170530,20170703
1050459,1,1,1,1,1,0,0,20170705,20180705
1053226,1,1,1,1,1,1,1,20170328,20180505
1053408,1,1,1,1,1,1,1,20170328,20170517
1043391,0,0,0,1,0,0,0,20170518,20170518
1043392,0,0,0,0,1,0,0,20170519,20170519
1043393,0,0,0,0,0,1,0,20170520,20170520
1043394,1,1,1,1,1,1,1,20170521,20180521
1053407,0,0,0,0,0,1,1,20170328,20180505
1050682,1,0,0,0,0,0,0,20170529,20170529
1050683,0,1,0,0,0,0,0,20170704,20170704
1053365,1,1,1,1,1,1,1,20170328,20180505
1053366,1,1,1,1,1,1,1,20170328,20180505
1053367,1,1,1,1,1,1,1,20170328,20180505
1053368,1,1,1,1,1,1,1,20170328,20180505
1053369,1,1,1,1,1,1,1,20170328,20180505
1053370,1,1,1,1,1,1,1,20170328,20180505
1053235,1,1,1,1,1,1,1,20170328,20180505
1053227,1,1,1,1,1,1,1,20170328,20180505
1053393,1,1,1,1,1,1,1,20170328,20180505
1053234,1,1,1,1,1,1,1,20170328,20180505
1053228,1,1,1,1,1,1,1,20170328,20180505
1053236,1,1,1,1,1,1,1,20170328,20180505
1053237,1,1,1,1,1,1,1,20170328,20180505
1053397,1,1,1,1,1,1,1,20170328,20180505
1053229,1,1,1,1,1,1,1,20170328,20180505
1053230,1,1,1,1,1,1,1,20170328,20180505
1053238,1,1,1,1,1,1,1,20170328,20180505
1053239,1,1,1,1,1,1,1,20170328,20180505
1053394,1,1,1,1,1,1,1,20170328,20180505
1053231,1,1,1,1,1,1,1,20170328,20180505
1053240,1,1,1,1,1,1,1,20170328,20180505
1053232,1,1,1,1,1,1,1,20170328,20180505
1053241,1,1,1,1,1,1,1,20170328,20180505
1053242,1,1,1,1,1,1,1,20170328,20180505
1053243,1,1,1,1,1,1,1,20170328,20180505
1053244,1,1,1,1,1,1,1,20170328,20180505
1053233,1,1,1,1,1,1,1,20170328,20180505
1053392,1,1,1,1,1,1,1,20170328,20180505
1053306,1,1,1,1,1,1,1,20170328,20180505
1053245,1,1,1,1,1,1,1,20170328,20180505
1053246,1,1,1,1,1,1,1,20170328,20180505
1053247,1,1,1,1,1,1,1,20170328,20170525
1053248,0,0,0,0,1,0,0,20170526,20170526
1053249,1,1,1,1,1,1,1,20170527,20180527
1053401,1,1,1,1,1,1,1,20170328,20180505
1053250,1,1,1,1,1,1,1,20170328,20180505
1053251,1,1,1,1,1,1,1,20170328,20180505
1053307,1,1,1,1,1,1,1,20170328,20180505
1053308,1,1,1,1,1,1,1,20170328,20170525
1053309,0,0,0,0,1,0,0,20170526,20170526
1053310,1,1,1,1,1,1,1,20170527,20180527
1053398,1,1,1,1,1,1,1,20170328,20170525
1053399,0,0,0,0,1,0,0,20170526,20170526
1053400,1,1,1,1,1,1,1,20170527,20180527
1053252,1,1,1,1,1,1,1,20170328,20180505
1064014,1,1,1,1,1,1,1,20170423,20170430
1064012,1,0,0,0,0,0,0,20170501,20170501
1064013,1,1,1,1,1,1,1,20170502,20180505
1053384,0,0,0,0,0,1,1,20170328,20180505
1050665,1,0,0,0,0,0,0,20170529,20170529
1050666,0,1,0,0,0,0,0,20170704,20170704
1053253,1,1,1,1,1,1,1,20170328,20180505
1053378,1,1,1,1,1,0,0,20170328,20170526
1050650,1,1,1,1,1,0,0,20170530,20170703
1050652,1,1,1,1,1,0,0,20170705,20180705
1064909,1,1,1,1,0,0,0,20170426,20170501
1064910,0,0,0,0,1,1,1,20170428,20170430
1064911,1,1,1,1,0,0,0,20170502,20170525
1064912,0,0,0,0,1,1,1,20170505,20170521
1064913,0,0,0,0,1,1,1,20170526,20170528
1064914,1,1,1,1,1,1,1,20170529,20170820
1064915,1,1,1,1,1,0,0,20170821,20170901
1064916,0,0,0,0,0,1,1,20170826,20170827
1064917,1,0,0,0,0,1,1,20170902,20170910
1064918,1,1,1,1,1,0,0,20170905,20170915
1064919,0,0,0,0,0,1,1,20170916,20170917
1064920,1,1,1,1,1,1,1,20170918,20171103
1064921,0,0,0,0,1,1,1,20171104,20171110
1064922,1,1,1,1,0,1,0,20171106,20171111
1064923,0,0,0,0,0,0,1,20171112,20171112
1064924,1,1,1,1,1,0,0,20171113,20171117
1064925,1,1,1,0,0,1,1,20171118,20171122
1064926,1,1,1,1,1,1,1,20171123,20171223
1064927,0,0,0,0,0,0,1,20171224,20171224
1064928,1,0,0,0,0,0,0,20171225,20171225
1064929,1,1,1,1,1,1,1,20171226,20181226
1064932,1,1,1,1,1,1,1,20170426,20170501
1064933,1,1,1,1,1,1,1,20170502,20180505
1064930,1,1,1,1,1,1,1,20170426,20170501
1064931,1,1,1,1,1,1,1,20170502,20180505
1064907,1,1,1,1,1,1,1,20170426,20170501
1064908,1,1,1,1,1,1,1,20170502,20180505
1056314,1,1,1,1,1,1,1,20170331,20170525
1056315,0,0,0,0,1,1,1,20170526,20170528
1056316,1,1,1,1,1,1,1,20170529,20180529
1056311,1,1,1,1,1,1,1,20170331,20170525
1056312,0,0,0,0,1,1,1,20170526,20170528
1056313,1,1,1,1,1,1,1,20170529,20180529
1056317,1,1,1,1,1,1,1,20170331,20170525
1056318,0,0,0,0,1,1,1,20170526,20170528
1056319,1,1,1,1,1,1,1,20170529,20180529
1056304,1,1,1,1,1,1,1,20170331,20170525
1056302,0,0,0,0,1,1,1,20170526,20170528
1056303,1,1,1,1,1,1,1,20170529,20180529
1053274,1,1,1,1,1,1,1,20170331,20170423
1053275,1,1,1,1,0,0,0,20170424,20170525
1053256,0,0,0,0,1,1,1,20170428,20170521
1056305,0,0,0,0,1,1,1,20170526,20170528
1056306,1,1,1,1,1,1,1,20170529,20170820
1053258,1,1,1,1,1,0,0,20170821,20170901
1053259,0,0,0,0,0,1,1,20170826,20170827
1053260,1,0,0,0,0,1,1,20170902,20170910
1053261,1,1,1,1,1,0,0,20170905,20170915
1053262,0,0,0,0,0,1,1,20170916,20170917
1053263,1,1,1,1,1,1,1,20170918,20171103
1053264,0,0,0,0,1,1,1,20171104,20171110
1053265,1,1,1,1,0,1,0,20171106,20171111
1053266,0,0,0,0,0,0,1,20171112,20171112
1053267,1,1,1,1,1,0,0,20171113,20171117
1053268,1,1,1,0,0,1,1,20171118,20171122
1053269,1,1,1,1,1,1,1,20171123,20171223
1053270,0,0,0,0,0,0,1,20171224,20171224
1053271,1,0,0,0,0,0,0,20171225,20171225
1053272,1,1,1,1,1,1,1,20171226,20181226
1053427,1,1,1,1,1,1,1,20170328,20180505
1053333,1,1,1,1,1,1,1,20170328,20180505
1053276,1,1,1,1,1,1,1,20170328,20180505
1053277,1,1,1,1,1,1,1,20170328,20180505
1053332,1,1,1,1,1,1,1,20170328,20180505
1053278,1,1,1,1,1,1,1,20170328,20180505
1053279,1,1,1,1,1,1,1,20170328,20180505
1053280,1,1,1,1,1,1,1,20170328,20180505
1053391,1,1,1,1,1,1,1,20170328,20180505
1053281,1,1,1,1,1,0,0,20170328,20170526
1050485,1,1,1,1,1,0,0,20170530,20170703
1050487,1,1,1,1,1,0,0,20170705,20180705
1053334,1,1,1,1,1,0,0,20170328,20170526
1050581,1,1,1,1,1,0,0,20170530,20170703
1050583,1,1,1,1,1,0,0,20170705,20180705
1053282,1,1,1,1,1,0,0,20170328,20170526
1050490,1,1,1,1,1,0,0,20170530,20170703
1050492,1,1,1,1,1,0,0,20170705,20180705
1053283,1,1,1,1,1,0,0,20170328,20170526
1050495,1,1,1,1,1,0,0,20170530,20170703
1050497,1,1,1,1,1,0,0,20170705,20180705
1053335,1,1,1,1,1,0,0,20170328,20170526
1050586,1,1,1,1,1,0,0,20170530,20170703
1050588,1,1,1,1,1,0,0,20170705,20180705
1053284,1,1,1,1,1,0,0,20170328,20170526
1050500,1,1,1,1,1,0,0,20170530,20170703
1050502,1,1,1,1,1,0,0,20170705,20180705
1053336,1,1,1,1,1,0,0,20170328,20170526
1050591,1,1,1,1,1,0,0,20170530,20170703
1050593,1,1,1,1,1,0,0,20170705,20180705
1053285,1,1,1,1,1,0,0,20170328,20170526
1050505,1,1,1,1,1,0,0,20170530,20170703
1050507,1,1,1,1,1,0,0,20170705,20180705
1053286,1,1,1,1,1,0,0,20170328,20170526
1050510,1,1,1,1,1,0,0,20170530,20170703
1050512,1,1,1,1,1,0,0,20170705,20180705
1053287,1,1,1,1,1,0,0,20170328,20170526
1050515,1,1,1,1,1,0,0,20170530,20170703
1050517,1,1,1,1,1,0,0,20170705,20180705
1064015,1,1,1,1,1,0,0,20170423,20170428
1064016,1,0,0,0,0,0,0,20170501,20170501
1064017,1,1,1,1,1,0,0,20170502,20170526
1064019,1,1,1,1,1,0,0,20170530,20170703
1064021,1,1,1,1,1,0,0,20170705,20180705
1053288,1,1,1,1,1,0,0,20170328,20170526
1050520,1,1,1,1,1,0,0,20170530,20170703
1050522,1,1,1,1,1,0,0,20170705,20180705
1053289,1,1,1,1,1,0,0,20170328,20170526
1050525,1,1,1,1,1,0,0,20170530,20170703
1050527,1,1,1,1,1,0,0,20170705,20180705
1053290,1,1,1,1,1,0,0,20170328,20170526
1050530,1,1,1,1,1,0,0,20170530,20170703
1050532,1,1,1,1,1,0,0,20170705,20180705
1053338,1,1,1,1,1,0,0,20170328,20170526
1050601,1,1,1,1,1,0,0,20170530,20170703
1050603,1,1,1,1,1,0,0,20170705,20180705
1053291,1,1,1,1,1,1,1,20170328,20180505
1053339,1,1,1,1,1,0,0,20170328,20170526
1050606,1,1,1,1,1,0,0,20170530,20170703
1050608,1,1,1,1,1,0,0,20170705,20180705
1053340,1,1,1,1,1,0,0,20170328,20170526
1050611,1,1,1,1,1,0,0,20170530,20170703
1050613,1,1,1,1,1,0,0,20170705,20180705
1053292,1,1,1,1,1,1,1,20170328,20180505
1064022,1,1,1,1,1,0,0,20170423,20170428
1064023,1,0,0,0,0,0,0,20170501,20170501
1064024,1,1,1,1,1,0,0,20170502,20170526
1064026,1,1,1,1,1,0,0,20170530,20170703
1064028,1,1,1,1,1,0,0,20170705,20180705
1053293,1,1,1,1,1,0,0,20170328,20170526
1050535,1,1,1,1,1,0,0,20170530,20170703
1050537,1,1,1,1,1,0,0,20170705,20180705
1053294,1,1,1,1,1,0,0,20170328,20170526
1050540,1,1,1,1,1,0,0,20170530,20170703
1050542,1,1,1,1,1,0,0,20170705,20180705
1053342,1,1,1,1,1,0,0,20170328,20170526
1050621,1,1,1,1,1,0,0,20170530,20170703
1050623,1,1,1,1,1,0,0,20170705,20180705
1064002,1,1,1,1,1,0,0,20170423,20170428
1064003,1,0,0,0,0,0,0,20170501,20170501
1064004,1,1,1,1,1,0,0,20170502,20170526
1064006,1,1,1,1,1,0,0,20170530,20170703
1064008,1,1,1,1,1,0,0,20170705,20180705
1064009,1,1,1,1,1,1,1,20170423,20170430
1064010,1,0,0,0,0,0,0,20170501,20170501
1064011,1,1,1,1,1,1,1,20170502,20180505
1053343,1,1,1,1,1,0,0,20170328,20170526
1050626,1,1,1,1,1,0,0,20170530,20170703
1050628,1,1,1,1,1,0,0,20170705,20180705
1053297,1,1,1,1,1,0,0,20170328,20170526
1050550,1,1,1,1,1,0,0,20170530,20170703
1050552,1,1,1,1,1,0,0,20170705,20180705
1053426,1,1,1,1,1,0,0,20170328,20170526
1050692,1,1,1,1,1,0,0,20170530,20170703
1050694,1,1,1,1,1,0,0,20170705,20180705
1053298,1,1,1,1,1,0,0,20170328,20170526
1050554,1,1,1,1,1,0,0,20170530,20170703
1050557,1,1,1,1,1,0,0,20170705,20180705
1053344,1,1,1,1,1,1,1,20170328,20180505
1053299,0,0,0,0,0,1,1,20170328,20180505
1050559,1,0,0,0,0,0,0,20170529,20170529
1050560,0,1,0,0,0,0,0,20170704,20170704
1053300,0,0,0,0,0,1,1,20170328,20180505
1050562,1,0,0,0,0,0,0,20170529,20170529
1050563,0,1,0,0,0,0,0,20170704,20170704
1053301,0,0,0,0,0,1,1,20170328,20180505
1050565,1,0,0,0,0,0,0,20170529,20170529
1050566,0,1,0,0,0,0,0,20170704,20170704
1053211,0,0,0,0,0,1,1,20170328,20180505
1050461,1,0,0,0,0,0,0,20170529,20170529
1050462,0,1,0,0,0,0,0,20170704,20170704
1053381,0,0,0,0,0,1,1,20170328,20180505
1050659,1,0,0,0,0,0,0,20170529,20170529
1050660,0,1,0,0,0,0,0,20170704,20170704
1053302,0,0,0,0,0,1,1,20170328,20180505
1050568,1,0,0,0,0,0,0,20170529,20170529
1050569,0,1,0,0,0,0,0,20170704,20170704
1053212,0,0,0,0,0,1,1,20170328,20180505
1044013,1,0,0,0,0,0,0,20170529,20170529
1050464,0,1,0,0,0,0,0,20170704,20170704
1053213,0,0,0,0,0,1,1,20170328,20180505
1050466,1,0,0,0,0,0,0,20170529,20170529
1050467,0,1,0,0,0,0,0,20170704,20170704
1053303,0,0,0,0,0,1,1,20170328,20180505
1050571,1,0,0,0,0,0,0,20170529,20170529
1050572,0,1,0,0,0,0,0,20170704,20170704
1053214,0,0,0,0,0,1,1,20170328,20180505
1050469,1,0,0,0,0,0,0,20170529,20170529
1050470,0,1,0,0,0,0,0,20170704,20170704
1053304,0,0,0,0,0,1,1,20170328,20180505
1050574,1,0,0,0,0,0,0,20170529,20170529
1050575,0,1,0,0,0,0,0,20170704,20170704
1053215,0,0,0,0,0,1,1,20170328,20180505
1050472,1,0,0,0,0,0,0,20170529,20170529
1050473,0,1,0,0,0,0,0,20170704,20170704
1053379,0,0,0,0,0,1,1,20170328,20180505
1044142,1,0,0,0,0,0,0,20170529,20170529
1050654,0,1,0,0,0,0,0,20170704,20170704
1053390,0,0,0,0,0,1,1,20170328,20180505
1050674,1,0,0,0,0,0,0,20170529,20170529
1050675,0,1,0,0,0,0,0,20170704,20170704
1053380,0,0,0,0,0,1,1,20170328,20180505
1050656,1,0,0,0,0,0,0,20170529,20170529
1050657,0,1,0,0,0,0,0,20170704,20170704
1053411,0,0,0,0,0,1,1,20170328,20180505
1050685,1,0,0,0,0,0,0,20170529,20170529
1050686,0,1,0,0,0,0,0,20170704,20170704
1053216,0,0,0,0,0,1,1,20170328,20180505
1050475,1,0,0,0,0,0,0,20170529,20170529
1050476,0,1,0,0,0,0,0,20170704,20170704
1053305,0,0,0,0,0,1,1,20170328,20180505
1050577,1,0,0,0,0,0,0,20170529,20170529
1050578,0,1,0,0,0,0,0,20170704,20170704
1053217,0,0,0,0,0,1,1,20170328,20180505
1050478,1,0,0,0,0,0,0,20170529,20170529
1050479,0,1,0,0,0,0,0,20170704,20170704
1053371,1,1,1,1,1,1,1,20170328,20180505
1053372,1,1,1,1,1,1,1,20170328,20180505
1053405,1,1,1,1,1,1,1,20170328,20180505
1053406,1,1,1,1,1,1,1,20170328,20180505
1066064,1,1,1,1,1,0,0,20170328,20170929
1066060,1,1,1,1,1,0,0,20170328,20170929
1066056,1,1,1,1,1,0,0,20170328,20170929
762279,0,0,1,0,0,0,0,20150520,20150520
762280,1,0,1,1,0,0,0,20150603,20150608
1063195,1,1,1,1,1,1,1,20170516,20170523
1063213,1,0,0,0,0,0,0,20170515,20170515
1063209,1,0,0,0,0,0,0,20170515,20170515
1063208,1,0,0,0,0,0,0,20170515,20170515
1063210,1,0,0,0,0,0,0,20170515,20170515
1054727,1,1,1,1,1,1,1,20170328,20180505
1061060,0,0,0,0,1,0,0,20170421,20170421
1061061,0,0,0,0,1,0,0,20170505,20170519
1061062,0,0,0,0,1,0,0,20170602,20170623
1061041,0,0,0,0,0,1,0,20170422,20170422
1061042,0,0,0,0,0,1,0,20170506,20170520
1061043,0,0,0,0,0,1,0,20170603,20170624
1054782,0,0,0,0,0,1,1,20170422,20170423
1061096,0,0,0,0,0,1,1,20170506,20170521
1061097,0,0,0,0,0,1,1,20170603,20170625
1061093,0,0,0,0,0,1,0,20170422,20170422
1061094,0,0,0,0,0,1,0,20170506,20170520
1061095,0,0,0,0,0,1,0,20170603,20170624
1061090,0,0,0,0,0,1,0,20170422,20170422
1061091,0,0,0,0,0,1,0,20170506,20170520
1061092,0,0,0,0,0,1,0,20170603,20170624
1061078,0,0,0,0,1,0,0,20170421,20170421
1061079,0,0,0,0,1,0,0,20170505,20170519
1061080,0,0,0,0,1,0,0,20170602,20170623
1061075,0,0,0,0,0,0,1,20170423,20170423
1061076,0,0,0,0,0,0,1,20170507,20170521
1061077,0,0,0,0,0,0,1,20170604,20170625
1046121,0,0,0,0,0,1,1,20170429,20170430
1046163,0,0,0,0,0,1,1,20170429,20170430
1046160,0,0,0,0,0,1,1,20170429,20170430
1061023,0,1,0,0,0,0,0,20170516,20170523
1064213,1,1,1,1,1,1,1,20170516,20170524
1061027,0,1,0,0,0,0,0,20170516,20170523
1061026,0,1,0,0,0,0,0,20170516,20170523
1061028,1,0,0,0,0,0,0,20170515,20170515
1061029,0,1,0,0,0,0,0,20170516,20170523
1061030,0,1,0,0,0,0,0,20170516,20170523
1061031,1,0,0,0,0,0,0,20170515,20170515
1061032,0,1,0,0,0,0,0,20170516,20170523
1066042,0,1,1,1,0,0,0,20170509,20170511
1065713,1,1,1,0,0,0,0,20170508,20170510
1046119,0,0,0,0,0,1,1,20170429,20170430
1046155,0,0,0,0,0,1,1,20170429,20170430
1046130,0,0,0,0,0,1,1,20170429,20170430
1046111,0,0,0,0,0,1,1,20170429,20170430
1046137,0,0,0,0,0,1,1,20170429,20170430
1046100,0,0,0,0,0,1,1,20170429,20170430
1061069,0,0,0,0,0,1,0,20170422,20170422
1061070,0,0,0,0,0,1,0,20170506,20170520
1061071,0,0,0,0,0,1,0,20170603,20170624
1061063,0,0,0,0,0,1,0,20170422,20170422
1061064,0,0,0,0,0,1,0,20170506,20170520
1061065,0,0,0,0,0,1,0,20170603,20170624
1061066,0,0,0,0,0,1,0,20170422,20170422
1061067,0,0,0,0,0,1,0,20170506,20170520
1061068,0,0,0,0,0,1,0,20170603,20170624
1061084,0,0,0,0,0,1,0,20170422,20170422
1061085,0,0,0,0,0,1,0,20170506,20170520
1061086,0,0,0,0,0,1,0,20170603,20170624
1061081,0,0,0,0,0,1,0,20170422,20170422
1061082,0,0,0,0,0,1,0,20170506,20170520
1061083,0,0,0,0,0,1,0,20170603,20170624
1061087,0,0,0,0,0,1,0,20170422,20170422
1061088,0,0,0,0,0,1,0,20170506,20170520
1061089,0,0,0,0,0,1,0,20170603,20170624
1046120,0,0,0,0,0,1,1,20170429,20170430
1066066,1,1,1,1,1,0,0,20170328,20170929
1066068,1,1,1,1,1,0,0,20170328,20170929
1046191,0,0,0,0,0,1,1,20170429,20170430
1066062,1,1,1,1,1,0,0,20170328,20170929
1061036,0,0,0,0,0,1,0,20170422,20170422
1061037,0,0,0,0,0,1,0,20170506,20170520
1061038,0,0,0,0,0,1,0,20170603,20170624
1066053,1,1,1,1,1,0,0,20170328,20170929
1046166,0,0,0,0,0,1,1,20170429,20170430
1046099,0,0,0,0,0,1,1,20170429,20170430
1066058,1,1,1,1,1,0,0,20170328,20170929
1066054,1,1,1,1,1,0,0,20170328,20170929
1048978,0,0,0,0,0,1,1,20170429,20170430
1066049,1,0,0,0,0,0,0,20170529,20170529
1048979,0,0,0,0,0,1,1,20170429,20170430
1048980,0,0,0,0,0,1,1,20170429,20170430
1046122,0,0,0,0,0,1,1,20170429,20170430
1063198,0,0,0,0,0,1,1,20170429,20170430
1063199,0,0,0,0,0,1,1,20170520,20170521
1046156,0,0,0,0,0,1,1,20170429,20170430
1063181,0,0,0,0,0,1,1,20170429,20170430
1063182,0,0,0,0,0,1,1,20170520,20170521
1046131,0,0,0,0,0,1,1,20170429,20170430
1046108,0,0,0,0,0,1,1,20170429,20170430
1046134,0,0,0,0,0,1,1,20170429,20170430
1046164,0,0,0,0,0,1,1,20170429,20170430
1046112,0,0,0,0,0,1,1,20170429,20170430
1046115,0,0,0,0,0,1,1,20170429,20170430
1046138,0,0,0,0,0,1,1,20170429,20170430
1046167,0,0,0,0,0,1,1,20170429,20170430
1046143,0,0,0,0,0,1,1,20170429,20170430
1046101,0,0,0,0,0,1,1,20170429,20170430
1056744,0,0,0,0,0,1,1,20170429,20170430
1063192,0,0,0,0,0,1,1,20170429,20170430
1063193,0,0,0,0,0,1,1,20170520,20170521
1063200,0,0,0,0,0,1,1,20170429,20170430
1063201,0,0,0,0,0,1,1,20170520,20170521
1063183,0,0,0,0,0,1,1,20170429,20170430
1063184,0,0,0,0,0,1,1,20170520,20170521
1063202,0,0,0,0,0,1,1,20170429,20170430
1063203,0,0,0,0,0,1,1,20170520,20170521
1046165,0,0,0,0,0,1,1,20170429,20170430
1063185,0,0,0,0,0,1,1,20170429,20170430
1063186,0,0,0,0,0,1,1,20170520,20170521
1063187,0,0,0,0,0,1,1,20170429,20170430
1063188,0,0,0,0,0,1,1,20170520,20170521
1063204,0,0,0,0,0,1,1,20170429,20170430
1063205,0,0,0,0,0,1,1,20170520,20170521
1063196,0,0,0,0,0,1,1,20170429,20170430
1063197,0,0,0,0,0,1,1,20170520,20170521
1063206,0,0,0,0,0,1,1,20170429,20170430
1063207,0,0,0,0,0,1,1,20170520,20170521
1063179,0,0,0,0,0,1,1,20170429,20170430
1063180,0,0,0,0,0,1,1,20170520,20170521
1056745,0,0,0,0,0,1,1,20170429,20170430
1046158,0,0,0,0,0,1,1,20170429,20170430
1046147,0,0,0,0,0,1,1,20170429,20170430
1046150,0,0,0,0,0,1,1,20170429,20170430
1046148,0,0,0,0,0,1,1,20170429,20170430
1046126,0,0,0,0,0,1,1,20170429,20170430
1046162,0,0,0,0,0,1,1,20170429,20170430
1046159,0,0,0,0,0,1,1,20170429,20170430
1046149,0,0,0,0,0,1,1,20170429,20170430
1046151,0,0,0,0,0,1,1,20170429,20170430
1046125,0,0,0,0,0,1,1,20170429,20170430
1046157,0,0,0,0,0,1,1,20170429,20170430
1046161,0,0,0,0,0,1,1,20170429,20170430
1046104,0,0,0,0,0,1,1,20170429,20170430
1046107,0,0,0,0,0,1,1,20170429,20170430
1046118,0,0,0,0,0,1,1,20170429,20170430
1046141,0,0,0,0,0,1,1,20170429,20170430
1046142,0,0,0,0,0,1,1,20170429,20170430
1046152,0,0,0,0,0,1,1,20170429,20170430
1046146,0,0,0,0,0,1,1,20170429,20170430
1046129,0,0,0,0,0,1,1,20170429,20170430
1054783,1,1,1,1,1,1,1,20170328,20180505
1054744,1,1,1,1,1,1,1,20170328,20180505
1063194,0,0,0,0,0,1,1,20170520,20170521
1056155,0,0,0,0,1,0,0,20170519,20170519
1054784,1,1,1,1,1,1,1,20170328,20180505
1054745,1,1,1,1,1,1,1,20170328,20180505
1061072,0,0,0,0,0,1,0,20170422,20170422
1061073,0,0,0,0,0,1,0,20170506,20170520
1061074,0,0,0,0,0,1,0,20170603,20170624
1054613,1,1,1,1,1,1,1,20170328,20180505
1063496,1,1,1,1,1,1,1,20170421,20170430
1063497,1,1,0,0,0,0,0,20170501,20170502
1063498,1,1,1,1,1,1,1,20170503,20180505
1054808,1,1,1,1,1,1,1,20170328,20180505
1054809,1,1,1,1,1,1,1,20170328,20180505
1054810,1,1,1,1,1,1,1,20170328,20180505
1054811,1,1,1,1,1,1,1,20170328,20180505
1065777,1,1,1,1,1,1,1,20170428,20180505
1065776,1,1,1,1,1,1,1,20170428,20180505
1054175,1,1,1,1,1,1,1,20170328,20180505
1054178,1,1,1,1,1,1,1,20170328,20180505
1054176,1,1,1,1,1,1,1,20170328,20180505
1054179,1,1,1,1,1,1,1,20170328,20180505
1054177,1,1,1,1,1,1,1,20170328,20180505
1054180,1,1,1,1,1,1,1,20170328,20180505
821193,1,1,1,1,1,1,1,20150927,20151003
821195,1,1,1,1,1,1,1,20151005,20180505
822377,1,1,1,1,1,0,1,20150930,20151005
822379,1,1,1,1,1,1,1,20151007,20180505
824432,1,1,0,0,1,1,1,20151004,20151006
824437,1,1,1,1,1,1,1,20151012,20180505
824444,1,0,0,0,1,1,1,20151004,20151005
824443,1,1,1,1,1,1,1,20151012,20180505
1053453,1,1,1,1,1,1,1,20170328,20180505
1053456,1,1,1,1,1,1,1,20170328,20180505
1056964,1,1,1,1,1,1,1,20170401,20170423
1056965,1,1,1,1,1,1,1,20170424,20180505
1053451,1,1,1,1,1,1,1,20170328,20180505
1053455,0,0,0,0,1,0,1,20170328,20180505
1053452,0,0,0,0,1,0,1,20170328,20180505
1065346,1,1,1,1,1,1,1,20170427,20170501
1065348,1,1,1,1,1,1,1,20170504,20180505
1065352,1,1,1,1,1,1,1,20170427,20170501
1065354,1,1,1,1,1,1,1,20170504,20180505
1065349,1,1,1,1,1,1,1,20170427,20170501
1065351,1,1,1,1,1,1,1,20170504,20180505
1065343,1,1,1,1,1,1,1,20170427,20170501
1065345,1,1,1,1,1,1,1,20170504,20180505
1054716,1,1,1,1,1,1,1,20170328,20180505
1054715,1,1,1,1,1,1,1,20170328,20180505
1053465,1,1,1,1,1,1,1,20170328,20180505
1053464,1,1,1,1,1,1,1,20170328,20180505
