shape_id,shape_pt_lat,shape_pt_lon,shape_pt_sequence
metrolinkmediashp,34.17886149,-118.3122826,1
metrolinkmediashp,34.17812923,-118.3116442,2
metrolinkmediashp,34.16818207,-118.3221973,3
metrolinkmediashp,34.16112348,-118.3295318,4
metrolinkmediashp,34.15820877,-118.3281123,5
metrolinkmediashp,34.15587271,-118.3351403,6
metrolinkmediashp,34.15288679,-118.3382678,7
metrolinkmediashp,34.152707,-118.3372727,8
metrolinkmediashp,34.15131527,-118.336637,9
metrolinkmediashp,34.15099564,-118.3376402,10
metrolinkmediashp,34.1519501,-118.3381337,11
metrolinkmediashp,34.15246506,-118.3387935,12
metrolinkmediashp,34.14970155,-118.3417198,13
metrolinkmediashp,34.15310598,-118.3433694,14
metrolinkmediashp,34.15680659,-118.3322275,15
metrolinkmediashp,34.15172924,-118.3297612,16
metrolinkmediashp,34.15287792,-118.3269113,17
metrolinkmediashp,34.15411203,-118.3261442,18
metrolinkmediashp,34.16112348,-118.3295318,19
metrolinkmediashp,34.16818207,-118.3221973,20
metrolinkmediashp,34.17812923,-118.3116442,21
metrolinkmediashp,34.17886149,-118.3122826,22
empiredowntownamshp,34.17880801,-118.3122522,1
empiredowntownamshp,34.17878827,-118.3120421,2
empiredowntownamshp,34.17887394,-118.311928,3
empiredowntownamshp,34.17895164,-118.3118591,4
empiredowntownamshp,34.17980132,-118.3130335,5
empiredowntownamshp,34.18012119,-118.3134736,6
empiredowntownamshp,34.18028497,-118.3137511,7
empiredowntownamshp,34.18052295,-118.3141819,8
empiredowntownamshp,34.18075631,-118.3145459,9
empiredowntownamshp,34.18160471,-118.315529,10
empiredowntownamshp,34.18224476,-118.3162422,11
empiredowntownamshp,34.18310514,-118.3171793,12
empiredowntownamshp,34.18373443,-118.3178734,13
empiredowntownamshp,34.18445261,-118.3186349,14
empiredowntownamshp,34.18501184,-118.3190129,15
empiredowntownamshp,34.18511571,-118.3191161,16
empiredowntownamshp,34.18511544,-118.3193581,17
empiredowntownamshp,34.18495452,-118.3199498,18
empiredowntownamshp,34.18468769,-118.3207864,19
empiredowntownamshp,34.18445441,-118.3215552,20
empiredowntownamshp,34.1844855,-118.3217166,21
empiredowntownamshp,34.18466419,-118.3218327,22
empiredowntownamshp,34.18565434,-118.3223121,23
empiredowntownamshp,34.18639588,-118.3226908,24
empiredowntownamshp,34.18765994,-118.3233123,25
empiredowntownamshp,34.18793495,-118.323492,26
empiredowntownamshp,34.18817251,-118.323785,27
empiredowntownamshp,34.18915223,-118.325083,28
empiredowntownamshp,34.19089318,-118.3275694,29
empiredowntownamshp,34.19163455,-118.3286329,30
empiredowntownamshp,34.19218869,-118.3294406,31
empiredowntownamshp,34.19391475,-118.3319648,32
empiredowntownamshp,34.19433751,-118.3326191,33
empiredowntownamshp,34.19482815,-118.333365,34
empiredowntownamshp,34.1952757,-118.3340109,35
empiredowntownamshp,34.19584727,-118.3348548,36
empiredowntownamshp,34.19622341,-118.3353956,37
empiredowntownamshp,34.19664962,-118.3360424,38
empiredowntownamshp,34.19691275,-118.3364706,39
empiredowntownamshp,34.19693442,-118.3365964,40
empiredowntownamshp,34.19672183,-118.3368168,41
empiredowntownamshp,34.1956126,-118.3368826,42
empiredowntownamshp,34.1955327,-118.3368511,43
empiredowntownamshp,34.19547921,-118.3364567,44
empiredowntownamshp,34.1954785,-118.3364497,45
empiredowntownamshp,34.19546171,-118.3358191,46
empiredowntownamshp,34.19517794,-118.3358156,47
empiredowntownamshp,34.1938303,-118.3358526,48
empiredowntownamshp,34.19225162,-118.3358752,49
empiredowntownamshp,34.19194705,-118.3358733,50
empiredowntownamshp,34.19191328,-118.3359436,51
empiredowntownamshp,34.19192673,-118.3364029,52
empiredowntownamshp,34.19194221,-118.3380145,53
empiredowntownamshp,34.19196794,-118.3401182,54
empiredowntownamshp,34.19199303,-118.3412855,55
empiredowntownamshp,34.19200011,-118.3423824,56
empiredowntownamshp,34.19201872,-118.3434682,57
empiredowntownamshp,34.19204053,-118.3444545,58
empiredowntownamshp,34.19210049,-118.3445551,59
empiredowntownamshp,34.19539737,-118.3444772,60
empiredowntownamshp,34.19558943,-118.3444717,61
empiredowntownamshp,34.19566226,-118.3445694,62
empiredowntownamshp,34.19568728,-118.3448897,63
empiredowntownamshp,34.19572572,-118.3475911,64
empiredowntownamshp,34.19572102,-118.3486909,65
empiredowntownamshp,34.19576659,-118.3488315,66
empiredowntownamshp,34.19602487,-118.3488414,67
empiredowntownamshp,34.19711201,-118.3488155,68
empiredowntownamshp,34.19914441,-118.3487493,69
empiredowntownamshp,34.19926198,-118.3487382,70
empiredowntownamshp,34.1992989,-118.3486038,71
empiredowntownamshp,34.19927603,-118.3477321,72
empiredowntownamshp,34.19925825,-118.3457185,73
empiredowntownamshp,34.19926471,-118.3436457,74
empiredowntownamshp,34.1992122,-118.3405726,75
empiredowntownamshp,34.19917148,-118.3401691,76
empiredowntownamshp,34.19915868,-118.3399167,77
empiredowntownamshp,34.19904214,-118.339718,78
empiredowntownamshp,34.1982571,-118.3385079,79
empiredowntownamshp,34.1980131,-118.3380873,80
empiredowntownamshp,34.19797511,-118.3379082,81
empiredowntownamshp,34.19805603,-118.3378021,82
empiredowntownamshp,34.19850887,-118.3378026,83
empiredowntownamshp,34.19946039,-118.3378467,84
empiredowntownamshp,34.19961598,-118.3378733,85
empiredowntownamshp,34.19966657,-118.3379977,86
empiredowntownamshp,34.19944126,-118.3387802,87
empiredowntownamshp,34.19935615,-118.3390613,88
empiredowntownamshp,34.19994349,-118.3400178,89
empiredowntownamshp,34.20082134,-118.3413141,90
empiredowntownamshp,34.20194089,-118.342953,91
empiredowntownamshp,34.20290496,-118.3443543,92
empiredowntownamshp,34.20310534,-118.3443769,93
empiredowntownamshp,34.20467018,-118.3443362,94
empiredowntownamshp,34.20648346,-118.3442987,95
empiredowntownamshp,34.20654453,-118.3442659,96
empiredowntownamshp,34.20652741,-118.3434682,97
empiredowntownamshp,34.20648835,-118.3419713,98
empiredowntownamshp,34.20653115,-118.3417691,99
empiredowntownamshp,34.20660537,-118.3416095,100
empiredowntownamshp,34.20650782,-118.3412846,101
empiredowntownamshp,34.20587084,-118.3399035,102
empiredowntownamshp,34.20533867,-118.3387749,103
empiredowntownamshp,34.20455974,-118.3370535,104
empiredowntownamshp,34.20435809,-118.3366418,105
empiredowntownamshp,34.20383359,-118.3355621,106
empiredowntownamshp,34.20245793,-118.3333955,107
empiredowntownamshp,34.20176802,-118.3323723,108
empiredowntownamshp,34.20105805,-118.3312975,109
empiredowntownamshp,34.20048305,-118.3303643,110
empiredowntownamshp,34.19988815,-118.3294704,111
empiredowntownamshp,34.19899114,-118.3280317,112
empiredowntownamshp,34.19783314,-118.3264073,113
empiredowntownamshp,34.19700926,-118.3252765,114
empiredowntownamshp,34.19659911,-118.324754,115
empiredowntownamshp,34.19629121,-118.3246202,116
empiredowntownamshp,34.19514842,-118.3240525,117
empiredowntownamshp,34.19278198,-118.3228283,118
empiredowntownamshp,34.19158519,-118.3222341,119
empiredowntownamshp,34.19060613,-118.3217342,120
empiredowntownamshp,34.190288,-118.3216816,121
empiredowntownamshp,34.18985163,-118.3211322,122
empiredowntownamshp,34.18901169,-118.3199511,123
empiredowntownamshp,34.18794493,-118.3184943,124
empiredowntownamshp,34.1868901,-118.3170836,125
empiredowntownamshp,34.18633764,-118.3163022,126
empiredowntownamshp,34.18623287,-118.3162555,127
empiredowntownamshp,34.18621651,-118.3162599,128
empiredowntownamshp,34.18604214,-118.3165638,129
empiredowntownamshp,34.18546677,-118.3182711,130
empiredowntownamshp,34.18534624,-118.3185313,131
empiredowntownamshp,34.18520714,-118.3189638,132
empiredowntownamshp,34.18502257,-118.3190698,133
empiredowntownamshp,34.18471758,-118.3188695,134
empiredowntownamshp,34.18434035,-118.3186099,135
empiredowntownamshp,34.18370907,-118.3179157,136
empiredowntownamshp,34.18180755,-118.3158416,137
empiredowntownamshp,34.18075413,-118.3146196,138
empiredowntownamshp,34.18048984,-118.31421,139
empiredowntownamshp,34.18007704,-118.3135126,140
empiredowntownamshp,34.17992075,-118.3133682,141
empiredowntownamshp,34.17969059,-118.3133618,142
empiredowntownamshp,34.17881657,-118.3122767,143
empiredowntownpmshp,34.17879081,-118.3122172,1
empiredowntownpmshp,34.17877562,-118.312032,2
empiredowntownpmshp,34.17892842,-118.3118572,3
empiredowntownpmshp,34.18002231,-118.3133403,4
empiredowntownpmshp,34.18029152,-118.3137588,5
empiredowntownpmshp,34.18057681,-118.3142789,6
empiredowntownpmshp,34.18112423,-118.314976,7
empiredowntownpmshp,34.1828561,-118.3169028,8
empiredowntownpmshp,34.18414361,-118.3182997,9
empiredowntownpmshp,34.18442171,-118.3185729,10
empiredowntownpmshp,34.18501725,-118.318897,11
empiredowntownpmshp,34.18513118,-118.3188493,12
empiredowntownpmshp,34.18545546,-118.3178287,13
empiredowntownpmshp,34.18583822,-118.3166919,14
empiredowntownpmshp,34.18613005,-118.3162088,15
empiredowntownpmshp,34.18631628,-118.3160719,16
empiredowntownpmshp,34.18662352,-118.3164398,17
empiredowntownpmshp,34.18717367,-118.3171929,18
empiredowntownpmshp,34.18802874,-118.3183942,19
empiredowntownpmshp,34.18933935,-118.3201848,20
empiredowntownpmshp,34.19001401,-118.3211095,21
empiredowntownpmshp,34.19033919,-118.3214993,22
empiredowntownpmshp,34.1911686,-118.3219174,23
empiredowntownpmshp,34.19256409,-118.3226082,24
empiredowntownpmshp,34.19408967,-118.3234087,25
empiredowntownpmshp,34.19540146,-118.324082,26
empiredowntownpmshp,34.19633834,-118.3245666,27
empiredowntownpmshp,34.19645959,-118.3245322,28
empiredowntownpmshp,34.19664719,-118.3246302,29
empiredowntownpmshp,34.19718136,-118.3253099,30
empiredowntownpmshp,34.19791134,-118.3263045,31
empiredowntownpmshp,34.19926313,-118.328192,32
empiredowntownpmshp,34.20015897,-118.32956,33
empiredowntownpmshp,34.20127559,-118.3313162,34
empiredowntownpmshp,34.20253194,-118.333276,35
empiredowntownpmshp,34.20402719,-118.3355904,36
empiredowntownpmshp,34.20428102,-118.3361591,37
empiredowntownpmshp,34.20543814,-118.3386776,38
empiredowntownpmshp,34.20635409,-118.3406984,39
empiredowntownpmshp,34.20656295,-118.3412521,40
empiredowntownpmshp,34.20668669,-118.3415064,41
empiredowntownpmshp,34.20664256,-118.3417819,42
empiredowntownpmshp,34.20657043,-118.3420597,43
empiredowntownpmshp,34.20661327,-118.3426654,44
empiredowntownpmshp,34.20659968,-118.3442976,45
empiredowntownpmshp,34.20650807,-118.3443754,46
empiredowntownpmshp,34.20471152,-118.3444004,47
empiredowntownpmshp,34.20305079,-118.34444,48
empiredowntownpmshp,34.20285385,-118.3444361,49
empiredowntownpmshp,34.20282461,-118.3444143,50
empiredowntownpmshp,34.20256316,-118.3440049,51
empiredowntownpmshp,34.20255272,-118.3439909,52
empiredowntownpmshp,34.20112208,-118.3418937,53
empiredowntownpmshp,34.19993786,-118.340154,54
empiredowntownpmshp,34.19940103,-118.3393648,55
empiredowntownpmshp,34.19927631,-118.3391692,56
empiredowntownpmshp,34.19926548,-118.3390236,57
empiredowntownpmshp,34.19941814,-118.3386047,58
empiredowntownpmshp,34.19957986,-118.3380205,59
empiredowntownpmshp,34.19952163,-118.3379379,60
empiredowntownpmshp,34.19866014,-118.3379447,61
empiredowntownpmshp,34.19841028,-118.3380256,62
empiredowntownpmshp,34.19819513,-118.3380827,63
empiredowntownpmshp,34.19816995,-118.3381809,64
empiredowntownpmshp,34.19825031,-118.3383433,65
empiredowntownpmshp,34.19885255,-118.3392248,66
empiredowntownpmshp,34.19920842,-118.339835,67
empiredowntownpmshp,34.19926893,-118.3404301,68
empiredowntownpmshp,34.19929411,-118.3416122,69
empiredowntownpmshp,34.19933446,-118.3444134,70
empiredowntownpmshp,34.19937981,-118.3479764,71
empiredowntownpmshp,34.19934859,-118.3486283,72
empiredowntownpmshp,34.19927457,-118.3488696,73
empiredowntownpmshp,34.19874528,-118.3488974,74
empiredowntownpmshp,34.19748904,-118.3489105,75
empiredowntownpmshp,34.19620829,-118.348933,76
empiredowntownpmshp,34.19584193,-118.3489113,77
empiredowntownpmshp,34.19566236,-118.3487847,78
empiredowntownpmshp,34.19563412,-118.3481937,79
empiredowntownpmshp,34.19563374,-118.3481843,80
empiredowntownpmshp,34.19560959,-118.3481489,81
empiredowntownpmshp,34.19560844,-118.346377,82
empiredowntownpmshp,34.19558633,-118.3446981,83
empiredowntownpmshp,34.19554705,-118.3445773,84
empiredowntownpmshp,34.19530908,-118.3445702,85
empiredowntownpmshp,34.19245827,-118.344622,86
empiredowntownpmshp,34.19212846,-118.3446141,87
empiredowntownpmshp,34.19194822,-118.3444633,88
empiredowntownpmshp,34.1918894,-118.3437949,89
empiredowntownpmshp,34.19189126,-118.3437789,90
empiredowntownpmshp,34.19185611,-118.3411187,91
empiredowntownpmshp,34.19178657,-118.3380546,92
empiredowntownpmshp,34.19178901,-118.3368935,93
empiredowntownpmshp,34.1918271,-118.3360045,94
empiredowntownpmshp,34.19184036,-118.3358064,95
empiredowntownpmshp,34.19201519,-118.3357252,96
empiredowntownpmshp,34.19371051,-118.3357093,97
empiredowntownpmshp,34.19527534,-118.3356984,98
empiredowntownpmshp,34.19574509,-118.3356993,99
empiredowntownpmshp,34.1958456,-118.3356139,100
empiredowntownpmshp,34.19586961,-118.3354798,101
empiredowntownpmshp,34.19576427,-118.3353065,102
empiredowntownpmshp,34.19536957,-118.3349581,103
empiredowntownpmshp,34.19515642,-118.3347382,104
empiredowntownpmshp,34.19482424,-118.3342465,105
empiredowntownpmshp,34.1945455,-118.3336172,106
empiredowntownpmshp,34.1943039,-118.3329062,107
empiredowntownpmshp,34.19399142,-118.3322177,108
empiredowntownpmshp,34.19362821,-118.3316259,109
empiredowntownpmshp,34.19286342,-118.3305389,110
empiredowntownpmshp,34.19217971,-118.3295287,111
empiredowntownpmshp,34.19101333,-118.327936,112
empiredowntownpmshp,34.18990387,-118.3263176,113
empiredowntownpmshp,34.18915139,-118.3252569,114
empiredowntownpmshp,34.18831631,-118.3241195,115
empiredowntownpmshp,34.1879697,-118.323679,116
empiredowntownpmshp,34.18763749,-118.3234103,117
empiredowntownpmshp,34.1876285,-118.3234004,118
empiredowntownpmshp,34.18671714,-118.3229514,119
empiredowntownpmshp,34.18521651,-118.3222619,120
empiredowntownpmshp,34.18480605,-118.3219884,121
empiredowntownpmshp,34.18447258,-118.3218476,122
empiredowntownpmshp,34.18426748,-118.321507,123
empiredowntownpmshp,34.18448445,-118.3207201,124
empiredowntownpmshp,34.1844869,-118.3207167,125
empiredowntownpmshp,34.18502513,-118.319176,126
empiredowntownpmshp,34.18502309,-118.3190527,127
empiredowntownpmshp,34.18495233,-118.3189989,128
empiredowntownpmshp,34.18455659,-118.318774,129
empiredowntownpmshp,34.18426131,-118.3185051,130
empiredowntownpmshp,34.18371918,-118.3179216,131
empiredowntownpmshp,34.18273915,-118.3168691,132
empiredowntownpmshp,34.18128916,-118.315236,133
empiredowntownpmshp,34.18095521,-118.3148441,134
empiredowntownpmshp,34.18094054,-118.3148383,135
empiredowntownpmshp,34.18062764,-118.3144694,136
empiredowntownpmshp,34.18048898,-118.3141899,137
empiredowntownpmshp,34.18047209,-118.314175,138
empiredowntownpmshp,34.18004752,-118.3134831,139
empiredowntownpmshp,34.17990695,-118.3133419,140
empiredowntownpmshp,34.17973937,-118.313378,141
empiredowntownpmshp,34.17952571,-118.313162,142
empiredowntownpmshp,34.17880509,-118.3122508,143
nohoairportshp,34.168785911762,-118.376112068753,1
nohoairportshp,34.1686920467103,-118.375916493441,2
nohoairportshp,34.1686924389051,-118.375585866305,3
nohoairportshp,34.168700530974,-118.375072554336,4
nohoairportshp,34.1687161480373,-118.374470845912,5
nohoairportshp,34.1686373133619,-118.374330310999,6
nohoairportshp,34.1682889991649,-118.374316545037,7
nohoairportshp,34.1681904865402,-118.374307318601,8
nohoairportshp,34.168107438638,-118.374158657347,9
nohoairportshp,34.1681267466616,-118.373191390359,10
nohoairportshp,34.1681284054915,-118.372442229941,11
nohoairportshp,34.1681324261844,-118.371611785769,12
nohoairportshp,34.1681298652769,-118.370809030404,13
nohoairportshp,34.1681393797007,-118.370480933029,14
nohoairportshp,34.1682043735912,-118.37033848626,15
nohoairportshp,34.1683767469636,-118.370265028446,16
nohoairportshp,34.1685388896543,-118.370233583817,17
nohoairportshp,34.1688818211363,-118.37022102221,18
nohoairportshp,34.1692950775574,-118.370208955621,19
nohoairportshp,34.169821641635,-118.37021244147,20
nohoairportshp,34.1702995786458,-118.370233664186,21
nohoairportshp,34.1721262136732,-118.370220766213,22
nohoairportshp,34.1721524717957,-118.370139921967,23
nohoairportshp,34.1721376889135,-118.369738127216,24
nohoairportshp,34.1721434730914,-118.368614848887,25
nohoairportshp,34.1721435678726,-118.367521668015,26
nohoairportshp,34.1721351545196,-118.365921969151,27
nohoairportshp,34.1721327204648,-118.364834320018,28
nohoairportshp,34.1721271364678,-118.363760719384,29
nohoairportshp,34.1721208552261,-118.362644299974,30
nohoairportshp,34.1721240295955,-118.361559900829,31
nohoairportshp,34.1721381859295,-118.360465310398,32
nohoairportshp,34.1721335147156,-118.359361226468,33
nohoairportshp,34.1721220926871,-118.358337571157,34
nohoairportshp,34.1721781819482,-118.357742213125,35
nohoairportshp,34.1723144627654,-118.357258393206,36
nohoairportshp,34.1725105190617,-118.356661400543,37
nohoairportshp,34.1729335490961,-118.355337541806,38
nohoairportshp,34.1736857763408,-118.353100630167,39
nohoairportshp,34.1742951212501,-118.351258044927,40
nohoairportshp,34.1746786251567,-118.350164028531,41
nohoairportshp,34.175334787449,-118.348208873989,42
nohoairportshp,34.1760085655285,-118.346192460193,43
nohoairportshp,34.1766889186275,-118.344181148934,44
nohoairportshp,34.1770231897989,-118.343143149243,45
nohoairportshp,34.1777019004677,-118.341134213509,46
nohoairportshp,34.1780229256092,-118.340141300711,47
nohoairportshp,34.178386419378,-118.339098936273,48
nohoairportshp,34.1786917587697,-118.338205863202,49
nohoairportshp,34.1787370364482,-118.338055619277,50
nohoairportshp,34.1788445924798,-118.338012395164,51
nohoairportshp,34.1790374092598,-118.338107858916,52
nohoairportshp,34.1794144119397,-118.338284365953,53
nohoairportshp,34.1797251452657,-118.338375334583,54
nohoairportshp,34.1799365074733,-118.338381293009,55
nohoairportshp,34.1809372884826,-118.338372473826,56
nohoairportshp,34.1827275217359,-118.338338790883,57
nohoairportshp,34.1842147965449,-118.338323830507,58
nohoairportshp,34.1861914873464,-118.338258360085,59
nohoairportshp,34.1881901341579,-118.338215223225,60
nohoairportshp,34.1895088575971,-118.338216183423,61
nohoairportshp,34.1900658659834,-118.338192394995,62
nohoairportshp,34.190990776096,-118.338098986844,63
nohoairportshp,34.1913898124648,-118.33808154785,64
nohoairportshp,34.1917243113974,-118.33804749809,65
nohoairportshp,34.1918331029203,-118.338047189337,66
nohoairportshp,34.1918940477665,-118.338147993835,67
nohoairportshp,34.1919642041564,-118.338435851919,68
nohoairportshp,34.1919494735534,-118.339348505697,69
nohoairportshp,34.1919501262726,-118.340374061658,70
nohoairportshp,34.1919627290884,-118.341325193052,71
nohoairportshp,34.191972683996,-118.342274661949,72
nohoairportshp,34.1920039267985,-118.343427415355,73
nohoairportshp,34.1920289805738,-118.344257599561,74
nohoairportshp,34.1920383892464,-118.344471914425,75
nohoairportshp,34.1921067193643,-118.344541800635,76
nohoairportshp,34.1922927250027,-118.344544991014,77
nohoairportshp,34.1953440787687,-118.344481814407,78
nohoairportshp,34.1955987653218,-118.344468072642,79
nohoairportshp,34.1956573829297,-118.344563794637,80
nohoairportshp,34.1956893536591,-118.344900659199,81
nohoairportshp,34.1957001053657,-118.34607731989,82
nohoairportshp,34.1957332666047,-118.347639055989,83
nohoairportshp,34.1956921103289,-118.347922487434,84
nohoairportshp,34.195684309293,-118.348446408244,85
nohoairportshp,34.1956862885067,-118.348699888043,86
nohoairportshp,34.1956814726476,-118.348892452514,87
nohoairportshp,34.1955945104043,-118.348965474748,88
nohoairportshp,34.1952731803127,-118.34900534128,89
nohoairportshp,34.1945584709803,-118.34903040272,90
nohoairportshp,34.1940566774012,-118.349064256865,91
nohoairportshp,34.1935978620827,-118.349083555303,92
nohoairportshp,34.1936124618686,-118.349360416097,93
nohoairportshp,34.1936631837737,-118.349756323431,94
nohoairportshp,34.1937067723178,-118.351197746577,95
nohoairportshp,34.1931360955705,-118.351181875275,96
nohoairportshp,34.1930652463608,-118.351112641236,97
nohoairportshp,34.1930799428253,-118.351049782681,98
nohoairportshp,34.1931324214075,-118.351038356813,99
nohoairportshp,34.1936532808244,-118.351073392524,100
nohoairportshp,34.1936424932683,-118.34987294103,101
nohoairportshp,34.1935134186808,-118.349171002311,102
nohoairportshp,34.1934611357789,-118.349087500926,103
nohoairportshp,34.1931070058609,-118.349107511927,104
nohoairportshp,34.1925696617305,-118.349092906951,105
nohoairportshp,34.1917168352616,-118.349038898613,106
nohoairportshp,34.1907749742617,-118.349043357059,107
nohoairportshp,34.1904856192591,-118.349069492461,108
nohoairportshp,34.1899120327461,-118.349113101507,109
nohoairportshp,34.189005000764,-118.349125314686,110
nohoairportshp,34.1882490881018,-118.34914584874,111
nohoairportshp,34.1866146068895,-118.349166095971,112
nohoairportshp,34.1851801995059,-118.349201352632,113
nohoairportshp,34.1829536966169,-118.349241499915,114
nohoairportshp,34.1812058033968,-118.349281814565,115
nohoairportshp,34.1792844266833,-118.349337472399,116
nohoairportshp,34.1777311915897,-118.349372410314,117
nohoairportshp,34.1755299864318,-118.34940469934,118
nohoairportshp,34.1751347521321,-118.349402129231,119
nohoairportshp,34.175052676766,-118.34941457058,120
nohoairportshp,34.1748660741533,-118.34997362847,121
nohoairportshp,34.1743762111346,-118.351455116292,122
nohoairportshp,34.1736358009116,-118.353692523422,123
nohoairportshp,34.1729069192733,-118.355798449437,124
nohoairportshp,34.1724284320188,-118.357227898736,125
nohoairportshp,34.1722669363257,-118.357757716103,126
nohoairportshp,34.1722224222748,-118.358483224904,127
nohoairportshp,34.172195507692,-118.359393718777,128
nohoairportshp,34.1721941231375,-118.361389361563,129
nohoairportshp,34.1721991421489,-118.36359459534,130
nohoairportshp,34.1721961712822,-118.365345824055,131
nohoairportshp,34.1722010783347,-118.36744953266,132
nohoairportshp,34.1722017442431,-118.36919100361,133
nohoairportshp,34.1722015955267,-118.369570783884,134
nohoairportshp,34.1721735435353,-118.369781483149,135
nohoairportshp,34.1721732870804,-118.370229342086,136
nohoairportshp,34.1721331627722,-118.370370185205,137
nohoairportshp,34.1719366001182,-118.370381038084,138
nohoairportshp,34.1710820642991,-118.370367919906,139
nohoairportshp,34.1697270812579,-118.370367658353,140
nohoairportshp,34.1686697237594,-118.370372993599,141
nohoairportshp,34.1683921071611,-118.370448293731,142
nohoairportshp,34.1682888599485,-118.370475118252,143
nohoairportshp,34.1682228226332,-118.370565878629,144
nohoairportshp,34.1682064504443,-118.370747895018,145
nohoairportshp,34.1682020992336,-118.372275335705,146
nohoairportshp,34.1682054850414,-118.372801480667,147
nohoairportshp,34.1682235658327,-118.373068601488,148
nohoairportshp,34.1682356346142,-118.373371490066,149
nohoairportshp,34.1682106849384,-118.374109936048,150
nohoairportshp,34.1682289971809,-118.374180806762,151
nohoairportshp,34.1682886332605,-118.374238504304,152
nohoairportshp,34.1687371865606,-118.374239731217,153
nohoairportshp,34.1688696092107,-118.374268105291,154
nohoairportshp,34.1689029883471,-118.374436731998,155
nohoairportshp,34.1689102668469,-118.375505701697,156
nohoairportshp,34.1689119874124,-118.375994546514,157
nohoairportshp,34.168785911762,-118.376112068753,158
nohomediashp,34.16901761,-118.3750463,1
nohomediashp,34.16881344,-118.3742952,2
nohomediashp,34.16813436,-118.3742791,3
nohomediashp,34.16812104,-118.3702934,4
nohomediashp,34.16491862,-118.3702719,5
nohomediashp,34.1648942,-118.3563647,6
nohomediashp,34.16509172,-118.3552623,7
nohomediashp,34.1678736,-118.3469749,8
nohomediashp,34.15394112,-118.3402419,9
nohomediashp,34.15383902,-118.3402607,10
nohomediashp,34.15345502,-118.3375275,11
nohomediashp,34.15362815,-118.3374846,12
nohomediashp,34.15587327,-118.3351397,13
nohomediashp,34.15820933,-118.3281049,14
nohomediashp,34.17194915,-118.3347407,15
nohomediashp,34.1678736,-118.3469749,16
nohomediashp,34.16509172,-118.3552623,17
nohomediashp,34.1648942,-118.3563647,18
nohomediashp,34.16491862,-118.3702719,19
nohomediashp,34.16812104,-118.3702934,20
nohomediashp,34.16813436,-118.3742791,21
nohomediashp,34.16881344,-118.3742952,22
nohomediashp,34.16901761,-118.3750463,23
