stop_id,stop_city
2124,
2132,
2152,
2206,
2235,
2447,
2461,
2481,
2484,
9841,
9870,
804942,
804951,
804952,
804955,
804959,
804968,
804969,
804975,
804992,
804994,
804995,
805000,
805001,
805015,
805037,
805043,
805046,
805058,
805062,
805066,
805078,
805084,
805090,
805092,
805098,
805104,
805110,
805116,
805117,
805120,
806542,
807733,
808164,
820277,
820278,
820279,
820280,
820282,
820283,
820284,
820285,
820286,
820287,
820288,
820289,
820632,
820633,
2124,
2132,
2152,
2206,
2235,
2447,
2461,
2481,
2484,
9841,
9870,
804942,
804951,
804952,
804955,
804959,
804968,
804969,
804975,
804992,
804994,
804995,
805000,
805001,
805015,
805037,
805043,
805046,
805058,
805062,
805066,
805078,
805084,
805090,
805092,
805098,
805104,
805110,
805116,
805117,
805120,
806542,
807733,
808164,
820277,
820278,
820279,
820280,
820282,
820283,
820284,
820285,
820286,
820287,
820288,
820289,
820632,
820633,
2124,
2132,
2152,
2206,
2235,
2447,
2461,
2481,
2484,
9841,
9870,
804942,
804951,
804952,
804955,
804959,
804968,
804969,
804975,
804992,
804994,
804995,
805000,
805001,
805015,
805037,
805043,
805046,
805058,
805062,
805066,
805078,
805084,
805090,
805092,
805098,
805104,
805110,
805116,
805117,
805120,
806542,
807733,
808164,
820277,
820278,
820279,
820280,
820282,
820283,
820284,
820285,
820286,
820287,
820288,
820289,
820632,
820633,
