route_id,service_id,trip_id,trip_headsign,trip_short_name,direction_id,block_id,shape_id,wheelchair_accessible,bikes_allowed
1,1,540235,,,0,102143,34976,0,0
1,1,540236,,,0,102143,34976,0,0
1,1,540237,,,0,102143,34976,0,0
1,1,540238,,,0,102143,34976,0,0
1,1,540239,,,0,102143,34976,0,0
1,1,540240,,,0,102143,34976,0,0
1,1,540241,,,0,102143,34976,0,0
1,1,540242,,,0,102143,34976,0,0
1,1,540243,,,0,102143,34976,0,0
1,1,540244,,,0,102143,34976,0,0
1,1,540245,,,0,102143,34976,0,0
1,1,540220,,,0,102143,34976,0,0
1,1,540221,,,0,102143,34976,0,0
1,1,540222,,,0,102143,34976,0,0
1,1,540223,,,0,102143,34976,0,0
1,1,540224,,,0,102143,34976,0,0
1,1,540225,,,0,102143,34976,0,0
1,1,540226,,,0,102143,34976,0,0
1,1,540227,,,0,102143,34976,0,0
1,1,540228,,,0,102143,34976,0,0
1,1,540229,,,0,102143,34976,0,0
1,1,540230,,,0,102143,34976,0,0
1,1,540231,,,0,102143,34976,0,0
1,1,540232,,,0,102143,34976,0,0
1,1,540233,,,0,102143,34976,0,0
1,1,540219,,,0,102143,34976,0,0
1,1,540218,,,0,102143,34976,0,0
1,1,540217,,,0,102143,34976,0,0
1,1,540216,,,0,102143,34976,0,0
1,1,540234,,,0,102143,34976,0,0
10R,1,540347,,,0,102155,34978,0,0
10R,1,540348,,,0,102156,34978,0,0
10R,1,540349,,,0,102157,34978,0,0
10R,1,540319,,,0,102152,34978,0,0
10R,1,540320,,,0,102153,34978,0,0
10R,1,540321,,,0,102154,34978,0,0
10R,1,540322,,,0,102155,34978,0,0
10R,1,540323,,,0,102156,34978,0,0
10R,1,540324,,,0,102157,34978,0,0
10R,1,540325,,,0,102152,34978,0,0
10R,1,540326,,,0,102158,34978,0,0
10R,1,540327,,,0,102153,34978,0,0
10R,1,540328,,,0,102154,34978,0,0
10R,1,540329,,,0,102155,34978,0,0
10R,1,540330,,,0,102156,34978,0,0
10R,1,540331,,,0,102157,34978,0,0
10R,1,540332,,,0,102158,34978,0,0
10R,1,540333,,,0,102153,34978,0,0
10R,1,540334,,,0,102154,34978,0,0
10R,1,540335,,,0,102155,34978,0,0
10R,1,540336,,,0,102156,34978,0,0
10R,1,540337,,,0,102157,34978,0,0
10R,1,540338,,,0,102158,34978,0,0
10R,1,540339,,,0,102153,34978,0,0
10R,1,540340,,,0,102154,34978,0,0
10R,1,540341,,,0,102155,34978,0,0
10R,1,540342,,,0,102156,34978,0,0
10R,1,540374,,,0,102157,34978,0,0
10R,1,540375,,,0,102158,34978,0,0
10R,1,540376,,,0,102153,34978,0,0
10R,1,540377,,,0,102154,34978,0,0
10R,1,540378,,,0,102155,34978,0,0
10R,1,540379,,,0,102156,34978,0,0
10R,1,540380,,,0,102157,34978,0,0
10R,1,540381,,,0,102158,34978,0,0
10R,1,540382,,,0,102153,34978,0,0
10R,1,540373,,,0,102154,34978,0,0
10R,1,540372,,,0,102155,34978,0,0
10R,1,540371,,,0,102156,34978,0,0
10R,1,540370,,,0,102157,34978,0,0
10R,1,540369,,,0,102158,34978,0,0
10R,1,540368,,,0,102159,34978,0,0
10R,1,540367,,,0,102153,34978,0,0
10R,1,540366,,,0,102154,34978,0,0
10R,1,540365,,,0,102155,34978,0,0
10R,1,540364,,,0,102156,34978,0,0
10R,1,540363,,,0,102157,34978,0,0
10R,1,540362,,,0,102158,34978,0,0
10R,1,540361,,,0,102159,34978,0,0
10R,1,540360,,,0,102153,34978,0,0
10R,1,540359,,,0,102154,34978,0,0
10R,1,540358,,,0,102155,34978,0,0
10R,1,540357,,,0,102156,34978,0,0
10R,1,540356,,,0,102157,34978,0,0
10R,1,540355,,,0,102158,34978,0,0
10R,1,540354,,,0,102159,34978,0,0
10R,1,540353,,,0,102153,34978,0,0
10R,1,540352,,,0,102155,34978,0,0
10R,1,540351,,,0,102157,34978,0,0
10R,1,540350,,,0,102159,34978,0,0
10R,1,540318,,,0,102151,34978,0,0
10R,1,540343,,,0,102157,34978,0,0
10R,1,540344,,,0,102151,34978,0,0
10R,1,540345,,,0,102157,34978,0,0
10R,1,540346,,,0,102151,34978,0,0
10R,1,540412,,,1,102155,34980,0,0
10R,1,540413,,,1,102156,34980,0,0
10R,1,540414,,,1,102157,34980,0,0
10R,1,540415,,,1,102152,34981,0,0
10R,1,540406,,,1,102153,34982,0,0
10R,1,540405,,,1,102154,34982,0,0
10R,1,540404,,,1,102155,34980,0,0
10R,1,540403,,,1,102156,34980,0,0
10R,1,540402,,,1,102157,34980,0,0
10R,1,540401,,,1,102152,34980,0,0
10R,1,540400,,,1,102158,34980,0,0
10R,1,540399,,,1,102153,34980,0,0
10R,1,540398,,,1,102154,34980,0,0
10R,1,540397,,,1,102155,34980,0,0
10R,1,540396,,,1,102156,34980,0,0
10R,1,540395,,,1,102157,34980,0,0
10R,1,540394,,,1,102158,34981,0,0
10R,1,540393,,,1,102153,34981,0,0
10R,1,540392,,,1,102154,34981,0,0
10R,1,540391,,,1,102155,34981,0,0
10R,1,540390,,,1,102156,34981,0,0
10R,1,540389,,,1,102157,34981,0,0
10R,1,540388,,,1,102158,34980,0,0
10R,1,540387,,,1,102153,34980,0,0
10R,1,540386,,,1,102154,34980,0,0
10R,1,540385,,,1,102155,34980,0,0
10R,1,540384,,,1,102156,34980,0,0
10R,1,540383,,,1,102157,34980,0,0
10R,1,540416,,,1,102158,34980,0,0
10R,1,540417,,,1,102153,34980,0,0
10R,1,540418,,,1,102154,34980,0,0
10R,1,540419,,,1,102155,34980,0,0
10R,1,540420,,,1,102156,34980,0,0
10R,1,540421,,,1,102157,34980,0,0
10R,1,540422,,,1,102158,34980,0,0
10R,1,540423,,,1,102153,34980,0,0
10R,1,540424,,,1,102154,34980,0,0
10R,1,540425,,,1,102155,34980,0,0
10R,1,540426,,,1,102156,34980,0,0
10R,1,540427,,,1,102157,34980,0,0
10R,1,540428,,,1,102158,34980,0,0
10R,1,540429,,,1,102159,34980,0,0
10R,1,540430,,,1,102153,34980,0,0
10R,1,540431,,,1,102154,34980,0,0
10R,1,540432,,,1,102155,34980,0,0
10R,1,540433,,,1,102156,34980,0,0
10R,1,540434,,,1,102157,34980,0,0
10R,1,540435,,,1,102158,34980,0,0
10R,1,540436,,,1,102159,34980,0,0
10R,1,540437,,,1,102153,34980,0,0
10R,1,540438,,,1,102154,34980,0,0
10R,1,540439,,,1,102155,34980,0,0
10R,1,540440,,,1,102156,34980,0,0
10R,1,540441,,,1,102157,34980,0,0
10R,1,540407,,,1,102158,34980,0,0
10R,1,540442,,,1,102159,34980,0,0
10R,1,540443,,,1,102153,34980,0,0
10R,1,540444,,,1,102155,34980,0,0
10R,1,540445,,,1,102157,34980,0,0
10R,1,540446,,,1,102159,34980,0,0
10R,1,540408,,,1,102157,34980,0,0
10R,1,540409,,,1,102151,34980,0,0
10R,1,540410,,,1,102157,34980,0,0
10R,1,540411,,,1,102151,34980,0,0
11,1,540837,,,0,102182,34983,0,0
11,1,540836,,,0,102182,34983,0,0
11,1,540835,,,0,102182,34983,0,0
11,1,540832,,,0,102181,34983,0,0
11,1,540834,,,0,102181,34983,0,0
11,1,540833,,,0,102181,34983,0,0
11,1,540838,,,1,102182,34984,0,0
11,1,540839,,,1,102182,34984,0,0
11,1,540843,,,1,102182,34984,0,0
11,1,540840,,,1,102181,34984,0,0
11,1,540841,,,1,102181,34984,0,0
11,1,540842,,,1,102181,34984,0,0
14,1,540856,,,0,102185,34985,0,0
14,1,540857,,,0,102186,34985,0,0
14,1,540858,,,0,102187,34985,0,0
14,1,540859,,,0,102185,34985,0,0
14,1,540860,,,0,102186,34985,0,0
14,1,540861,,,0,102185,34985,0,0
14,1,540862,,,0,102186,34985,0,0
14,1,540863,,,0,102185,34985,0,0
14,1,540864,,,0,102186,34985,0,0
14,1,540865,,,0,102185,34985,0,0
14,1,540866,,,0,102186,34985,0,0
14,1,540867,,,0,102185,34985,0,0
14,1,540868,,,0,102186,34985,0,0
14,1,540869,,,0,102188,34985,0,0
14,1,540870,,,0,102185,34985,0,0
14,1,540871,,,0,102186,34985,0,0
14,1,540872,,,0,102188,34985,0,0
14,1,540873,,,0,102185,34985,0,0
14,1,540874,,,0,102186,34985,0,0
14,1,540875,,,0,102185,34985,0,0
14,1,540876,,,0,102186,34985,0,0
14,1,540877,,,1,102185,34988,0,0
14,1,540878,,,1,102186,34989,0,0
14,1,540879,,,1,102187,34989,0,0
14,1,540880,,,1,102185,34989,0,0
14,1,540881,,,1,102186,34989,0,0
14,1,540882,,,1,102187,34989,0,0
14,1,540883,,,1,102185,34989,0,0
14,1,540884,,,1,102186,34989,0,0
14,1,540885,,,1,102185,34989,0,0
14,1,540886,,,1,102186,34989,0,0
14,1,540887,,,1,102185,34989,0,0
14,1,540898,,,1,102186,34989,0,0
14,1,540897,,,1,102185,34989,0,0
14,1,540896,,,1,102186,34989,0,0
14,1,540895,,,1,102185,34989,0,0
14,1,540894,,,1,102186,34989,0,0
14,1,540893,,,1,102188,34989,0,0
14,1,540892,,,1,102185,34989,0,0
14,1,540891,,,1,102186,34989,0,0
14,1,540890,,,1,102185,34989,0,0
14,1,540889,,,1,102186,34989,0,0
14,1,540888,,,1,102185,34989,0,0
15,1,541078,,,0,102196,34992,0,0
15,1,541079,,,0,102195,34992,0,0
15,1,541080,,,0,102196,34992,0,0
15,1,541081,,,0,102195,34992,0,0
15,1,541082,,,0,102196,34992,0,0
15,1,541083,,,0,102195,34992,0,0
15,1,541084,,,0,102196,34992,0,0
15,1,541085,,,0,102195,34992,0,0
15,1,541086,,,0,102196,34992,0,0
15,1,541077,,,0,102195,34992,0,0
15,1,541076,,,0,102196,34992,0,0
15,1,541075,,,0,102195,34992,0,0
15,1,541074,,,0,102196,34992,0,0
15,1,541073,,,0,102195,34992,0,0
15,1,541072,,,0,102196,34992,0,0
15,1,541071,,,0,102195,34992,0,0
15,1,541070,,,0,102196,34992,0,0
15,1,541069,,,0,102195,34992,0,0
15,1,541068,,,0,102196,34992,0,0
15,1,541067,,,0,102195,34992,0,0
15,1,541066,,,0,102196,34992,0,0
15,1,541065,,,0,102195,34992,0,0
15,1,541064,,,0,102196,34992,0,0
15,1,541063,,,0,102195,34992,0,0
15,1,541062,,,0,102196,34992,0,0
15,1,541061,,,0,102195,34992,0,0
15,1,541060,,,0,102196,34992,0,0
15,1,541059,,,0,102195,34992,0,0
15,1,541057,,,0,102196,34992,0,0
15,1,541058,,,0,102195,34992,0,0
15,1,541056,,,0,102195,34992,0,0
15,1,541055,,,0,102195,34992,0,0
15,1,541054,,,0,102195,34992,0,0
2,1,541185,,,0,102204,34997,0,0
2,1,541186,,,0,102204,34997,0,0
2,1,541187,,,0,102204,34997,0,0
2,1,541190,,,0,102203,34995,0,0
2,1,541188,,,0,102203,34997,0,0
2,1,541189,,,0,102203,34997,0,0
2,1,541191,,,0,102203,34997,0,0
2,1,541184,,,0,102203,34996,0,0
20X,1,541201,,,0,102207,34998,0,0
20X,1,541202,,,0,102208,34998,0,0
20X,1,541203,,,1,102209,34999,0,0
20X,1,541204,,,1,102210,34999,0,0
3,1,541210,,,0,102151,35000,0,0
3,1,541211,,,0,102216,35000,0,0
3,1,541212,,,0,102217,35000,0,0
3,1,541213,,,0,102218,35000,0,0
3,1,541214,,,0,102151,35000,0,0
3,1,541215,,,0,102216,35001,0,0
3,1,541216,,,0,102217,35001,0,0
3,1,541217,,,0,102151,35001,0,0
3,1,541218,,,0,102217,35001,0,0
3,1,541219,,,0,102151,35000,0,0
3,1,541220,,,0,102217,35000,0,0
3,1,541221,,,0,102151,35000,0,0
3,1,541209,,,0,102215,35000,0,0
3,1,541222,,,0,102217,35000,0,0
3,1,541223,,,0,102219,35000,0,0
3,1,541224,,,0,102151,35000,0,0
3,1,541225,,,0,102215,35000,0,0
3,1,541226,,,0,102217,35000,0,0
3,1,541227,,,0,102219,35000,0,0
3,1,541228,,,0,102151,35001,0,0
3,1,541229,,,0,102215,35001,0,0
3,1,541230,,,0,102217,35001,0,0
3,1,541231,,,0,102151,35001,0,0
3,1,541232,,,0,102157,35001,0,0
3,1,541233,,,0,102151,35001,0,0
3,1,541234,,,0,102157,35001,0,0
3,1,541235,,,0,102151,35001,0,0
3,1,541236,,,1,102151,35003,0,0
3,1,541237,,,1,102216,35003,0,0
3,1,541238,,,1,102217,35003,0,0
3,1,541239,,,1,102218,35003,0,0
3,1,541240,,,1,102151,35003,0,0
3,1,541241,,,1,102216,35004,0,0
3,1,541242,,,1,102217,35004,0,0
3,1,541243,,,1,102151,35004,0,0
3,1,541244,,,1,102217,35004,0,0
3,1,541245,,,1,102151,35003,0,0
3,1,541246,,,1,102217,35003,0,0
3,1,541247,,,1,102151,35003,0,0
3,1,541248,,,1,102215,35003,0,0
3,1,541260,,,1,102217,35003,0,0
3,1,541249,,,1,102219,35003,0,0
3,1,541261,,,1,102151,35003,0,0
3,1,541250,,,1,102215,35003,0,0
3,1,541262,,,1,102217,35003,0,0
3,1,541251,,,1,102219,35003,0,0
3,1,541252,,,1,102151,35004,0,0
3,1,541253,,,1,102215,35004,0,0
3,1,541254,,,1,102217,35004,0,0
3,1,541255,,,1,102151,35004,0,0
3,1,541256,,,1,102157,35004,0,0
3,1,541257,,,1,102151,35004,0,0
3,1,541258,,,1,102157,35004,0,0
3,1,541259,,,1,102151,35004,0,0
30R,1,541514,,,0,102239,35006,0,0
30R,1,541457,,,0,102233,35006,0,0
30R,1,541458,,,0,102234,35006,0,0
30R,1,541459,,,0,102208,35006,0,0
30R,1,541460,,,0,102235,35006,0,0
30R,1,541461,,,0,102232,35006,0,0
30R,1,541462,,,0,102236,35006,0,0
30R,1,541463,,,0,102237,35006,0,0
30R,1,541464,,,0,102238,35006,0,0
30R,1,541465,,,0,102239,35006,0,0
30R,1,541466,,,0,102231,35006,0,0
30R,1,541467,,,0,102233,35006,0,0
30R,1,541468,,,0,102234,35006,0,0
30R,1,541469,,,0,102235,35006,0,0
30R,1,541470,,,0,102232,35006,0,0
30R,1,541471,,,0,102236,35006,0,0
30R,1,541472,,,0,102237,35006,0,0
30R,1,541473,,,0,102238,35006,0,0
30R,1,541474,,,0,102239,35006,0,0
30R,1,541475,,,0,102231,35006,0,0
30R,1,541476,,,0,102233,35006,0,0
30R,1,541477,,,0,102234,35006,0,0
30R,1,541478,,,0,102235,35006,0,0
30R,1,541479,,,0,102232,35006,0,0
30R,1,541480,,,0,102236,35006,0,0
30R,1,541481,,,0,102237,35006,0,0
30R,1,541482,,,0,102238,35006,0,0
30R,1,541483,,,0,102239,35006,0,0
30R,1,541484,,,0,102231,35006,0,0
30R,1,541485,,,0,102233,35006,0,0
30R,1,541486,,,0,102234,35006,0,0
30R,1,541487,,,0,102235,35006,0,0
30R,1,541488,,,0,102232,35006,0,0
30R,1,541489,,,0,102236,35006,0,0
30R,1,541490,,,0,102237,35006,0,0
30R,1,541491,,,0,102238,35006,0,0
30R,1,541492,,,0,102239,35006,0,0
30R,1,541493,,,0,102231,35006,0,0
30R,1,541494,,,0,102233,35006,0,0
30R,1,541495,,,0,102234,35006,0,0
30R,1,541496,,,0,102235,35006,0,0
30R,1,541497,,,0,102232,35006,0,0
30R,1,541498,,,0,102236,35006,0,0
30R,1,541499,,,0,102237,35006,0,0
30R,1,541500,,,0,102238,35006,0,0
30R,1,541501,,,0,102239,35006,0,0
30R,1,541502,,,0,102231,35006,0,0
30R,1,541503,,,0,102233,35006,0,0
30R,1,541504,,,0,102234,35006,0,0
30R,1,541505,,,0,102235,35006,0,0
30R,1,541506,,,0,102232,35006,0,0
30R,1,541507,,,0,102236,35006,0,0
30R,1,541508,,,0,102237,35006,0,0
30R,1,541509,,,0,102238,35006,0,0
30R,1,541510,,,0,102231,35006,0,0
30R,1,541511,,,0,102234,35006,0,0
30R,1,541512,,,0,102232,35006,0,0
30R,1,541513,,,0,102231,35006,0,0
30R,1,541456,,,0,102232,35006,0,0
30R,1,541455,,,0,102231,35009,0,0
30R,1,541515,,,1,102233,35010,0,0
30R,1,541516,,,1,102234,35010,0,0
30R,1,541517,,,1,102208,35010,0,0
30R,1,541519,,,1,102235,35010,0,0
30R,1,541520,,,1,102232,35010,0,0
30R,1,541521,,,1,102236,35010,0,0
30R,1,541522,,,1,102237,35010,0,0
30R,1,541518,,,1,102238,35010,0,0
30R,1,541523,,,1,102239,35010,0,0
30R,1,541524,,,1,102231,35010,0,0
30R,1,541525,,,1,102233,35010,0,0
30R,1,541526,,,1,102234,35010,0,0
30R,1,541527,,,1,102235,35010,0,0
30R,1,541528,,,1,102232,35010,0,0
30R,1,541529,,,1,102236,35010,0,0
30R,1,541530,,,1,102237,35010,0,0
30R,1,541531,,,1,102238,35010,0,0
30R,1,541532,,,1,102239,35010,0,0
30R,1,541533,,,1,102231,35010,0,0
30R,1,541534,,,1,102233,35010,0,0
30R,1,541535,,,1,102234,35010,0,0
30R,1,541536,,,1,102235,35010,0,0
30R,1,541537,,,1,102232,35010,0,0
30R,1,541538,,,1,102236,35010,0,0
30R,1,541539,,,1,102237,35010,0,0
30R,1,541540,,,1,102238,35010,0,0
30R,1,541541,,,1,102239,35010,0,0
30R,1,541542,,,1,102231,35010,0,0
30R,1,541543,,,1,102233,35010,0,0
30R,1,541544,,,1,102234,35010,0,0
30R,1,541545,,,1,102235,35010,0,0
30R,1,541546,,,1,102232,35010,0,0
30R,1,541547,,,1,102236,35010,0,0
30R,1,541548,,,1,102237,35010,0,0
30R,1,541549,,,1,102238,35010,0,0
30R,1,541550,,,1,102239,35010,0,0
30R,1,541551,,,1,102231,35010,0,0
30R,1,541552,,,1,102233,35010,0,0
30R,1,541553,,,1,102234,35010,0,0
30R,1,541554,,,1,102235,35010,0,0
30R,1,541555,,,1,102232,35010,0,0
30R,1,541556,,,1,102236,35010,0,0
30R,1,541557,,,1,102237,35010,0,0
30R,1,541558,,,1,102238,35010,0,0
30R,1,541559,,,1,102239,35010,0,0
30R,1,541560,,,1,102231,35010,0,0
30R,1,541561,,,1,102233,35010,0,0
30R,1,541562,,,1,102234,35010,0,0
30R,1,541563,,,1,102235,35010,0,0
30R,1,541564,,,1,102232,35010,0,0
30R,1,541565,,,1,102236,35010,0,0
30R,1,541566,,,1,102237,35010,0,0
30R,1,541567,,,1,102238,35010,0,0
30R,1,541568,,,1,102231,35010,0,0
30R,1,541569,,,1,102234,35010,0,0
30R,1,541570,,,1,102232,35010,0,0
30R,1,541571,,,1,102231,35010,0,0
30R,1,541572,,,1,102232,35010,0,0
30R,1,541573,,,1,102231,35010,0,0
30R,1,541574,,,1,102232,35010,0,0
501,1,541851,,,0,102265,35013,0,0
501,1,541854,,,1,102268,35014,0,0
501,1,541853,,,1,102267,35014,0,0
501,1,541852,,,1,102266,35014,0,0
502,1,541859,,,0,102273,35015,0,0
502,1,541860,,,1,102188,35016,0,0
503,1,541863,,,0,102275,35018,0,0
503,1,541864,,,0,102275,35017,0,0
503,1,541865,,,1,102276,35019,0,0
503,1,541866,,,1,102276,35020,0,0
504,1,541872,,,0,102279,35021,0,0
504,1,541874,,,1,102209,35022,0,0
504,1,541873,,,1,102280,35022,0,0
53,1,541878,,,0,102283,35023,0,0
53,1,541879,,,0,102283,35025,0,0
53,1,541880,,,0,102283,35026,0,0
53,1,541881,,,0,102283,35024,0,0
53,1,541882,,,1,102284,35027,0,0
53,1,541883,,,1,102284,35028,0,0
53,1,541884,,,1,102284,35028,0,0
53,1,541885,,,1,102284,35028,0,0
54,1,541902,AF,,0,102289,35029,0,0
54,1,541903,,,0,102289,35030,0,0
54,1,541904,AF,,1,102290,35031,0,0
54,1,541905,C5,,1,102290,35032,0,0
54,1,541906,C5,,1,102290,35032,0,0
580X,1,541917,,,0,102207,35034,0,0
580X,1,541918,,,0,102295,35034,0,0
580X,1,541919,,,0,102295,35034,0,0
580X,1,541920,,,0,102296,35033,0,0
580X,1,541923,,,0,102209,35033,0,0
580X,1,541921,,,0,102296,35033,0,0
580X,1,541924,,,0,102210,35033,0,0
580X,1,541922,,,0,102296,35033,0,0
580X,1,541925,,,1,102207,35035,0,0
580X,1,541928,,,1,102295,35035,0,0
580X,1,541929,,,1,102207,35035,0,0
580X,1,541927,,,1,102295,35036,0,0
580X,1,541926,,,1,102208,35036,0,0
580X,1,541930,,,1,102296,35035,0,0
580X,1,541931,,,1,102296,35035,0,0
580X,1,541932,,,1,102296,35035,0,0
601,1,541949,,,0,102299,35037,0,0
601,1,541950,,,1,102296,35038,0,0
602,1,541953,,,0,102301,35039,0,0
602,1,541956,,,1,102302,35042,0,0
602,1,541955,30,,1,102296,35041,0,0
602,1,541954,,,1,102210,35040,0,0
603,1,541961,,,0,102305,35043,0,0
603,1,541962,,,1,102284,35044,0,0
604,1,541965,,,0,102305,35045,0,0
604,1,541968,,,1,102309,35046,0,0
604,1,541967,,,1,102308,35046,0,0
604,1,541966,,,1,102307,35046,0,0
605,1,541973,,,0,102313,35047,0,0
605,1,541975,,,1,102315,35048,0,0
605,1,541974,,,1,102314,35048,0,0
606,1,541979,,,0,102313,35049,0,0
606,1,541980,,,1,102181,35050,0,0
607,1,541983,,,0,102273,35051,0,0
607,1,541984,,,1,102210,35052,0,0
608,1,541987,,,0,102301,35053,0,0
608,1,541988,,,1,102219,35055,0,0
608,1,541989,,,1,102290,35054,0,0
609,1,541993,,,0,102265,35056,0,0
609,1,541994,,,1,102307,35057,0,0
610,1,541997,,,0,102319,35058,0,0
610,1,541998,,,1,102320,35059,0,0
611,1,542001,,,0,102319,35060,0,0
611,1,542002,,,1,102323,35061,0,0
70X,1,542008,,,0,102327,35062,0,0
70X,1,542009,,,0,102326,35062,0,0
70X,1,542010,,,0,102325,35062,0,0
70X,1,542007,,,0,102327,35063,0,0
70X,1,542006,,,0,102326,35063,0,0
70X,1,542005,,,0,102325,35063,0,0
70X,1,542016,,,1,102314,35065,0,0
70X,1,542015,,,1,102280,35065,0,0
70X,1,542014,,,1,102307,35065,0,0
70X,1,542013,,,1,102314,35065,0,0
70X,1,542012,,,1,102280,35064,0,0
70X,1,542011,,,1,102307,35064,0,0
8,1,542050,,,0,102217,35067,0,0
8,1,542049,,,0,102218,35067,0,0
8,1,542048,,,0,102151,35067,0,0
8,1,542047,,,0,102216,35067,0,0
8,1,542046,,,0,102217,35067,0,0
8,1,542045,,,0,102218,35067,0,0
8,1,542044,,,0,102151,35067,0,0
8,1,542043,,,0,102217,35067,0,0
8,1,542042,,,0,102151,35067,0,0
8,1,542041,,,0,102217,35067,0,0
8,1,542040,,,0,102151,35067,0,0
8,1,542039,,,0,102217,35067,0,0
8,1,542038,,,0,102151,35067,0,0
8,1,542031,,,0,102215,35067,0,0
8,1,542037,,,0,102217,35067,0,0
8,1,542036,,,0,102219,35067,0,0
8,1,542035,,,0,102151,35067,0,0
8,1,542034,,,0,102215,35067,0,0
8,1,542033,,,0,102217,35068,0,0
8,1,542032,,,0,102219,35068,0,0
8,1,542029,,,0,102151,35068,0,0
8,1,542030,,,0,102217,35068,0,0
1,2,540246,,,0,102144,34977,0,0
1,2,540247,,,0,102145,34977,0,0
1,2,540248,,,0,102144,34977,0,0
1,2,540249,,,0,102145,34977,0,0
1,2,540250,,,0,102144,34977,0,0
1,2,540251,,,0,102145,34977,0,0
1,2,540252,,,0,102144,34977,0,0
1,2,540253,,,0,102145,34977,0,0
1,2,540254,,,0,102144,34977,0,0
1,2,540255,,,0,102145,34977,0,0
1,2,540256,,,0,102144,34977,0,0
1,2,540257,,,0,102145,34977,0,0
1,2,540258,,,0,102144,34977,0,0
1,2,540259,,,0,102145,34977,0,0
10R,2,540448,,,0,102160,34978,0,0
10R,2,540449,,,0,102161,34978,0,0
10R,2,540450,,,0,102160,34978,0,0
10R,2,540451,,,0,102161,34978,0,0
10R,2,540452,,,0,102160,34978,0,0
10R,2,540453,,,0,102161,34978,0,0
10R,2,540454,,,0,102160,34978,0,0
10R,2,540455,,,0,102162,34978,0,0
10R,2,540456,,,0,102161,34978,0,0
10R,2,540457,,,0,102160,34978,0,0
10R,2,540458,,,0,102162,34978,0,0
10R,2,540459,,,0,102161,34978,0,0
10R,2,540460,,,0,102160,34978,0,0
10R,2,540461,,,0,102162,34978,0,0
10R,2,540462,,,0,102161,34978,0,0
10R,2,540463,,,0,102160,34978,0,0
10R,2,540464,,,0,102162,34978,0,0
10R,2,540465,,,0,102161,34978,0,0
10R,2,540466,,,0,102160,34978,0,0
10R,2,540467,,,0,102162,34978,0,0
10R,2,540468,,,0,102161,34978,0,0
10R,2,540469,,,0,102160,34978,0,0
10R,2,540470,,,0,102162,34978,0,0
10R,2,540471,,,0,102161,34978,0,0
10R,2,540472,,,0,102160,34978,0,0
10R,2,540473,,,0,102162,34978,0,0
10R,2,540474,,,0,102161,34978,0,0
10R,2,540475,,,0,102160,34979,0,0
10R,2,540476,,,0,102161,34979,0,0
10R,2,540477,,,0,102160,34979,0,0
10R,2,540478,,,0,102161,34978,0,0
10R,2,540447,,,0,102160,34978,0,0
10R,2,540481,,,1,102160,34981,0,0
10R,2,540482,,,1,102161,34981,0,0
10R,2,540483,,,1,102160,34981,0,0
10R,2,540484,,,1,102161,34981,0,0
10R,2,540485,,,1,102160,34981,0,0
10R,2,540486,,,1,102161,34981,0,0
10R,2,540487,,,1,102160,34980,0,0
10R,2,540488,,,1,102162,34980,0,0
10R,2,540489,,,1,102161,34980,0,0
10R,2,540490,,,1,102160,34980,0,0
10R,2,540491,,,1,102162,34980,0,0
10R,2,540492,,,1,102161,34980,0,0
10R,2,540493,,,1,102160,34980,0,0
10R,2,540494,,,1,102162,34980,0,0
10R,2,540495,,,1,102161,34980,0,0
10R,2,540496,,,1,102160,34980,0,0
10R,2,540497,,,1,102162,34980,0,0
10R,2,540498,,,1,102161,34980,0,0
10R,2,540499,,,1,102160,34980,0,0
10R,2,540500,,,1,102162,34980,0,0
10R,2,540479,,,1,102161,34980,0,0
10R,2,540501,,,1,102160,34980,0,0
10R,2,540502,,,1,102162,34980,0,0
10R,2,540503,,,1,102161,34980,0,0
10R,2,540504,,,1,102160,34980,0,0
10R,2,540505,,,1,102162,34980,0,0
10R,2,540506,,,1,102161,34980,0,0
10R,2,540507,,,1,102160,34982,0,0
10R,2,540508,,,1,102161,34982,0,0
10R,2,540509,,,1,102160,34982,0,0
10R,2,540510,,,1,102161,34982,0,0
10R,2,540480,,,1,102160,34982,0,0
14,2,540912,,,0,102144,34985,0,0
14,2,540911,,,0,102145,34985,0,0
14,2,540910,,,0,102144,34985,0,0
14,2,540909,,,0,102145,34985,0,0
14,2,540908,,,0,102144,34985,0,0
14,2,540907,,,0,102145,34985,0,0
14,2,540906,,,0,102144,34985,0,0
14,2,540905,,,0,102145,34985,0,0
14,2,540904,,,0,102144,34985,0,0
14,2,540903,,,0,102145,34985,0,0
14,2,540902,,,0,102144,34985,0,0
14,2,540901,,,0,102145,34985,0,0
14,2,540900,,,0,102144,34985,0,0
14,2,540899,,,0,102145,34985,0,0
14,2,540926,,,1,102145,34989,0,0
14,2,540925,,,1,102144,34989,0,0
14,2,540924,,,1,102145,34989,0,0
14,2,540923,,,1,102144,34989,0,0
14,2,540922,,,1,102145,34989,0,0
14,2,540921,,,1,102144,34989,0,0
14,2,540920,,,1,102145,34989,0,0
14,2,540919,,,1,102144,34989,0,0
14,2,540918,,,1,102145,34989,0,0
14,2,540917,,,1,102144,34989,0,0
14,2,540916,,,1,102145,34989,0,0
14,2,540915,,,1,102144,34989,0,0
14,2,540914,,,1,102145,34989,0,0
14,2,540913,,,1,102144,34989,0,0
15,2,541087,,,0,102197,34992,0,0
15,2,541088,,,0,102197,34992,0,0
15,2,541089,,,0,102197,34992,0,0
15,2,541090,,,0,102197,34992,0,0
15,2,541091,,,0,102197,34992,0,0
15,2,541092,,,0,102197,34992,0,0
15,2,541093,,,0,102197,34992,0,0
15,2,541094,,,0,102197,34992,0,0
15,2,541095,,,0,102197,34992,0,0
15,2,541096,,,0,102197,34992,0,0
15,2,541097,,,0,102197,34992,0,0
15,2,541098,,,0,102197,34992,0,0
15,2,541099,,,0,102197,34992,0,0
15,2,541100,,,0,102197,34992,0,0
15,2,541101,,,0,102197,34992,0,0
15,2,541102,,,0,102197,34992,0,0
3,2,541268,,,0,102220,35001,0,0
3,2,541269,,,0,102221,35001,0,0
3,2,541270,,,0,102221,35001,0,0
3,2,541271,,,0,102221,35001,0,0
3,2,541272,,,0,102220,35001,0,0
3,2,541273,,,0,102220,35001,0,0
3,2,541274,,,0,102220,35001,0,0
3,2,541275,,,0,102221,35001,0,0
3,2,541276,,,0,102221,35001,0,0
3,2,541277,,,0,102221,35001,0,0
3,2,541278,,,0,102220,35001,0,0
3,2,541279,,,0,102220,35001,0,0
3,2,541280,,,0,102220,35001,0,0
3,2,541281,,,0,102221,35001,0,0
3,2,541282,,,0,102221,35001,0,0
3,2,541283,,,0,102221,35001,0,0
3,2,541284,,,0,102220,35001,0,0
3,2,541285,,,0,102220,35001,0,0
3,2,541263,,,0,102160,35001,0,0
3,2,541264,,,0,102161,35001,0,0
3,2,541265,,,0,102160,35001,0,0
3,2,541266,,,0,102161,35001,0,0
3,2,541267,,,0,102160,35001,0,0
3,2,541291,,,1,102220,35004,0,0
3,2,541292,,,1,102221,35004,0,0
3,2,541293,,,1,102221,35004,0,0
3,2,541294,,,1,102221,35004,0,0
3,2,541295,,,1,102220,35004,0,0
3,2,541296,,,1,102220,35004,0,0
3,2,541297,,,1,102220,35004,0,0
3,2,541298,,,1,102221,35004,0,0
3,2,541299,,,1,102221,35004,0,0
3,2,541300,,,1,102221,35004,0,0
3,2,541301,,,1,102220,35004,0,0
3,2,541302,,,1,102220,35004,0,0
3,2,541303,,,1,102220,35004,0,0
3,2,541304,,,1,102221,35004,0,0
3,2,541305,,,1,102221,35004,0,0
3,2,541306,,,1,102221,35004,0,0
3,2,541307,,,1,102220,35004,0,0
3,2,541308,,,1,102220,35004,0,0
3,2,541286,,,1,102160,35004,0,0
3,2,541287,,,1,102161,35004,0,0
3,2,541288,,,1,102160,35004,0,0
3,2,541289,,,1,102161,35004,0,0
3,2,541290,,,1,102160,35004,0,0
30R,2,541593,,,0,102242,35007,0,0
30R,2,541592,,,0,102243,35007,0,0
30R,2,541591,,,0,102242,35007,0,0
30R,2,541590,,,0,102243,35007,0,0
30R,2,541589,,,0,102242,35007,0,0
30R,2,541588,,,0,102243,35007,0,0
30R,2,541580,,,0,102242,35007,0,0
30R,2,541587,,,0,102241,35007,0,0
30R,2,541586,,,0,102240,35007,0,0
30R,2,541585,,,0,102241,35007,0,0
30R,2,541584,,,0,102240,35007,0,0
30R,2,541583,,,0,102241,35007,0,0
30R,2,541582,,,0,102240,35007,0,0
30R,2,541581,,,0,102241,35007,0,0
30R,2,541579,,,0,102240,35007,0,0
30R,2,541578,,,0,102241,35007,0,0
30R,2,541577,,,0,102240,35007,0,0
30R,2,541576,,,0,102241,35007,0,0
30R,2,541575,,,0,102240,35007,0,0
30R,2,541613,,,1,102242,35011,0,0
30R,2,541612,,,1,102243,35011,0,0
30R,2,541611,,,1,102242,35011,0,0
30R,2,541610,,,1,102243,35011,0,0
30R,2,541609,,,1,102242,35011,0,0
30R,2,541608,,,1,102243,35011,0,0
30R,2,541607,,,1,102242,35011,0,0
30R,2,541606,,,1,102241,35011,0,0
30R,2,541605,,,1,102240,35011,0,0
30R,2,541604,,,1,102241,35011,0,0
30R,2,541603,,,1,102240,35011,0,0
30R,2,541602,,,1,102241,35011,0,0
30R,2,541601,,,1,102240,35011,0,0
30R,2,541600,,,1,102241,35011,0,0
30R,2,541599,,,1,102240,35011,0,0
30R,2,541598,,,1,102241,35011,0,0
30R,2,541597,,,1,102240,35011,0,0
30R,2,541596,,,1,102241,35011,0,0
30R,2,541595,,,1,102240,35011,0,0
30R,2,541594,,,1,102241,35011,0,0
8,2,542063,,,0,102221,35067,0,0
8,2,542062,,,0,102220,35067,0,0
8,2,542061,,,0,102220,35067,0,0
8,2,542060,,,0,102221,35067,0,0
8,2,542059,,,0,102221,35067,0,0
8,2,542058,,,0,102220,35067,0,0
8,2,542057,,,0,102220,35067,0,0
8,2,542056,,,0,102221,35067,0,0
8,2,542055,,,0,102221,35067,0,0
8,2,542054,,,0,102220,35067,0,0
8,2,542053,,,0,102220,35068,0,0
8,2,542052,,,0,102221,35068,0,0
8,2,542051,,,0,102221,35068,0,0
1,3,540260,,,0,102146,34977,0,0
1,3,540261,,,0,102147,34977,0,0
1,3,540262,,,0,102146,34977,0,0
1,3,540263,,,0,102147,34977,0,0
1,3,540264,,,0,102146,34977,0,0
1,3,540265,,,0,102147,34977,0,0
1,3,540266,,,0,102146,34977,0,0
1,3,540267,,,0,102147,34977,0,0
1,3,540268,,,0,102146,34977,0,0
1,3,540269,,,0,102147,34977,0,0
1,3,540270,,,0,102146,34977,0,0
1,3,540271,,,0,102147,34977,0,0
1,3,540272,,,0,102146,34977,0,0
1,3,540273,,,0,102147,34977,0,0
10R,3,540512,,,0,102163,34978,0,0
10R,3,540513,,,0,102164,34978,0,0
10R,3,540514,,,0,102163,34978,0,0
10R,3,540515,,,0,102164,34978,0,0
10R,3,540516,,,0,102163,34978,0,0
10R,3,540517,,,0,102164,34978,0,0
10R,3,540518,,,0,102163,34978,0,0
10R,3,540519,,,0,102165,34978,0,0
10R,3,540520,,,0,102164,34978,0,0
10R,3,540521,,,0,102163,34978,0,0
10R,3,540522,,,0,102165,34978,0,0
10R,3,540523,,,0,102164,34978,0,0
10R,3,540524,,,0,102163,34978,0,0
10R,3,540525,,,0,102165,34978,0,0
10R,3,540526,,,0,102164,34978,0,0
10R,3,540527,,,0,102163,34978,0,0
10R,3,540528,,,0,102165,34978,0,0
10R,3,540529,,,0,102164,34978,0,0
10R,3,540530,,,0,102163,34978,0,0
10R,3,540531,,,0,102165,34978,0,0
10R,3,540532,,,0,102164,34978,0,0
10R,3,540533,,,0,102163,34978,0,0
10R,3,540534,,,0,102165,34978,0,0
10R,3,540535,,,0,102164,34978,0,0
10R,3,540536,,,0,102163,34978,0,0
10R,3,540537,,,0,102165,34978,0,0
10R,3,540538,,,0,102164,34978,0,0
10R,3,540539,,,0,102163,34979,0,0
10R,3,540540,,,0,102164,34979,0,0
10R,3,540541,,,0,102163,34979,0,0
10R,3,540542,,,0,102164,34978,0,0
10R,3,540511,,,0,102163,34978,0,0
10R,3,540545,,,1,102163,34981,0,0
10R,3,540546,,,1,102164,34981,0,0
10R,3,540547,,,1,102163,34981,0,0
10R,3,540548,,,1,102164,34981,0,0
10R,3,540549,,,1,102163,34981,0,0
10R,3,540550,,,1,102164,34981,0,0
10R,3,540551,,,1,102163,34980,0,0
10R,3,540552,,,1,102165,34980,0,0
10R,3,540553,,,1,102164,34980,0,0
10R,3,540554,,,1,102163,34980,0,0
10R,3,540555,,,1,102165,34980,0,0
10R,3,540556,,,1,102164,34980,0,0
10R,3,540557,,,1,102163,34980,0,0
10R,3,540558,,,1,102165,34980,0,0
10R,3,540559,,,1,102164,34980,0,0
10R,3,540560,,,1,102163,34980,0,0
10R,3,540561,,,1,102165,34980,0,0
10R,3,540562,,,1,102164,34980,0,0
10R,3,540563,,,1,102163,34980,0,0
10R,3,540564,,,1,102165,34980,0,0
10R,3,540543,,,1,102164,34980,0,0
10R,3,540565,,,1,102163,34980,0,0
10R,3,540566,,,1,102165,34980,0,0
10R,3,540567,,,1,102164,34980,0,0
10R,3,540568,,,1,102163,34980,0,0
10R,3,540569,,,1,102165,34980,0,0
10R,3,540570,,,1,102164,34980,0,0
10R,3,540571,,,1,102163,34982,0,0
10R,3,540572,,,1,102164,34982,0,0
10R,3,540573,,,1,102163,34982,0,0
10R,3,540574,,,1,102164,34982,0,0
10R,3,540544,,,1,102163,34982,0,0
14,3,540940,,,0,102146,34985,0,0
14,3,540939,,,0,102147,34985,0,0
14,3,540938,,,0,102146,34985,0,0
14,3,540937,,,0,102147,34985,0,0
14,3,540936,,,0,102146,34985,0,0
14,3,540935,,,0,102147,34985,0,0
14,3,540934,,,0,102146,34985,0,0
14,3,540933,,,0,102147,34985,0,0
14,3,540932,,,0,102146,34985,0,0
14,3,540931,,,0,102147,34985,0,0
14,3,540930,,,0,102146,34985,0,0
14,3,540929,,,0,102147,34985,0,0
14,3,540928,,,0,102146,34985,0,0
14,3,540927,,,0,102147,34985,0,0
14,3,540954,,,1,102147,34989,0,0
14,3,540953,,,1,102146,34989,0,0
14,3,540952,,,1,102147,34989,0,0
14,3,540951,,,1,102146,34989,0,0
14,3,540950,,,1,102147,34989,0,0
14,3,540949,,,1,102146,34989,0,0
14,3,540948,,,1,102147,34989,0,0
14,3,540947,,,1,102146,34989,0,0
14,3,540946,,,1,102147,34989,0,0
14,3,540945,,,1,102146,34989,0,0
14,3,540944,,,1,102147,34989,0,0
14,3,540943,,,1,102146,34989,0,0
14,3,540942,,,1,102147,34989,0,0
14,3,540941,,,1,102146,34989,0,0
15,3,541103,,,0,102198,34992,0,0
15,3,541104,,,0,102198,34992,0,0
15,3,541105,,,0,102198,34992,0,0
15,3,541106,,,0,102198,34992,0,0
15,3,541107,,,0,102198,34992,0,0
15,3,541108,,,0,102198,34992,0,0
15,3,541109,,,0,102198,34992,0,0
15,3,541110,,,0,102198,34992,0,0
15,3,541111,,,0,102198,34992,0,0
15,3,541112,,,0,102198,34992,0,0
15,3,541113,,,0,102198,34992,0,0
15,3,541114,,,0,102198,34992,0,0
15,3,541115,,,0,102198,34992,0,0
15,3,541116,,,0,102198,34992,0,0
15,3,541117,,,0,102198,34992,0,0
15,3,541118,,,0,102198,34992,0,0
3,3,541314,,,0,102222,35001,0,0
3,3,541315,,,0,102223,35001,0,0
3,3,541316,,,0,102223,35001,0,0
3,3,541317,,,0,102223,35001,0,0
3,3,541318,,,0,102222,35001,0,0
3,3,541319,,,0,102222,35001,0,0
3,3,541320,,,0,102222,35001,0,0
3,3,541321,,,0,102223,35001,0,0
3,3,541322,,,0,102223,35001,0,0
3,3,541323,,,0,102223,35001,0,0
3,3,541324,,,0,102222,35001,0,0
3,3,541325,,,0,102222,35001,0,0
3,3,541326,,,0,102222,35001,0,0
3,3,541327,,,0,102223,35001,0,0
3,3,541328,,,0,102223,35001,0,0
3,3,541329,,,0,102223,35001,0,0
3,3,541330,,,0,102222,35001,0,0
3,3,541331,,,0,102222,35001,0,0
3,3,541309,,,0,102163,35001,0,0
3,3,541310,,,0,102164,35001,0,0
3,3,541311,,,0,102163,35001,0,0
3,3,541312,,,0,102164,35001,0,0
3,3,541313,,,0,102163,35001,0,0
3,3,541337,,,1,102222,35004,0,0
3,3,541338,,,1,102223,35004,0,0
3,3,541339,,,1,102223,35004,0,0
3,3,541340,,,1,102223,35004,0,0
3,3,541341,,,1,102222,35004,0,0
3,3,541342,,,1,102222,35004,0,0
3,3,541343,,,1,102222,35004,0,0
3,3,541344,,,1,102223,35004,0,0
3,3,541345,,,1,102223,35004,0,0
3,3,541346,,,1,102223,35004,0,0
3,3,541347,,,1,102222,35004,0,0
3,3,541348,,,1,102222,35004,0,0
3,3,541349,,,1,102222,35004,0,0
3,3,541350,,,1,102223,35004,0,0
3,3,541351,,,1,102223,35004,0,0
3,3,541352,,,1,102223,35004,0,0
3,3,541353,,,1,102222,35004,0,0
3,3,541354,,,1,102222,35004,0,0
3,3,541332,,,1,102163,35004,0,0
3,3,541333,,,1,102164,35004,0,0
3,3,541334,,,1,102163,35004,0,0
3,3,541335,,,1,102164,35004,0,0
3,3,541336,,,1,102163,35004,0,0
30R,3,541632,,,0,102246,35007,0,0
30R,3,541631,,,0,102247,35007,0,0
30R,3,541630,,,0,102246,35007,0,0
30R,3,541629,,,0,102247,35007,0,0
30R,3,541628,,,0,102246,35007,0,0
30R,3,541627,,,0,102247,35007,0,0
30R,3,541619,,,0,102246,35007,0,0
30R,3,541626,,,0,102245,35007,0,0
30R,3,541625,,,0,102244,35007,0,0
30R,3,541624,,,0,102245,35007,0,0
30R,3,541623,,,0,102244,35007,0,0
30R,3,541622,,,0,102245,35007,0,0
30R,3,541621,,,0,102244,35007,0,0
30R,3,541620,,,0,102245,35007,0,0
30R,3,541618,,,0,102244,35007,0,0
30R,3,541617,,,0,102245,35007,0,0
30R,3,541616,,,0,102244,35007,0,0
30R,3,541615,,,0,102245,35007,0,0
30R,3,541614,,,0,102244,35007,0,0
30R,3,541652,,,1,102246,35011,0,0
30R,3,541651,,,1,102247,35011,0,0
30R,3,541650,,,1,102246,35011,0,0
30R,3,541649,,,1,102247,35011,0,0
30R,3,541648,,,1,102246,35011,0,0
30R,3,541647,,,1,102247,35011,0,0
30R,3,541646,,,1,102246,35011,0,0
30R,3,541645,,,1,102245,35011,0,0
30R,3,541644,,,1,102244,35011,0,0
30R,3,541643,,,1,102245,35011,0,0
30R,3,541642,,,1,102244,35011,0,0
30R,3,541641,,,1,102245,35011,0,0
30R,3,541640,,,1,102244,35011,0,0
30R,3,541639,,,1,102245,35011,0,0
30R,3,541638,,,1,102244,35011,0,0
30R,3,541637,,,1,102245,35011,0,0
30R,3,541636,,,1,102244,35011,0,0
30R,3,541635,,,1,102245,35011,0,0
30R,3,541634,,,1,102244,35011,0,0
30R,3,541633,,,1,102245,35011,0,0
8,3,542076,,,0,102223,35067,0,0
8,3,542075,,,0,102222,35067,0,0
8,3,542074,,,0,102222,35067,0,0
8,3,542073,,,0,102223,35067,0,0
8,3,542072,,,0,102223,35067,0,0
8,3,542071,,,0,102222,35067,0,0
8,3,542070,,,0,102222,35067,0,0
8,3,542069,,,0,102223,35067,0,0
8,3,542068,,,0,102223,35067,0,0
8,3,542067,,,0,102222,35067,0,0
8,3,542066,,,0,102222,35068,0,0
8,3,542065,,,0,102223,35068,0,0
8,3,542064,,,0,102223,35068,0,0
1,4,540303,,,0,102148,34976,0,0
1,4,540302,,,0,102148,34976,0,0
1,4,540301,,,0,102148,34976,0,0
1,4,540300,,,0,102148,34976,0,0
1,4,540299,,,0,102148,34976,0,0
1,4,540298,,,0,102148,34976,0,0
1,4,540297,,,0,102148,34976,0,0
1,4,540296,,,0,102148,34976,0,0
1,4,540295,,,0,102148,34976,0,0
1,4,540294,,,0,102148,34976,0,0
1,4,540293,,,0,102148,34976,0,0
1,4,540292,,,0,102148,34976,0,0
1,4,540291,,,0,102148,34976,0,0
1,4,540290,,,0,102148,34976,0,0
1,4,540289,,,0,102148,34976,0,0
1,4,540288,,,0,102148,34976,0,0
1,4,540287,,,0,102148,34976,0,0
1,4,540286,,,0,102148,34976,0,0
1,4,540285,,,0,102148,34976,0,0
1,4,540284,,,0,102148,34976,0,0
1,4,540283,,,0,102148,34976,0,0
1,4,540282,,,0,102148,34976,0,0
1,4,540281,,,0,102148,34976,0,0
1,4,540280,,,0,102148,34976,0,0
1,4,540279,,,0,102148,34976,0,0
1,4,540278,,,0,102148,34976,0,0
1,4,540277,,,0,102148,34976,0,0
1,4,540276,,,0,102148,34976,0,0
1,4,540275,,,0,102148,34976,0,0
1,4,540274,,,0,102148,34976,0,0
10R,4,540580,,,0,102168,34978,0,0
10R,4,540581,,,0,102169,34978,0,0
10R,4,540582,,,0,102167,34978,0,0
10R,4,540583,,,0,102170,34978,0,0
10R,4,540584,,,0,102171,34978,0,0
10R,4,540585,,,0,102172,34978,0,0
10R,4,540586,,,0,102168,34978,0,0
10R,4,540587,,,0,102169,34978,0,0
10R,4,540588,,,0,102167,34978,0,0
10R,4,540589,,,0,102170,34978,0,0
10R,4,540590,,,0,102173,34978,0,0
10R,4,540591,,,0,102171,34978,0,0
10R,4,540592,,,0,102172,34978,0,0
10R,4,540593,,,0,102168,34978,0,0
10R,4,540594,,,0,102169,34978,0,0
10R,4,540595,,,0,102167,34978,0,0
10R,4,540596,,,0,102173,34978,0,0
10R,4,540597,,,0,102171,34978,0,0
10R,4,540598,,,0,102172,34978,0,0
10R,4,540599,,,0,102168,34978,0,0
10R,4,540600,,,0,102169,34978,0,0
10R,4,540601,,,0,102167,34978,0,0
10R,4,540602,,,0,102173,34978,0,0
10R,4,540603,,,0,102171,34978,0,0
10R,4,540604,,,0,102172,34978,0,0
10R,4,540605,,,0,102168,34978,0,0
10R,4,540606,,,0,102169,34978,0,0
10R,4,540607,,,0,102167,34978,0,0
10R,4,540608,,,0,102173,34978,0,0
10R,4,540609,,,0,102171,34978,0,0
10R,4,540610,,,0,102172,34978,0,0
10R,4,540611,,,0,102168,34978,0,0
10R,4,540612,,,0,102169,34978,0,0
10R,4,540613,,,0,102167,34978,0,0
10R,4,540614,,,0,102173,34978,0,0
10R,4,540615,,,0,102171,34978,0,0
10R,4,540616,,,0,102172,34978,0,0
10R,4,540617,,,0,102168,34978,0,0
10R,4,540618,,,0,102169,34978,0,0
10R,4,540619,,,0,102167,34978,0,0
10R,4,540620,,,0,102173,34978,0,0
10R,4,540621,,,0,102174,34978,0,0
10R,4,540622,,,0,102171,34978,0,0
10R,4,540623,,,0,102172,34978,0,0
10R,4,540624,,,0,102168,34978,0,0
10R,4,540625,,,0,102169,34978,0,0
10R,4,540626,,,0,102167,34978,0,0
10R,4,540627,,,0,102173,34978,0,0
10R,4,540628,,,0,102174,34978,0,0
10R,4,540629,,,0,102171,34978,0,0
10R,4,540630,,,0,102172,34978,0,0
10R,4,540631,,,0,102168,34978,0,0
10R,4,540632,,,0,102169,34978,0,0
10R,4,540633,,,0,102167,34978,0,0
10R,4,540634,,,0,102173,34978,0,0
10R,4,540635,,,0,102174,34978,0,0
10R,4,540636,,,0,102171,34978,0,0
10R,4,540637,,,0,102168,34978,0,0
10R,4,540638,,,0,102167,34978,0,0
10R,4,540639,,,0,102174,34978,0,0
10R,4,540575,,,0,102166,34978,0,0
10R,4,540576,,,0,102167,34978,0,0
10R,4,540577,,,0,102166,34978,0,0
10R,4,540578,,,0,102167,34978,0,0
10R,4,540579,,,0,102166,34978,0,0
10R,4,540645,,,1,102168,34980,0,0
10R,4,540646,,,1,102169,34980,0,0
10R,4,540647,,,1,102167,34980,0,0
10R,4,540648,,,1,102170,34981,0,0
10R,4,540649,,,1,102171,34982,0,0
10R,4,540650,,,1,102172,34982,0,0
10R,4,540651,,,1,102168,34980,0,0
10R,4,540652,,,1,102169,34980,0,0
10R,4,540653,,,1,102167,34980,0,0
10R,4,540654,,,1,102170,34980,0,0
10R,4,540655,,,1,102173,34980,0,0
10R,4,540656,,,1,102171,34980,0,0
10R,4,540657,,,1,102172,34980,0,0
10R,4,540658,,,1,102168,34980,0,0
10R,4,540659,,,1,102169,34980,0,0
10R,4,540660,,,1,102167,34980,0,0
10R,4,540661,,,1,102173,34981,0,0
10R,4,540662,,,1,102171,34981,0,0
10R,4,540663,,,1,102172,34981,0,0
10R,4,540664,,,1,102168,34981,0,0
10R,4,540665,,,1,102169,34981,0,0
10R,4,540666,,,1,102167,34981,0,0
10R,4,540667,,,1,102173,34980,0,0
10R,4,540668,,,1,102171,34980,0,0
10R,4,540669,,,1,102172,34980,0,0
10R,4,540670,,,1,102168,34980,0,0
10R,4,540671,,,1,102169,34980,0,0
10R,4,540672,,,1,102167,34980,0,0
10R,4,540673,,,1,102173,34980,0,0
10R,4,540674,,,1,102171,34980,0,0
10R,4,540675,,,1,102172,34980,0,0
10R,4,540676,,,1,102168,34980,0,0
10R,4,540677,,,1,102169,34980,0,0
10R,4,540678,,,1,102167,34980,0,0
10R,4,540679,,,1,102173,34980,0,0
10R,4,540680,,,1,102171,34980,0,0
10R,4,540681,,,1,102172,34980,0,0
10R,4,540682,,,1,102168,34980,0,0
10R,4,540683,,,1,102169,34980,0,0
10R,4,540684,,,1,102167,34980,0,0
10R,4,540685,,,1,102173,34980,0,0
10R,4,540686,,,1,102174,34980,0,0
10R,4,540687,,,1,102171,34980,0,0
10R,4,540688,,,1,102172,34980,0,0
10R,4,540689,,,1,102168,34980,0,0
10R,4,540690,,,1,102169,34980,0,0
10R,4,540691,,,1,102167,34980,0,0
10R,4,540692,,,1,102173,34980,0,0
10R,4,540693,,,1,102174,34980,0,0
10R,4,540694,,,1,102171,34980,0,0
10R,4,540695,,,1,102172,34980,0,0
10R,4,540696,,,1,102168,34980,0,0
10R,4,540697,,,1,102169,34980,0,0
10R,4,540698,,,1,102167,34980,0,0
10R,4,540640,,,1,102173,34980,0,0
10R,4,540699,,,1,102174,34980,0,0
10R,4,540700,,,1,102171,34980,0,0
10R,4,540701,,,1,102168,34980,0,0
10R,4,540702,,,1,102167,34980,0,0
10R,4,540703,,,1,102174,34980,0,0
10R,4,540641,,,1,102167,34980,0,0
10R,4,540642,,,1,102166,34980,0,0
10R,4,540643,,,1,102167,34980,0,0
10R,4,540644,,,1,102166,34980,0,0
11,4,540844,,,0,102183,34983,0,0
11,4,540845,,,0,102183,34983,0,0
11,4,540846,,,0,102183,34983,0,0
11,4,540849,,,0,102184,34983,0,0
11,4,540847,,,0,102184,34983,0,0
11,4,540848,,,0,102184,34983,0,0
11,4,540850,,,1,102183,34984,0,0
11,4,540851,,,1,102183,34984,0,0
11,4,540855,,,1,102183,34984,0,0
11,4,540852,,,1,102184,34984,0,0
11,4,540853,,,1,102184,34984,0,0
11,4,540854,,,1,102184,34984,0,0
14,4,540975,,,0,102190,34985,0,0
14,4,540974,,,0,102189,34985,0,0
14,4,540973,,,0,102192,34985,0,0
14,4,540972,,,0,102190,34985,0,0
14,4,540971,,,0,102189,34985,0,0
14,4,540970,,,0,102190,34985,0,0
14,4,540969,,,0,102189,34985,0,0
14,4,540968,,,0,102190,34985,0,0
14,4,540967,,,0,102189,34985,0,0
14,4,540966,,,0,102190,34985,0,0
14,4,540965,,,0,102189,34985,0,0
14,4,540964,,,0,102190,34985,0,0
14,4,540963,,,0,102189,34985,0,0
14,4,540962,,,0,102191,34985,0,0
14,4,540961,,,0,102190,34985,0,0
14,4,540960,,,0,102189,34985,0,0
14,4,540959,,,0,102191,34985,0,0
14,4,540958,,,0,102190,34985,0,0
14,4,540957,,,0,102189,34985,0,0
14,4,540956,,,0,102190,34985,0,0
14,4,540955,,,0,102189,34985,0,0
14,4,540997,,,1,102190,34988,0,0
14,4,540996,,,1,102189,34989,0,0
14,4,540995,,,1,102192,34989,0,0
14,4,540994,,,1,102190,34989,0,0
14,4,540993,,,1,102189,34989,0,0
14,4,540992,,,1,102192,34989,0,0
14,4,540991,,,1,102190,34989,0,0
14,4,540990,,,1,102189,34989,0,0
14,4,540989,,,1,102190,34989,0,0
14,4,540988,,,1,102189,34989,0,0
14,4,540987,,,1,102190,34989,0,0
14,4,540986,,,1,102189,34989,0,0
14,4,540985,,,1,102190,34989,0,0
14,4,540984,,,1,102189,34989,0,0
14,4,540983,,,1,102190,34989,0,0
14,4,540982,,,1,102189,34989,0,0
14,4,540981,,,1,102191,34989,0,0
14,4,540980,,,1,102190,34989,0,0
14,4,540979,,,1,102189,34989,0,0
14,4,540978,,,1,102190,34989,0,0
14,4,540977,,,1,102189,34989,0,0
14,4,540976,,,1,102190,34989,0,0
15,4,541119,,,0,102199,34992,0,0
15,4,541120,,,0,102200,34992,0,0
15,4,541121,,,0,102199,34992,0,0
15,4,541122,,,0,102200,34992,0,0
15,4,541123,,,0,102199,34992,0,0
15,4,541124,,,0,102200,34992,0,0
15,4,541125,,,0,102199,34992,0,0
15,4,541126,,,0,102200,34992,0,0
15,4,541127,,,0,102199,34992,0,0
15,4,541128,,,0,102200,34992,0,0
15,4,541129,,,0,102199,34992,0,0
15,4,541130,,,0,102200,34992,0,0
15,4,541131,,,0,102199,34992,0,0
15,4,541132,,,0,102200,34992,0,0
15,4,541133,,,0,102199,34992,0,0
15,4,541134,,,0,102200,34992,0,0
15,4,541135,,,0,102199,34992,0,0
15,4,541136,,,0,102200,34992,0,0
15,4,541137,,,0,102199,34992,0,0
15,4,541138,,,0,102200,34992,0,0
15,4,541139,,,0,102199,34992,0,0
15,4,541140,,,0,102200,34992,0,0
15,4,541141,,,0,102199,34992,0,0
15,4,541142,,,0,102200,34992,0,0
15,4,541143,,,0,102199,34992,0,0
15,4,541144,,,0,102200,34992,0,0
15,4,541145,,,0,102199,34992,0,0
15,4,541146,,,0,102200,34992,0,0
15,4,541148,,,0,102199,34992,0,0
15,4,541147,,,0,102200,34992,0,0
15,4,541149,,,0,102200,34992,0,0
15,4,541150,,,0,102200,34992,0,0
15,4,541151,,,0,102200,34992,0,0
2,4,541199,,,0,102206,34997,0,0
2,4,541198,,,0,102206,34997,0,0
2,4,541197,,,0,102206,34997,0,0
2,4,541193,,,0,102205,34995,0,0
2,4,541192,,,0,102205,34997,0,0
2,4,541196,,,0,102205,34997,0,0
2,4,541195,,,0,102205,34997,0,0
2,4,541194,,,0,102205,34997,0,0
2,4,541200,,,0,102205,34996,0,0
20X,4,541205,,,0,102211,34998,0,0
20X,4,541206,,,0,102212,34998,0,0
20X,4,541207,,,1,102213,34999,0,0
20X,4,541208,,,1,102214,34999,0,0
3,4,541356,,,0,102166,35000,0,0
3,4,541357,,,0,102225,35000,0,0
3,4,541358,,,0,102226,35000,0,0
3,4,541359,,,0,102227,35000,0,0
3,4,541360,,,0,102166,35000,0,0
3,4,541361,,,0,102225,35001,0,0
3,4,541362,,,0,102226,35001,0,0
3,4,541363,,,0,102166,35001,0,0
3,4,541364,,,0,102226,35001,0,0
3,4,541365,,,0,102166,35000,0,0
3,4,541366,,,0,102226,35000,0,0
3,4,541367,,,0,102166,35000,0,0
3,4,541355,,,0,102224,35000,0,0
3,4,541368,,,0,102226,35000,0,0
3,4,541369,,,0,102228,35000,0,0
3,4,541370,,,0,102166,35000,0,0
3,4,541371,,,0,102224,35000,0,0
3,4,541372,,,0,102226,35000,0,0
3,4,541373,,,0,102228,35000,0,0
3,4,541374,,,0,102166,35001,0,0
3,4,541375,,,0,102224,35001,0,0
3,4,541376,,,0,102226,35001,0,0
3,4,541377,,,0,102166,35001,0,0
3,4,541378,,,0,102167,35001,0,0
3,4,541379,,,0,102166,35001,0,0
3,4,541380,,,0,102167,35001,0,0
3,4,541381,,,0,102166,35001,0,0
3,4,541382,,,1,102166,35003,0,0
3,4,541383,,,1,102225,35003,0,0
3,4,541384,,,1,102226,35003,0,0
3,4,541385,,,1,102227,35003,0,0
3,4,541386,,,1,102166,35003,0,0
3,4,541387,,,1,102225,35004,0,0
3,4,541388,,,1,102226,35004,0,0
3,4,541389,,,1,102166,35004,0,0
3,4,541390,,,1,102226,35004,0,0
3,4,541391,,,1,102166,35003,0,0
3,4,541392,,,1,102226,35003,0,0
3,4,541393,,,1,102166,35003,0,0
3,4,541394,,,1,102224,35003,0,0
3,4,541406,,,1,102226,35003,0,0
3,4,541395,,,1,102228,35003,0,0
3,4,541407,,,1,102166,35003,0,0
3,4,541396,,,1,102224,35003,0,0
3,4,541408,,,1,102226,35003,0,0
3,4,541397,,,1,102228,35003,0,0
3,4,541398,,,1,102166,35004,0,0
3,4,541399,,,1,102224,35004,0,0
3,4,541400,,,1,102226,35004,0,0
3,4,541401,,,1,102166,35004,0,0
3,4,541402,,,1,102167,35004,0,0
3,4,541403,,,1,102166,35004,0,0
3,4,541404,,,1,102167,35004,0,0
3,4,541405,,,1,102166,35004,0,0
30R,4,541712,,,0,102256,35006,0,0
30R,4,541655,,,0,102250,35006,0,0
30R,4,541656,,,0,102251,35006,0,0
30R,4,541657,,,0,102212,35006,0,0
30R,4,541658,,,0,102252,35006,0,0
30R,4,541659,,,0,102249,35006,0,0
30R,4,541660,,,0,102253,35006,0,0
30R,4,541661,,,0,102254,35006,0,0
30R,4,541662,,,0,102255,35006,0,0
30R,4,541663,,,0,102256,35006,0,0
30R,4,541664,,,0,102248,35006,0,0
30R,4,541665,,,0,102250,35006,0,0
30R,4,541666,,,0,102251,35006,0,0
30R,4,541667,,,0,102252,35006,0,0
30R,4,541668,,,0,102249,35006,0,0
30R,4,541669,,,0,102253,35006,0,0
30R,4,541670,,,0,102254,35006,0,0
30R,4,541671,,,0,102255,35006,0,0
30R,4,541672,,,0,102256,35006,0,0
30R,4,541673,,,0,102248,35006,0,0
30R,4,541674,,,0,102250,35006,0,0
30R,4,541675,,,0,102251,35006,0,0
30R,4,541676,,,0,102252,35006,0,0
30R,4,541677,,,0,102249,35006,0,0
30R,4,541678,,,0,102253,35006,0,0
30R,4,541679,,,0,102254,35006,0,0
30R,4,541680,,,0,102255,35006,0,0
30R,4,541681,,,0,102256,35006,0,0
30R,4,541682,,,0,102248,35006,0,0
30R,4,541683,,,0,102250,35006,0,0
30R,4,541684,,,0,102251,35006,0,0
30R,4,541685,,,0,102252,35006,0,0
30R,4,541686,,,0,102249,35006,0,0
30R,4,541687,,,0,102253,35006,0,0
30R,4,541688,,,0,102254,35006,0,0
30R,4,541689,,,0,102255,35006,0,0
30R,4,541690,,,0,102256,35006,0,0
30R,4,541691,,,0,102248,35006,0,0
30R,4,541692,,,0,102250,35006,0,0
30R,4,541693,,,0,102251,35006,0,0
30R,4,541694,,,0,102252,35006,0,0
30R,4,541695,,,0,102249,35006,0,0
30R,4,541696,,,0,102253,35006,0,0
30R,4,541697,,,0,102254,35006,0,0
30R,4,541698,,,0,102255,35006,0,0
30R,4,541699,,,0,102256,35006,0,0
30R,4,541700,,,0,102248,35006,0,0
30R,4,541701,,,0,102250,35006,0,0
30R,4,541702,,,0,102251,35006,0,0
30R,4,541703,,,0,102252,35006,0,0
30R,4,541704,,,0,102249,35006,0,0
30R,4,541705,,,0,102253,35006,0,0
30R,4,541706,,,0,102254,35006,0,0
30R,4,541707,,,0,102255,35006,0,0
30R,4,541708,,,0,102248,35006,0,0
30R,4,541709,,,0,102251,35006,0,0
30R,4,541710,,,0,102249,35006,0,0
30R,4,541711,,,0,102248,35006,0,0
30R,4,541654,,,0,102249,35006,0,0
30R,4,541653,,,0,102248,35009,0,0
30R,4,541713,,,1,102250,35010,0,0
30R,4,541714,,,1,102251,35010,0,0
30R,4,541715,,,1,102212,35010,0,0
30R,4,541717,,,1,102252,35010,0,0
30R,4,541718,,,1,102249,35010,0,0
30R,4,541719,,,1,102253,35010,0,0
30R,4,541720,,,1,102254,35010,0,0
30R,4,541716,,,1,102255,35010,0,0
30R,4,541721,,,1,102256,35010,0,0
30R,4,541722,,,1,102248,35010,0,0
30R,4,541723,,,1,102250,35010,0,0
30R,4,541724,,,1,102251,35010,0,0
30R,4,541725,,,1,102252,35010,0,0
30R,4,541726,,,1,102249,35010,0,0
30R,4,541727,,,1,102253,35010,0,0
30R,4,541728,,,1,102254,35010,0,0
30R,4,541729,,,1,102255,35010,0,0
30R,4,541730,,,1,102256,35010,0,0
30R,4,541731,,,1,102248,35010,0,0
30R,4,541732,,,1,102250,35010,0,0
30R,4,541733,,,1,102251,35010,0,0
30R,4,541734,,,1,102252,35010,0,0
30R,4,541735,,,1,102249,35010,0,0
30R,4,541736,,,1,102253,35010,0,0
30R,4,541737,,,1,102254,35010,0,0
30R,4,541738,,,1,102255,35010,0,0
30R,4,541739,,,1,102256,35010,0,0
30R,4,541740,,,1,102248,35010,0,0
30R,4,541741,,,1,102250,35010,0,0
30R,4,541742,,,1,102251,35010,0,0
30R,4,541743,,,1,102252,35010,0,0
30R,4,541744,,,1,102249,35010,0,0
30R,4,541745,,,1,102253,35010,0,0
30R,4,541746,,,1,102254,35010,0,0
30R,4,541747,,,1,102255,35010,0,0
30R,4,541748,,,1,102256,35010,0,0
30R,4,541749,,,1,102248,35010,0,0
30R,4,541750,,,1,102250,35010,0,0
30R,4,541751,,,1,102251,35010,0,0
30R,4,541752,,,1,102252,35010,0,0
30R,4,541753,,,1,102249,35010,0,0
30R,4,541754,,,1,102253,35010,0,0
30R,4,541755,,,1,102254,35010,0,0
30R,4,541756,,,1,102255,35010,0,0
30R,4,541757,,,1,102256,35010,0,0
30R,4,541758,,,1,102248,35010,0,0
30R,4,541759,,,1,102250,35010,0,0
30R,4,541760,,,1,102251,35010,0,0
30R,4,541761,,,1,102252,35010,0,0
30R,4,541762,,,1,102249,35010,0,0
30R,4,541763,,,1,102253,35010,0,0
30R,4,541764,,,1,102254,35010,0,0
30R,4,541765,,,1,102255,35010,0,0
30R,4,541766,,,1,102248,35010,0,0
30R,4,541767,,,1,102251,35010,0,0
30R,4,541768,,,1,102249,35010,0,0
30R,4,541769,,,1,102248,35010,0,0
30R,4,541770,,,1,102249,35010,0,0
30R,4,541771,,,1,102248,35010,0,0
30R,4,541772,,,1,102249,35010,0,0
501,4,541855,,,0,102269,35013,0,0
501,4,541858,,,1,102272,35014,0,0
501,4,541857,,,1,102271,35014,0,0
501,4,541856,,,1,102270,35014,0,0
502,4,541861,,,0,102274,35015,0,0
502,4,541862,,,1,102191,35016,0,0
503,4,541867,,,0,102277,35018,0,0
503,4,541868,,,0,102277,35017,0,0
503,4,541871,,,1,102278,35019,0,0
503,4,541869,,,1,102278,35019,0,0
503,4,541870,,,1,102278,35020,0,0
504,4,541875,,,0,102281,35021,0,0
504,4,541877,,,1,102213,35022,0,0
504,4,541876,,,1,102282,35022,0,0
53,4,541886,,,0,102285,35023,0,0
53,4,541887,,,0,102285,35025,0,0
53,4,541888,,,0,102285,35026,0,0
53,4,541889,,,0,102285,35024,0,0
53,4,541890,,,1,102286,35027,0,0
53,4,541891,,,1,102286,35028,0,0
53,4,541892,,,1,102286,35028,0,0
53,4,541893,,,1,102286,35028,0,0
54,4,541907,AF,,0,102291,35029,0,0
54,4,541908,,,0,102291,35030,0,0
54,4,541909,AF,,1,102292,35031,0,0
54,4,541910,C5,,1,102292,35032,0,0
54,4,541911,C5,,1,102292,35032,0,0
580X,4,541933,,,0,102211,35034,0,0
580X,4,541934,,,0,102297,35034,0,0
580X,4,541935,,,0,102297,35034,0,0
580X,4,541936,,,0,102298,35033,0,0
580X,4,541939,,,0,102213,35033,0,0
580X,4,541937,,,0,102298,35033,0,0
580X,4,541940,,,0,102214,35033,0,0
580X,4,541938,,,0,102298,35033,0,0
580X,4,541941,,,1,102211,35035,0,0
580X,4,541944,,,1,102297,35035,0,0
580X,4,541945,,,1,102211,35035,0,0
580X,4,541943,,,1,102297,35036,0,0
580X,4,541942,,,1,102212,35036,0,0
580X,4,541946,,,1,102298,35035,0,0
580X,4,541947,,,1,102298,35035,0,0
580X,4,541948,,,1,102298,35035,0,0
601,4,541951,,,0,102300,35037,0,0
601,4,541952,,,1,102298,35038,0,0
602,4,541957,,,0,102303,35039,0,0
602,4,541959,30,,1,102298,35041,0,0
602,4,541960,,,1,102304,35042,0,0
602,4,541958,,,1,102214,35040,0,0
603,4,541963,,,0,102306,35043,0,0
603,4,541964,,,1,102286,35044,0,0
604,4,541969,,,0,102306,35045,0,0
604,4,541971,,,1,102311,35046,0,0
604,4,541972,,,1,102312,35046,0,0
604,4,541970,,,1,102310,35046,0,0
605,4,541976,,,0,102316,35047,0,0
605,4,541978,,,1,102318,35048,0,0
605,4,541977,,,1,102317,35048,0,0
606,4,541981,,,0,102316,35049,0,0
606,4,541982,,,1,102184,35050,0,0
607,4,541985,,,0,102274,35051,0,0
607,4,541986,,,1,102214,35052,0,0
608,4,541990,,,0,102303,35053,0,0
608,4,541991,,,1,102292,35055,0,0
608,4,541992,,,1,102228,35054,0,0
609,4,541995,,,0,102269,35056,0,0
609,4,541996,,,1,102310,35057,0,0
610,4,541999,,,0,102321,35058,0,0
610,4,542000,,,1,102322,35059,0,0
611,4,542003,,,0,102321,35060,0,0
611,4,542004,,,1,102324,35061,0,0
70X,4,542020,,,0,102330,35062,0,0
70X,4,542021,,,0,102329,35062,0,0
70X,4,542022,,,0,102328,35062,0,0
70X,4,542019,,,0,102330,35063,0,0
70X,4,542018,,,0,102329,35063,0,0
70X,4,542017,,,0,102328,35063,0,0
70X,4,542028,,,1,102317,35065,0,0
70X,4,542027,,,1,102282,35065,0,0
70X,4,542026,,,1,102310,35065,0,0
70X,4,542025,,,1,102317,35065,0,0
70X,4,542024,,,1,102282,35064,0,0
70X,4,542023,,,1,102310,35064,0,0
8,4,542098,,,0,102226,35067,0,0
8,4,542097,,,0,102227,35067,0,0
8,4,542096,,,0,102166,35067,0,0
8,4,542095,,,0,102225,35067,0,0
8,4,542094,,,0,102226,35067,0,0
8,4,542093,,,0,102227,35067,0,0
8,4,542092,,,0,102166,35067,0,0
8,4,542091,,,0,102226,35067,0,0
8,4,542090,,,0,102166,35067,0,0
8,4,542089,,,0,102226,35067,0,0
8,4,542088,,,0,102166,35067,0,0
8,4,542087,,,0,102226,35067,0,0
8,4,542086,,,0,102166,35067,0,0
8,4,542077,,,0,102224,35067,0,0
8,4,542085,,,0,102226,35067,0,0
8,4,542084,,,0,102228,35067,0,0
8,4,542083,,,0,102166,35067,0,0
8,4,542082,,,0,102224,35067,0,0
8,4,542081,,,0,102226,35068,0,0
8,4,542080,,,0,102228,35068,0,0
8,4,542079,,,0,102166,35068,0,0
8,4,542078,,,0,102226,35068,0,0
10R,7,540705,,,0,102175,34978,0,0
10R,7,540706,,,0,102176,34978,0,0
10R,7,540707,,,0,102175,34978,0,0
10R,7,540708,,,0,102176,34978,0,0
10R,7,540709,,,0,102175,34978,0,0
10R,7,540710,,,0,102176,34978,0,0
10R,7,540711,,,0,102175,34978,0,0
10R,7,540712,,,0,102177,34978,0,0
10R,7,540713,,,0,102176,34978,0,0
10R,7,540714,,,0,102175,34978,0,0
10R,7,540715,,,0,102177,34978,0,0
10R,7,540716,,,0,102176,34978,0,0
10R,7,540717,,,0,102175,34978,0,0
10R,7,540718,,,0,102177,34978,0,0
10R,7,540719,,,0,102176,34978,0,0
10R,7,540720,,,0,102175,34978,0,0
10R,7,540721,,,0,102177,34978,0,0
10R,7,540722,,,0,102176,34978,0,0
10R,7,540723,,,0,102175,34978,0,0
10R,7,540724,,,0,102177,34978,0,0
10R,7,540725,,,0,102176,34978,0,0
10R,7,540726,,,0,102175,34978,0,0
10R,7,540727,,,0,102177,34978,0,0
10R,7,540728,,,0,102176,34978,0,0
10R,7,540729,,,0,102175,34978,0,0
10R,7,540730,,,0,102177,34978,0,0
10R,7,540731,,,0,102176,34978,0,0
10R,7,540732,,,0,102175,34979,0,0
10R,7,540733,,,0,102176,34979,0,0
10R,7,540734,,,0,102175,34979,0,0
10R,7,540735,,,0,102176,34978,0,0
10R,7,540704,,,0,102175,34978,0,0
10R,7,540738,,,1,102175,34981,0,0
10R,7,540739,,,1,102176,34981,0,0
10R,7,540740,,,1,102175,34981,0,0
10R,7,540741,,,1,102176,34981,0,0
10R,7,540742,,,1,102175,34981,0,0
10R,7,540743,,,1,102176,34981,0,0
10R,7,540744,,,1,102175,34980,0,0
10R,7,540745,,,1,102177,34980,0,0
10R,7,540746,,,1,102176,34980,0,0
10R,7,540747,,,1,102175,34980,0,0
10R,7,540748,,,1,102177,34980,0,0
10R,7,540749,,,1,102176,34980,0,0
10R,7,540750,,,1,102175,34980,0,0
10R,7,540751,,,1,102177,34980,0,0
10R,7,540752,,,1,102176,34980,0,0
10R,7,540753,,,1,102175,34980,0,0
10R,7,540754,,,1,102177,34980,0,0
10R,7,540755,,,1,102176,34980,0,0
10R,7,540756,,,1,102175,34980,0,0
10R,7,540757,,,1,102177,34980,0,0
10R,7,540736,,,1,102176,34980,0,0
10R,7,540758,,,1,102175,34980,0,0
10R,7,540759,,,1,102177,34980,0,0
10R,7,540760,,,1,102176,34980,0,0
10R,7,540761,,,1,102175,34980,0,0
10R,7,540762,,,1,102177,34980,0,0
10R,7,540763,,,1,102176,34980,0,0
10R,7,540764,,,1,102175,34982,0,0
10R,7,540765,,,1,102176,34982,0,0
10R,7,540766,,,1,102175,34982,0,0
10R,7,540767,,,1,102176,34982,0,0
10R,7,540737,,,1,102175,34982,0,0
14,7,541011,,,0,102194,34985,0,0
14,7,541010,,,0,102193,34985,0,0
14,7,541009,,,0,102194,34985,0,0
14,7,541008,,,0,102193,34985,0,0
14,7,541007,,,0,102194,34985,0,0
14,7,541006,,,0,102193,34985,0,0
14,7,541005,,,0,102194,34985,0,0
14,7,541004,,,0,102193,34985,0,0
14,7,541003,,,0,102194,34985,0,0
14,7,541002,,,0,102193,34985,0,0
14,7,541001,,,0,102194,34985,0,0
14,7,541000,,,0,102193,34985,0,0
14,7,540999,,,0,102194,34985,0,0
14,7,540998,,,0,102193,34985,0,0
14,7,541025,,,1,102193,34989,0,0
14,7,541024,,,1,102194,34989,0,0
14,7,541023,,,1,102193,34989,0,0
14,7,541022,,,1,102194,34989,0,0
14,7,541021,,,1,102193,34989,0,0
14,7,541020,,,1,102194,34989,0,0
14,7,541019,,,1,102193,34989,0,0
14,7,541018,,,1,102194,34989,0,0
14,7,541017,,,1,102193,34989,0,0
14,7,541016,,,1,102194,34989,0,0
14,7,541015,,,1,102193,34989,0,0
14,7,541014,,,1,102194,34989,0,0
14,7,541013,,,1,102193,34989,0,0
14,7,541012,,,1,102194,34989,0,0
15,7,541152,,,0,102201,34992,0,0
15,7,541153,,,0,102201,34992,0,0
15,7,541154,,,0,102201,34992,0,0
15,7,541155,,,0,102201,34992,0,0
15,7,541156,,,0,102201,34992,0,0
15,7,541157,,,0,102201,34992,0,0
15,7,541158,,,0,102201,34992,0,0
15,7,541159,,,0,102201,34992,0,0
15,7,541160,,,0,102201,34992,0,0
15,7,541161,,,0,102201,34992,0,0
15,7,541162,,,0,102201,34992,0,0
15,7,541163,,,0,102201,34992,0,0
15,7,541164,,,0,102201,34992,0,0
15,7,541165,,,0,102201,34992,0,0
15,7,541166,,,0,102201,34992,0,0
15,7,541167,,,0,102201,34992,0,0
30R,7,541791,,,0,102259,35007,0,0
30R,7,541790,,,0,102260,35007,0,0
30R,7,541789,,,0,102259,35007,0,0
30R,7,541788,,,0,102260,35007,0,0
30R,7,541787,,,0,102259,35007,0,0
30R,7,541786,,,0,102260,35007,0,0
30R,7,541778,,,0,102259,35007,0,0
30R,7,541785,,,0,102258,35007,0,0
30R,7,541784,,,0,102257,35007,0,0
30R,7,541783,,,0,102258,35007,0,0
30R,7,541782,,,0,102257,35007,0,0
30R,7,541781,,,0,102258,35007,0,0
30R,7,541780,,,0,102257,35007,0,0
30R,7,541779,,,0,102258,35007,0,0
30R,7,541777,,,0,102257,35007,0,0
30R,7,541776,,,0,102258,35007,0,0
30R,7,541775,,,0,102257,35007,0,0
30R,7,541774,,,0,102258,35007,0,0
30R,7,541773,,,0,102257,35007,0,0
30R,7,541811,,,1,102259,35011,0,0
30R,7,541810,,,1,102260,35011,0,0
30R,7,541809,,,1,102259,35011,0,0
30R,7,541808,,,1,102260,35011,0,0
30R,7,541807,,,1,102259,35011,0,0
30R,7,541806,,,1,102260,35011,0,0
30R,7,541805,,,1,102259,35011,0,0
30R,7,541804,,,1,102258,35011,0,0
30R,7,541803,,,1,102257,35011,0,0
30R,7,541802,,,1,102258,35011,0,0
30R,7,541801,,,1,102257,35011,0,0
30R,7,541800,,,1,102258,35011,0,0
30R,7,541799,,,1,102257,35011,0,0
30R,7,541798,,,1,102258,35011,0,0
30R,7,541797,,,1,102257,35011,0,0
30R,7,541796,,,1,102258,35011,0,0
30R,7,541795,,,1,102257,35011,0,0
30R,7,541794,,,1,102258,35011,0,0
30R,7,541793,,,1,102257,35011,0,0
30R,7,541792,,,1,102258,35011,0,0
1,10,540304,,,0,102149,34977,0,0
1,10,540305,,,0,102150,34977,0,0
1,10,540306,,,0,102149,34977,0,0
1,10,540307,,,0,102150,34977,0,0
1,10,540308,,,0,102149,34977,0,0
1,10,540309,,,0,102150,34977,0,0
1,10,540310,,,0,102149,34977,0,0
1,10,540311,,,0,102150,34977,0,0
1,10,540312,,,0,102149,34977,0,0
1,10,540313,,,0,102150,34977,0,0
1,10,540314,,,0,102149,34977,0,0
1,10,540315,,,0,102150,34977,0,0
1,10,540316,,,0,102149,34977,0,0
1,10,540317,,,0,102150,34977,0,0
10R,10,540769,,,0,102178,34978,0,0
10R,10,540770,,,0,102179,34978,0,0
10R,10,540771,,,0,102178,34978,0,0
10R,10,540772,,,0,102179,34978,0,0
10R,10,540773,,,0,102178,34978,0,0
10R,10,540774,,,0,102179,34978,0,0
10R,10,540775,,,0,102178,34978,0,0
10R,10,540776,,,0,102180,34978,0,0
10R,10,540777,,,0,102179,34978,0,0
10R,10,540778,,,0,102178,34978,0,0
10R,10,540779,,,0,102180,34978,0,0
10R,10,540780,,,0,102179,34978,0,0
10R,10,540781,,,0,102178,34978,0,0
10R,10,540782,,,0,102180,34978,0,0
10R,10,540783,,,0,102179,34978,0,0
10R,10,540784,,,0,102178,34978,0,0
10R,10,540785,,,0,102180,34978,0,0
10R,10,540786,,,0,102179,34978,0,0
10R,10,540787,,,0,102178,34978,0,0
10R,10,540788,,,0,102180,34978,0,0
10R,10,540789,,,0,102179,34978,0,0
10R,10,540790,,,0,102178,34978,0,0
10R,10,540791,,,0,102180,34978,0,0
10R,10,540792,,,0,102179,34978,0,0
10R,10,540793,,,0,102178,34978,0,0
10R,10,540794,,,0,102180,34978,0,0
10R,10,540795,,,0,102179,34978,0,0
10R,10,540796,,,0,102178,34979,0,0
10R,10,540797,,,0,102179,34979,0,0
10R,10,540798,,,0,102178,34979,0,0
10R,10,540799,,,0,102179,34978,0,0
10R,10,540768,,,0,102178,34978,0,0
10R,10,540802,,,1,102178,34981,0,0
10R,10,540803,,,1,102179,34981,0,0
10R,10,540804,,,1,102178,34981,0,0
10R,10,540805,,,1,102179,34981,0,0
10R,10,540806,,,1,102178,34981,0,0
10R,10,540807,,,1,102179,34981,0,0
10R,10,540808,,,1,102178,34980,0,0
10R,10,540809,,,1,102180,34980,0,0
10R,10,540810,,,1,102179,34980,0,0
10R,10,540811,,,1,102178,34980,0,0
10R,10,540812,,,1,102180,34980,0,0
10R,10,540813,,,1,102179,34980,0,0
10R,10,540814,,,1,102178,34980,0,0
10R,10,540815,,,1,102180,34980,0,0
10R,10,540816,,,1,102179,34980,0,0
10R,10,540817,,,1,102178,34980,0,0
10R,10,540818,,,1,102180,34980,0,0
10R,10,540819,,,1,102179,34980,0,0
10R,10,540820,,,1,102178,34980,0,0
10R,10,540821,,,1,102180,34980,0,0
10R,10,540800,,,1,102179,34980,0,0
10R,10,540822,,,1,102178,34980,0,0
10R,10,540823,,,1,102180,34980,0,0
10R,10,540824,,,1,102179,34980,0,0
10R,10,540825,,,1,102178,34980,0,0
10R,10,540826,,,1,102180,34980,0,0
10R,10,540827,,,1,102179,34980,0,0
10R,10,540828,,,1,102178,34982,0,0
10R,10,540829,,,1,102179,34982,0,0
10R,10,540830,,,1,102178,34982,0,0
10R,10,540831,,,1,102179,34982,0,0
10R,10,540801,,,1,102178,34982,0,0
14,10,541039,,,0,102149,34985,0,0
14,10,541038,,,0,102150,34985,0,0
14,10,541037,,,0,102149,34985,0,0
14,10,541036,,,0,102150,34985,0,0
14,10,541035,,,0,102149,34985,0,0
14,10,541034,,,0,102150,34985,0,0
14,10,541033,,,0,102149,34985,0,0
14,10,541032,,,0,102150,34985,0,0
14,10,541031,,,0,102149,34985,0,0
14,10,541030,,,0,102150,34985,0,0
14,10,541029,,,0,102149,34985,0,0
14,10,541028,,,0,102150,34985,0,0
14,10,541027,,,0,102149,34985,0,0
14,10,541026,,,0,102150,34985,0,0
14,10,541053,,,1,102150,34989,0,0
14,10,541052,,,1,102149,34989,0,0
14,10,541051,,,1,102150,34989,0,0
14,10,541050,,,1,102149,34989,0,0
14,10,541049,,,1,102150,34989,0,0
14,10,541048,,,1,102149,34989,0,0
14,10,541047,,,1,102150,34989,0,0
14,10,541046,,,1,102149,34989,0,0
14,10,541045,,,1,102150,34989,0,0
14,10,541044,,,1,102149,34989,0,0
14,10,541043,,,1,102150,34989,0,0
14,10,541042,,,1,102149,34989,0,0
14,10,541041,,,1,102150,34989,0,0
14,10,541040,,,1,102149,34989,0,0
15,10,541168,,,0,102202,34992,0,0
15,10,541169,,,0,102202,34992,0,0
15,10,541170,,,0,102202,34992,0,0
15,10,541171,,,0,102202,34992,0,0
15,10,541172,,,0,102202,34992,0,0
15,10,541173,,,0,102202,34992,0,0
15,10,541174,,,0,102202,34992,0,0
15,10,541175,,,0,102202,34992,0,0
15,10,541176,,,0,102202,34992,0,0
15,10,541177,,,0,102202,34992,0,0
15,10,541178,,,0,102202,34992,0,0
15,10,541179,,,0,102202,34992,0,0
15,10,541180,,,0,102202,34992,0,0
15,10,541181,,,0,102202,34992,0,0
15,10,541182,,,0,102202,34992,0,0
15,10,541183,,,0,102202,34992,0,0
3,10,541414,,,0,102229,35001,0,0
3,10,541415,,,0,102230,35001,0,0
3,10,541416,,,0,102230,35001,0,0
3,10,541417,,,0,102230,35001,0,0
3,10,541418,,,0,102229,35001,0,0
3,10,541419,,,0,102229,35001,0,0
3,10,541420,,,0,102229,35001,0,0
3,10,541421,,,0,102230,35001,0,0
3,10,541422,,,0,102230,35001,0,0
3,10,541423,,,0,102230,35001,0,0
3,10,541424,,,0,102229,35001,0,0
3,10,541425,,,0,102229,35001,0,0
3,10,541426,,,0,102229,35001,0,0
3,10,541427,,,0,102230,35001,0,0
3,10,541428,,,0,102230,35001,0,0
3,10,541429,,,0,102230,35001,0,0
3,10,541430,,,0,102229,35001,0,0
3,10,541431,,,0,102229,35001,0,0
3,10,541409,,,0,102178,35001,0,0
3,10,541410,,,0,102179,35001,0,0
3,10,541411,,,0,102178,35001,0,0
3,10,541412,,,0,102179,35001,0,0
3,10,541413,,,0,102178,35001,0,0
3,10,541437,,,1,102229,35004,0,0
3,10,541438,,,1,102230,35004,0,0
3,10,541439,,,1,102230,35004,0,0
3,10,541440,,,1,102230,35004,0,0
3,10,541441,,,1,102229,35004,0,0
3,10,541442,,,1,102229,35004,0,0
3,10,541443,,,1,102229,35004,0,0
3,10,541444,,,1,102230,35004,0,0
3,10,541445,,,1,102230,35004,0,0
3,10,541446,,,1,102230,35004,0,0
3,10,541447,,,1,102229,35004,0,0
3,10,541448,,,1,102229,35004,0,0
3,10,541449,,,1,102229,35004,0,0
3,10,541450,,,1,102230,35004,0,0
3,10,541451,,,1,102230,35004,0,0
3,10,541452,,,1,102230,35004,0,0
3,10,541453,,,1,102229,35004,0,0
3,10,541454,,,1,102229,35004,0,0
3,10,541432,,,1,102178,35004,0,0
3,10,541433,,,1,102179,35004,0,0
3,10,541434,,,1,102178,35004,0,0
3,10,541435,,,1,102179,35004,0,0
3,10,541436,,,1,102178,35004,0,0
30R,10,541830,,,0,102263,35007,0,0
30R,10,541829,,,0,102264,35007,0,0
30R,10,541828,,,0,102263,35007,0,0
30R,10,541827,,,0,102264,35007,0,0
30R,10,541826,,,0,102263,35007,0,0
30R,10,541825,,,0,102264,35007,0,0
30R,10,541817,,,0,102263,35007,0,0
30R,10,541824,,,0,102262,35007,0,0
30R,10,541823,,,0,102261,35007,0,0
30R,10,541822,,,0,102262,35007,0,0
30R,10,541821,,,0,102261,35007,0,0
30R,10,541820,,,0,102262,35007,0,0
30R,10,541819,,,0,102261,35007,0,0
30R,10,541818,,,0,102262,35007,0,0
30R,10,541816,,,0,102261,35007,0,0
30R,10,541815,,,0,102262,35007,0,0
30R,10,541814,,,0,102261,35007,0,0
30R,10,541813,,,0,102262,35007,0,0
30R,10,541812,,,0,102261,35007,0,0
30R,10,541850,,,1,102263,35011,0,0
30R,10,541849,,,1,102264,35011,0,0
30R,10,541848,,,1,102263,35011,0,0
30R,10,541847,,,1,102264,35011,0,0
30R,10,541846,,,1,102263,35011,0,0
30R,10,541845,,,1,102264,35011,0,0
30R,10,541844,,,1,102263,35011,0,0
30R,10,541843,,,1,102262,35011,0,0
30R,10,541842,,,1,102261,35011,0,0
30R,10,541841,,,1,102262,35011,0,0
30R,10,541840,,,1,102261,35011,0,0
30R,10,541839,,,1,102262,35011,0,0
30R,10,541838,,,1,102261,35011,0,0
30R,10,541837,,,1,102262,35011,0,0
30R,10,541836,,,1,102261,35011,0,0
30R,10,541835,,,1,102262,35011,0,0
30R,10,541834,,,1,102261,35011,0,0
30R,10,541833,,,1,102262,35011,0,0
30R,10,541832,,,1,102261,35011,0,0
30R,10,541831,,,1,102262,35011,0,0
53,10,541894,,,0,102287,35023,0,0
53,10,541895,,,0,102287,35025,0,0
53,10,541896,,,0,102287,35026,0,0
53,10,541897,,,0,102287,35024,0,0
53,10,541898,,,1,102288,35027,0,0
53,10,541899,,,1,102288,35028,0,0
53,10,541900,,,1,102288,35028,0,0
53,10,541901,,,1,102288,35028,0,0
54,10,541912,AF,,0,102293,35029,0,0
54,10,541913,,,0,102293,35030,0,0
54,10,541914,AF,,1,102294,35031,0,0
54,10,541915,C5,,1,102294,35032,0,0
54,10,541916,C5,,1,102294,35032,0,0
8,10,542111,,,0,102230,35067,0,0
8,10,542110,,,0,102229,35067,0,0
8,10,542109,,,0,102229,35067,0,0
8,10,542108,,,0,102230,35067,0,0
8,10,542107,,,0,102230,35067,0,0
8,10,542106,,,0,102229,35067,0,0
8,10,542105,,,0,102229,35067,0,0
8,10,542104,,,0,102230,35067,0,0
8,10,542103,,,0,102230,35067,0,0
8,10,542102,,,0,102229,35067,0,0
8,10,542101,,,0,102229,35068,0,0
8,10,542100,,,0,102230,35068,0,0
8,10,542099,,,0,102230,35068,0,0
