route_id,service_id,trip_id,trip_headsign,trip_short_name,direction_id,block_id,shape_id,wheelchair_accessible,bikes_allowed
2162,1,307677,,,0,29378,12582,0,0
2162,1,307642,,,0,29374,12585,0,0
2162,1,307623,,,0,29377,12582,0,0
2162,1,307638,,,0,29375,12585,0,0
2162,1,307622,,,0,29373,12582,0,0
2162,1,307651,,,0,29376,12585,0,0
2162,1,307639,,,0,29380,12582,0,0
2162,1,307650,,,0,29374,12585,0,0
2162,1,307637,,,0,29379,12582,0,0
2162,1,307641,,,0,29375,12585,0,0
2162,1,307636,,,0,29378,12582,0,0
2162,1,307640,,,0,29376,12585,0,0
2162,1,307635,,,0,29377,12582,0,0
2162,1,307629,,,0,29374,12585,0,0
2162,1,307634,,,0,29373,12582,0,0
2162,1,307628,,,0,29375,12585,0,0
2162,1,307633,,,0,29380,12582,0,0
2162,1,307627,,,0,29376,12585,0,0
2162,1,307632,,,0,29379,12582,0,0
2162,1,307626,,,0,29374,12585,0,0
2162,1,307631,,,0,29378,12582,0,0
2162,1,307625,,,0,29375,12585,0,0
2162,1,307630,,,0,29377,12582,0,0
2162,1,307624,,,0,29376,12585,0,0
2162,1,307618,,,0,29373,12582,0,0
2162,1,307619,,,0,29374,12585,0,0
2162,1,307660,,,0,29380,12582,0,0
2162,1,307620,,,0,29375,12585,0,0
2162,1,307661,,,0,29381,12582,0,0
2162,1,307621,,,0,29376,12585,0,0
2162,1,307662,,,0,29379,12582,0,0
2162,1,307646,,,0,29374,12585,0,0
2162,1,307663,,,0,29378,12582,0,0
2162,1,307653,,,0,29375,12585,0,0
2162,1,307664,,,0,29377,12582,0,0
2162,1,307654,,,0,29376,12585,0,0
2162,1,307665,,,0,29373,12582,0,0
2162,1,307655,,,0,29382,12585,0,0
2162,1,307666,,,0,29380,12582,0,0
2162,1,307656,,,0,29375,12585,0,0
2162,1,307667,,,0,29381,12582,0,0
2162,1,307657,,,0,29376,12585,0,0
2162,1,307668,,,0,29379,12582,0,0
2162,1,307658,,,0,29382,12585,0,0
2162,1,307669,,,0,29378,12582,0,0
2162,1,307659,,,0,29375,12585,0,0
2162,1,307670,,,0,29377,12582,0,0
2162,1,307671,,,0,29376,12585,0,0
2162,1,307672,,,0,29373,12582,0,0
2162,1,307673,,,0,29382,12585,0,0
2162,1,307652,,,0,29380,12582,0,0
2162,1,307674,,,0,29381,12584,0,0
2162,1,307675,,,0,29378,12584,0,0
2162,1,307676,,,0,29377,12584,0,0
2162,1,307647,,,0,29373,12584,0,0
2162,1,307648,,,0,29381,12584,0,0
2162,1,307649,,,0,29378,12584,0,0
2162,1,307643,,,0,29373,12583,0,0
2162,1,307644,,,0,29378,12583,0,0
2162,1,307645,,,0,29373,12583,0,0
2162,1,307712,,,1,29375,12589,0,0
2162,1,307682,,,1,29380,12588,0,0
2162,1,307713,,,1,29376,12589,0,0
2162,1,307683,,,1,29379,12588,0,0
2162,1,307714,,,1,29374,12589,0,0
2162,1,307681,,,1,29378,12588,0,0
2162,1,307715,,,1,29375,12589,0,0
2162,1,307684,,,1,29377,12588,0,0
2162,1,307716,,,1,29376,12589,0,0
2162,1,307685,,,1,29373,12588,0,0
2162,1,307717,,,1,29374,12589,0,0
2162,1,307686,,,1,29380,12588,0,0
2162,1,307718,,,1,29375,12589,0,0
2162,1,307687,,,1,29379,12588,0,0
2162,1,307719,,,1,29376,12589,0,0
2162,1,307688,,,1,29378,12588,0,0
2162,1,307720,,,1,29374,12589,0,0
2162,1,307689,,,1,29377,12588,0,0
2162,1,307721,,,1,29375,12589,0,0
2162,1,307690,,,1,29373,12588,0,0
2162,1,307722,,,1,29376,12589,0,0
2162,1,307691,,,1,29380,12588,0,0
2162,1,307723,,,1,29374,12589,0,0
2162,1,307692,,,1,29379,12588,0,0
2162,1,307724,,,1,29375,12589,0,0
2162,1,307693,,,1,29378,12588,0,0
2162,1,307725,,,1,29376,12589,0,0
2162,1,307694,,,1,29377,12588,0,0
2162,1,307726,,,1,29374,12589,0,0
2162,1,307695,,,1,29373,12588,0,0
2162,1,307727,,,1,29375,12589,0,0
2162,1,307696,,,1,29380,12588,0,0
2162,1,307728,,,1,29376,12589,0,0
2162,1,307697,,,1,29381,12588,0,0
2162,1,307729,,,1,29374,12589,0,0
2162,1,307698,,,1,29379,12588,0,0
2162,1,307730,,,1,29375,12589,0,0
2162,1,307699,,,1,29378,12588,0,0
2162,1,307731,,,1,29376,12589,0,0
2162,1,307700,,,1,29377,12588,0,0
2162,1,307732,,,1,29382,12589,0,0
2162,1,307701,,,1,29373,12588,0,0
2162,1,307733,,,1,29375,12589,0,0
2162,1,307702,,,1,29380,12588,0,0
2162,1,307734,,,1,29376,12589,0,0
2162,1,307703,,,1,29381,12588,0,0
2162,1,307735,,,1,29382,12589,0,0
2162,1,307704,,,1,29379,12588,0,0
2162,1,307736,,,1,29375,12589,0,0
2162,1,307705,,,1,29378,12588,0,0
2162,1,307706,,,1,29377,12588,0,0
2162,1,307707,,,1,29373,12588,0,0
2162,1,307708,,,1,29381,12587,0,0
2162,1,307709,,,1,29378,12587,0,0
2162,1,307710,,,1,29377,12587,0,0
2162,1,307711,,,1,29373,12587,0,0
2162,1,307680,,,1,29378,12586,0,0
2162,1,307679,,,1,29373,12586,0,0
2162,1,307678,,,1,29378,12586,0,0
2163,1,307864,,,0,29395,12590,0,0
2163,1,307858,,,0,29393,12590,0,0
2163,1,307854,,,0,29394,12590,0,0
2163,1,307863,,,0,29395,12590,0,0
2163,1,307851,,,0,29393,12590,0,0
2163,1,307853,,,0,29394,12590,0,0
2163,1,307849,,,0,29395,12590,0,0
2163,1,307845,,,0,29393,12590,0,0
2163,1,307852,,,0,29394,12590,0,0
2163,1,307844,,,0,29395,12590,0,0
2163,1,307837,,,0,29393,12590,0,0
2163,1,307840,,,0,29394,12590,0,0
2163,1,307843,,,0,29395,12590,0,0
2163,1,307836,,,0,29393,12590,0,0
2163,1,307838,,,0,29394,12590,0,0
2163,1,307862,,,0,29395,12590,0,0
2163,1,307835,,,0,29393,12590,0,0
2163,1,307848,,,0,29394,12590,0,0
2163,1,307861,,,0,29395,12590,0,0
2163,1,307847,,,0,29393,12590,0,0
2163,1,307839,,,0,29394,12590,0,0
2163,1,307860,,,0,29395,12590,0,0
2163,1,307850,,,0,29393,12590,0,0
2163,1,307842,,,0,29394,12590,0,0
2163,1,307846,,,0,29395,12590,0,0
2163,1,307857,,,0,29393,12590,0,0
2163,1,307859,,,0,29394,12590,0,0
2163,1,307856,,,0,29393,12590,0,0
2163,1,307841,,,0,29394,12590,0,0
2163,1,307855,,,0,29393,12590,0,0
2163,1,307879,,,1,29393,12591,0,0
2163,1,307868,,,1,29394,12591,0,0
2163,1,307894,,,1,29395,12591,0,0
2163,1,307878,,,1,29393,12591,0,0
2163,1,307867,,,1,29394,12591,0,0
2163,1,307888,,,1,29395,12591,0,0
2163,1,307877,,,1,29393,12591,0,0
2163,1,307893,,,1,29394,12591,0,0
2163,1,307887,,,1,29395,12591,0,0
2163,1,307876,,,1,29393,12591,0,0
2163,1,307866,,,1,29394,12591,0,0
2163,1,307886,,,1,29395,12591,0,0
2163,1,307875,,,1,29393,12591,0,0
2163,1,307865,,,1,29394,12591,0,0
2163,1,307885,,,1,29395,12591,0,0
2163,1,307874,,,1,29393,12591,0,0
2163,1,307892,,,1,29394,12591,0,0
2163,1,307884,,,1,29395,12591,0,0
2163,1,307873,,,1,29393,12591,0,0
2163,1,307891,,,1,29394,12591,0,0
2163,1,307883,,,1,29395,12591,0,0
2163,1,307872,,,1,29393,12591,0,0
2163,1,307890,,,1,29394,12591,0,0
2163,1,307882,,,1,29395,12591,0,0
2163,1,307871,,,1,29393,12591,0,0
2163,1,307889,,,1,29394,12591,0,0
2163,1,307870,,,1,29393,12591,0,0
2163,1,307881,,,1,29394,12591,0,0
2163,1,307869,,,1,29393,12591,0,0
2163,1,307880,,,1,29394,12591,0,0
2164,1,308005,,,0,29405,12592,0,0
2164,1,308021,,,0,29403,12593,0,0
2164,1,308020,,,0,29406,12596,0,0
2164,1,307996,,,0,29404,12596,0,0
2164,1,307993,,,0,29402,12595,0,0
2164,1,308016,,,0,29405,12595,0,0
2164,1,308004,,,0,29403,12595,0,0
2164,1,308019,,,0,29406,12595,0,0
2164,1,307995,,,0,29404,12595,0,0
2164,1,307992,,,0,29402,12595,0,0
2164,1,308015,,,0,29405,12595,0,0
2164,1,308003,,,0,29403,12595,0,0
2164,1,308009,,,0,29406,12595,0,0
2164,1,308013,,,0,29404,12595,0,0
2164,1,307991,,,0,29402,12595,0,0
2164,1,308014,,,0,29405,12595,0,0
2164,1,308002,,,0,29403,12595,0,0
2164,1,308008,,,0,29406,12595,0,0
2164,1,308012,,,0,29404,12595,0,0
2164,1,308018,,,0,29402,12595,0,0
2164,1,307999,,,0,29405,12595,0,0
2164,1,308001,,,0,29403,12595,0,0
2164,1,308007,,,0,29406,12595,0,0
2164,1,308011,,,0,29404,12595,0,0
2164,1,308017,,,0,29402,12596,0,0
2164,1,307998,,,0,29405,12595,0,0
2164,1,307994,,,0,29403,12595,0,0
2164,1,308006,,,0,29406,12594,0,0
2164,1,308010,,,0,29404,12595,0,0
2164,1,307997,,,0,29405,12595,0,0
2164,1,308000,,,0,29404,12594,0,0
2164,1,308037,,,1,29406,12598,0,0
2164,1,308032,,,1,29404,12600,0,0
2164,1,308039,,,1,29402,12600,0,0
2164,1,308025,,,1,29405,12599,0,0
2164,1,308048,,,1,29403,12599,0,0
2164,1,308038,,,1,29406,12599,0,0
2164,1,308031,,,1,29404,12599,0,0
2164,1,308040,,,1,29402,12599,0,0
2164,1,308024,,,1,29405,12599,0,0
2164,1,308049,,,1,29403,12599,0,0
2164,1,308036,,,1,29406,12599,0,0
2164,1,308030,,,1,29404,12599,0,0
2164,1,308041,,,1,29402,12599,0,0
2164,1,308023,,,1,29405,12599,0,0
2164,1,308050,,,1,29403,12599,0,0
2164,1,308035,,,1,29406,12599,0,0
2164,1,308029,,,1,29404,12599,0,0
2164,1,308042,,,1,29402,12599,0,0
2164,1,308022,,,1,29405,12599,0,0
2164,1,308051,,,1,29403,12599,0,0
2164,1,308034,,,1,29406,12599,0,0
2164,1,308028,,,1,29404,12599,0,0
2164,1,308043,,,1,29402,12599,0,0
2164,1,308046,,,1,29405,12599,0,0
2164,1,308052,,,1,29403,12599,0,0
2164,1,308033,,,1,29406,12599,0,0
2164,1,308027,,,1,29404,12599,0,0
2164,1,308044,,,1,29402,12597,0,0
2164,1,308047,,,1,29405,12599,0,0
2164,1,308026,,,1,29404,12599,0,0
2164,1,308045,,,1,29405,12597,0,0
2165,1,308176,,,0,29423,12603,0,0
2165,1,308178,,,0,29422,12603,0,0
2165,1,308168,,,0,29421,12602,0,0
2165,1,308175,,,0,29420,12602,0,0
2165,1,308174,,,0,29419,12602,0,0
2165,1,308173,,,0,29418,12602,0,0
2165,1,308172,,,0,29417,12602,0,0
2165,1,308171,,,0,29425,12602,0,0
2165,1,308170,,,0,29424,12602,0,0
2165,1,308169,,,0,29423,12602,0,0
2165,1,308167,,,0,29422,12602,0,0
2165,1,308166,,,0,29421,12602,0,0
2165,1,308165,,,0,29420,12602,0,0
2165,1,308164,,,0,29419,12602,0,0
2165,1,308163,,,0,29418,12602,0,0
2165,1,308162,,,0,29417,12602,0,0
2165,1,308161,,,0,29425,12602,0,0
2165,1,308160,,,0,29424,12602,0,0
2165,1,308159,,,0,29423,12602,0,0
2165,1,308158,,,0,29422,12602,0,0
2165,1,308157,,,0,29421,12602,0,0
2165,1,308156,,,0,29420,12602,0,0
2165,1,308155,,,0,29419,12602,0,0
2165,1,308154,,,0,29418,12602,0,0
2165,1,308153,,,0,29417,12602,0,0
2165,1,308182,,,0,29425,12601,0,0
2165,1,308181,,,0,29424,12602,0,0
2165,1,308183,,,0,29423,12601,0,0
2165,1,308177,,,0,29421,12602,0,0
2165,1,308179,,,0,29419,12602,0,0
2165,1,308180,,,0,29417,12601,0,0
2165,1,308211,,,1,29420,12606,0,0
2165,1,308184,,,1,29419,12606,0,0
2165,1,308191,,,1,29418,12604,0,0
2165,1,308198,,,1,29417,12604,0,0
2165,1,308201,,,1,29425,12604,0,0
2165,1,308193,,,1,29424,12604,0,0
2165,1,308204,,,1,29423,12604,0,0
2165,1,308186,,,1,29422,12604,0,0
2165,1,308207,,,1,29421,12604,0,0
2165,1,308210,,,1,29420,12604,0,0
2165,1,308189,,,1,29419,12604,0,0
2165,1,308190,,,1,29418,12604,0,0
2165,1,308214,,,1,29417,12604,0,0
2165,1,308200,,,1,29425,12604,0,0
2165,1,308194,,,1,29424,12604,0,0
2165,1,308203,,,1,29423,12604,0,0
2165,1,308185,,,1,29422,12604,0,0
2165,1,308206,,,1,29421,12604,0,0
2165,1,308209,,,1,29420,12604,0,0
2165,1,308188,,,1,29419,12604,0,0
2165,1,308197,,,1,29418,12604,0,0
2165,1,308213,,,1,29417,12604,0,0
2165,1,308199,,,1,29425,12604,0,0
2165,1,308195,,,1,29424,12604,0,0
2165,1,308202,,,1,29423,12604,0,0
2165,1,308192,,,1,29422,12604,0,0
2165,1,308205,,,1,29421,12604,0,0
2165,1,308208,,,1,29420,12605,0,0
2165,1,308187,,,1,29419,12604,0,0
2165,1,308212,,,1,29417,12604,0,0
2165,1,308196,,,1,29424,12605,0,0
2166,1,308362,,,0,29450,12608,0,0
2166,1,308361,,,0,29443,12608,0,0
2166,1,308342,,,0,29449,12609,0,0
2166,1,308341,,,0,29444,12609,0,0
2166,1,308340,,,0,29448,12611,0,0
2166,1,308339,,,0,29447,12611,0,0
2166,1,308338,,,0,29446,12611,0,0
2166,1,308337,,,0,29442,12611,0,0
2166,1,308336,,,0,29450,12611,0,0
2166,1,308335,,,0,29443,12611,0,0
2166,1,308334,,,0,29449,12611,0,0
2166,1,308333,,,0,29444,12611,0,0
2166,1,308332,,,0,29448,12611,0,0
2166,1,308355,,,0,29447,12611,0,0
2166,1,308356,,,0,29446,12611,0,0
2166,1,308330,,,0,29442,12611,0,0
2166,1,308329,,,0,29445,12611,0,0
2166,1,308328,,,0,29450,12611,0,0
2166,1,308327,,,0,29443,12611,0,0
2166,1,308326,,,0,29449,12611,0,0
2166,1,308325,,,0,29444,12611,0,0
2166,1,308324,,,0,29448,12611,0,0
2166,1,308323,,,0,29447,12611,0,0
2166,1,308322,,,0,29446,12611,0,0
2166,1,308321,,,0,29442,12611,0,0
2166,1,308320,,,0,29445,12611,0,0
2166,1,308331,,,0,29450,12611,0,0
2166,1,308360,,,0,29443,12611,0,0
2166,1,308359,,,0,29449,12611,0,0
2166,1,308354,,,0,29444,12611,0,0
2166,1,308353,,,0,29448,12611,0,0
2166,1,308352,,,0,29447,12611,0,0
2166,1,308351,,,0,29446,12611,0,0
2166,1,308350,,,0,29442,12611,0,0
2166,1,308349,,,0,29445,12611,0,0
2166,1,308348,,,0,29450,12611,0,0
2166,1,308347,,,0,29443,12611,0,0
2166,1,308346,,,0,29449,12611,0,0
2166,1,308345,,,0,29444,12611,0,0
2166,1,308344,,,0,29448,12610,0,0
2166,1,308343,,,0,29447,12610,0,0
2166,1,308358,,,0,29446,12611,0,0
2166,1,308315,,,0,29442,12611,0,0
2166,1,308357,,,0,29443,12611,0,0
2166,1,308319,,,0,29444,12611,0,0
2166,1,308318,,,0,29443,12607,0,0
2166,1,308317,,,0,29444,12607,0,0
2166,1,308383,,,1,29448,12613,0,0
2166,1,308382,,,1,29447,12613,0,0
2166,1,308386,,,1,29446,12613,0,0
2166,1,308387,,,1,29450,12614,0,0
2166,1,308388,,,1,29443,12614,0,0
2166,1,308389,,,1,29449,12614,0,0
2166,1,308390,,,1,29444,12614,0,0
2166,1,308391,,,1,29448,12614,0,0
2166,1,308392,,,1,29447,12614,0,0
2166,1,308393,,,1,29446,12614,0,0
2166,1,308394,,,1,29442,12614,0,0
2166,1,308395,,,1,29450,12614,0,0
2166,1,308396,,,1,29443,12614,0,0
2166,1,308397,,,1,29449,12614,0,0
2166,1,308398,,,1,29444,12614,0,0
2166,1,308399,,,1,29448,12614,0,0
2166,1,308400,,,1,29447,12614,0,0
2166,1,308401,,,1,29446,12614,0,0
2166,1,308402,,,1,29442,12614,0,0
2166,1,308403,,,1,29445,12614,0,0
2166,1,308404,,,1,29450,12614,0,0
2166,1,308405,,,1,29443,12614,0,0
2166,1,308406,,,1,29449,12614,0,0
2166,1,308407,,,1,29444,12614,0,0
2166,1,308376,,,1,29448,12614,0,0
2166,1,308375,,,1,29447,12614,0,0
2166,1,308373,,,1,29446,12614,0,0
2166,1,308372,,,1,29442,12614,0,0
2166,1,308371,,,1,29445,12614,0,0
2166,1,308370,,,1,29450,12614,0,0
2166,1,308369,,,1,29443,12614,0,0
2166,1,308368,,,1,29449,12614,0,0
2166,1,308367,,,1,29444,12614,0,0
2166,1,308366,,,1,29448,12614,0,0
2166,1,308381,,,1,29447,12614,0,0
2166,1,308380,,,1,29446,12614,0,0
2166,1,308379,,,1,29442,12614,0,0
2166,1,308378,,,1,29445,12614,0,0
2166,1,308377,,,1,29443,12614,0,0
2166,1,308384,,,1,29444,12614,0,0
2166,1,308385,,,1,29446,12614,0,0
2166,1,308374,,,1,29443,12612,0,0
2166,1,308365,,,1,29444,12612,0,0
2166,1,308364,,,1,29443,12612,0,0
2167,1,308528,,,0,29468,12619,0,0
2167,1,308523,,,0,29467,12619,0,0
2167,1,308522,,,0,29466,12619,0,0
2167,1,308531,,,0,29461,12618,0,0
2167,1,308529,,,0,29465,12618,0,0
2167,1,308530,,,0,29464,12618,0,0
2167,1,308527,,,0,29462,12618,0,0
2167,1,308532,,,0,29469,12618,0,0
2167,1,308533,,,0,29470,12618,0,0
2167,1,308534,,,0,29468,12618,0,0
2167,1,308535,,,0,29471,12618,0,0
2167,1,308536,,,0,29467,12618,0,0
2167,1,308537,,,0,29463,12618,0,0
2167,1,308538,,,0,29466,12618,0,0
2167,1,308539,,,0,29461,12618,0,0
2167,1,308540,,,0,29465,12618,0,0
2167,1,308571,,,0,29464,12618,0,0
2167,1,308559,,,0,29462,12618,0,0
2167,1,308558,,,0,29469,12618,0,0
2167,1,308557,,,0,29470,12618,0,0
2167,1,308556,,,0,29468,12618,0,0
2167,1,308555,,,0,29471,12618,0,0
2167,1,308554,,,0,29467,12618,0,0
2167,1,308553,,,0,29463,12618,0,0
2167,1,308552,,,0,29466,12618,0,0
2167,1,308551,,,0,29461,12618,0,0
2167,1,308550,,,0,29465,12618,0,0
2167,1,308549,,,0,29464,12618,0,0
2167,1,308548,,,0,29462,12618,0,0
2167,1,308541,,,0,29469,12618,0,0
2167,1,308542,,,0,29470,12618,0,0
2167,1,308543,,,0,29468,12618,0,0
2167,1,308544,,,0,29471,12618,0,0
2167,1,308545,,,0,29467,12618,0,0
2167,1,308546,,,0,29463,12618,0,0
2167,1,308547,,,0,29466,12618,0,0
2167,1,308560,,,0,29461,12618,0,0
2167,1,308521,,,0,29465,12618,0,0
2167,1,308520,,,0,29464,12618,0,0
2167,1,308519,,,0,29462,12618,0,0
2167,1,308561,,,0,29469,12618,0,0
2167,1,308570,,,0,29470,12618,0,0
2167,1,308569,,,0,29468,12618,0,0
2167,1,308568,,,0,29471,12618,0,0
2167,1,308567,,,0,29467,12618,0,0
2167,1,308566,,,0,29463,12618,0,0
2167,1,308565,,,0,29466,12618,0,0
2167,1,308564,,,0,29461,12618,0,0
2167,1,308563,,,0,29465,12618,0,0
2167,1,308562,,,0,29464,12618,0,0
2167,1,308518,,,0,29462,12618,0,0
2167,1,308572,,,0,29468,12618,0,0
2167,1,308517,,,0,29463,12618,0,0
2167,1,308525,,,0,29461,12618,0,0
2167,1,308526,,,0,29462,12618,0,0
2167,1,308524,,,0,29468,12618,0,0
2167,1,308516,,,0,29461,12616,0,0
2167,1,308515,,,0,29462,12616,0,0
2167,1,308514,,,0,29461,12616,0,0
2167,1,308577,,,1,29462,12623,0,0
2167,1,308588,,,1,29468,12622,0,0
2167,1,308589,,,1,29471,12622,0,0
2167,1,308590,,,1,29467,12622,0,0
2167,1,308591,,,1,29463,12622,0,0
2167,1,308592,,,1,29466,12622,0,0
2167,1,308593,,,1,29461,12622,0,0
2167,1,308594,,,1,29465,12622,0,0
2167,1,308595,,,1,29464,12622,0,0
2167,1,308596,,,1,29462,12622,0,0
2167,1,308597,,,1,29469,12622,0,0
2167,1,308598,,,1,29470,12622,0,0
2167,1,308599,,,1,29468,12622,0,0
2167,1,308600,,,1,29471,12622,0,0
2167,1,308601,,,1,29467,12622,0,0
2167,1,308584,,,1,29463,12622,0,0
2167,1,308585,,,1,29466,12622,0,0
2167,1,308586,,,1,29461,12622,0,0
2167,1,308610,,,1,29465,12622,0,0
2167,1,308615,,,1,29464,12622,0,0
2167,1,308587,,,1,29462,12622,0,0
2167,1,308616,,,1,29469,12622,0,0
2167,1,308617,,,1,29470,12622,0,0
2167,1,308618,,,1,29468,12622,0,0
2167,1,308619,,,1,29471,12622,0,0
2167,1,308620,,,1,29467,12622,0,0
2167,1,308621,,,1,29463,12622,0,0
2167,1,308622,,,1,29466,12622,0,0
2167,1,308623,,,1,29461,12622,0,0
2167,1,308624,,,1,29465,12622,0,0
2167,1,308625,,,1,29464,12622,0,0
2167,1,308626,,,1,29462,12622,0,0
2167,1,308627,,,1,29469,12622,0,0
2167,1,308628,,,1,29470,12622,0,0
2167,1,308629,,,1,29468,12622,0,0
2167,1,308630,,,1,29471,12622,0,0
2167,1,308631,,,1,29467,12622,0,0
2167,1,308632,,,1,29463,12622,0,0
2167,1,308633,,,1,29466,12622,0,0
2167,1,308602,,,1,29461,12622,0,0
2167,1,308603,,,1,29465,12622,0,0
2167,1,308604,,,1,29464,12622,0,0
2167,1,308605,,,1,29462,12622,0,0
2167,1,308606,,,1,29469,12622,0,0
2167,1,308607,,,1,29470,12622,0,0
2167,1,308608,,,1,29468,12622,0,0
2167,1,308609,,,1,29471,12622,0,0
2167,1,308578,,,1,29467,12622,0,0
2167,1,308580,,,1,29463,12622,0,0
2167,1,308611,,,1,29466,12622,0,0
2167,1,308579,,,1,29461,12622,0,0
2167,1,308612,,,1,29465,12622,0,0
2167,1,308581,,,1,29464,12622,0,0
2167,1,308614,,,1,29462,12622,0,0
2167,1,308613,,,1,29468,12622,0,0
2167,1,308582,,,1,29463,12622,0,0
2167,1,308583,,,1,29461,12622,0,0
2167,1,308573,,,1,29462,12621,0,0
2167,1,308576,,,1,29462,12620,0,0
2167,1,308575,,,1,29461,12620,0,0
2167,1,308574,,,1,29462,12620,0,0
2168,1,308742,,,0,29486,12626,0,0
2168,1,308744,,,0,29485,12626,0,0
2168,1,308737,,,0,29483,12625,0,0
2168,1,308759,,,0,29484,12625,0,0
2168,1,308751,,,0,29482,12625,0,0
2168,1,308741,,,0,29486,12625,0,0
2168,1,308748,,,0,29485,12625,0,0
2168,1,308761,,,0,29483,12625,0,0
2168,1,308743,,,0,29484,12625,0,0
2168,1,308762,,,0,29482,12625,0,0
2168,1,308752,,,0,29486,12625,0,0
2168,1,308740,,,0,29485,12625,0,0
2168,1,308754,,,0,29483,12625,0,0
2168,1,308764,,,0,29484,12625,0,0
2168,1,308736,,,0,29482,12625,0,0
2168,1,308763,,,0,29486,12625,0,0
2168,1,308747,,,0,29485,12625,0,0
2168,1,308739,,,0,29483,12625,0,0
2168,1,308755,,,0,29484,12625,0,0
2168,1,308765,,,0,29482,12625,0,0
2168,1,308753,,,0,29486,12625,0,0
2168,1,308750,,,0,29485,12625,0,0
2168,1,308746,,,0,29483,12625,0,0
2168,1,308738,,,0,29484,12625,0,0
2168,1,308756,,,0,29482,12625,0,0
2168,1,308745,,,0,29486,12625,0,0
2168,1,308749,,,0,29485,12625,0,0
2168,1,308757,,,0,29484,12625,0,0
2168,1,308760,,,0,29486,12625,0,0
2168,1,308758,,,0,29442,12625,0,0
2168,1,308735,,,0,29442,12624,0,0
2168,1,308734,,,0,29442,12624,0,0
2168,1,308798,,,1,29484,12629,0,0
2168,1,308779,,,1,29482,12628,0,0
2168,1,308778,,,1,29486,12628,0,0
2168,1,308777,,,1,29485,12628,0,0
2168,1,308776,,,1,29483,12628,0,0
2168,1,308775,,,1,29484,12628,0,0
2168,1,308774,,,1,29482,12628,0,0
2168,1,308773,,,1,29486,12628,0,0
2168,1,308772,,,1,29485,12628,0,0
2168,1,308771,,,1,29483,12628,0,0
2168,1,308770,,,1,29484,12628,0,0
2168,1,308797,,,1,29482,12628,0,0
2168,1,308796,,,1,29486,12628,0,0
2168,1,308795,,,1,29485,12628,0,0
2168,1,308794,,,1,29483,12628,0,0
2168,1,308793,,,1,29484,12628,0,0
2168,1,308792,,,1,29482,12628,0,0
2168,1,308791,,,1,29486,12628,0,0
2168,1,308790,,,1,29485,12628,0,0
2168,1,308789,,,1,29483,12628,0,0
2168,1,308788,,,1,29484,12628,0,0
2168,1,308787,,,1,29482,12628,0,0
2168,1,308786,,,1,29486,12628,0,0
2168,1,308785,,,1,29485,12628,0,0
2168,1,308784,,,1,29483,12628,0,0
2168,1,308783,,,1,29484,12628,0,0
2168,1,308782,,,1,29482,12628,0,0
2168,1,308781,,,1,29486,12628,0,0
2168,1,308780,,,1,29485,12628,0,0
2168,1,308799,,,1,29484,12628,0,0
2168,1,308766,,,1,29486,12628,0,0
2168,1,308769,,,1,29442,12627,0,0
2168,1,308768,,,1,29442,12627,0,0
2168,1,308767,,,1,29442,12627,0,0
2169,1,308928,,,0,29497,12630,0,0
2169,1,308915,,,0,29498,12630,0,0
2169,1,308927,,,0,29497,12630,0,0
2169,1,308914,,,0,29498,12630,0,0
2169,1,308902,,,0,29497,12630,0,0
2169,1,308909,,,0,29498,12630,0,0
2169,1,308924,,,0,29497,12630,0,0
2169,1,308908,,,0,29498,12630,0,0
2169,1,308923,,,0,29497,12630,0,0
2169,1,308926,,,0,29498,12630,0,0
2169,1,308922,,,0,29497,12630,0,0
2169,1,308925,,,0,29498,12630,0,0
2169,1,308921,,,0,29497,12630,0,0
2169,1,308910,,,0,29498,12630,0,0
2169,1,308912,,,0,29497,12630,0,0
2169,1,308903,,,0,29498,12630,0,0
2169,1,308905,,,0,29497,12630,0,0
2169,1,308920,,,0,29498,12630,0,0
2169,1,308904,,,0,29497,12630,0,0
2169,1,308913,,,0,29498,12630,0,0
2169,1,308918,,,0,29497,12630,0,0
2169,1,308907,,,0,29498,12630,0,0
2169,1,308917,,,0,29497,12630,0,0
2169,1,308906,,,0,29498,12630,0,0
2169,1,308919,,,0,29497,12630,0,0
2169,1,308911,,,0,29498,12630,0,0
2169,1,308916,,,0,29497,12630,0,0
2169,1,308936,,,1,29498,12631,0,0
2169,1,308955,,,1,29497,12631,0,0
2169,1,308935,,,1,29498,12631,0,0
2169,1,308954,,,1,29497,12631,0,0
2169,1,308950,,,1,29498,12631,0,0
2169,1,308948,,,1,29497,12631,0,0
2169,1,308949,,,1,29498,12631,0,0
2169,1,308947,,,1,29497,12631,0,0
2169,1,308934,,,1,29498,12631,0,0
2169,1,308946,,,1,29497,12631,0,0
2169,1,308933,,,1,29498,12631,0,0
2169,1,308945,,,1,29497,12631,0,0
2169,1,308932,,,1,29498,12631,0,0
2169,1,308944,,,1,29497,12631,0,0
2169,1,308931,,,1,29498,12631,0,0
2169,1,308943,,,1,29497,12631,0,0
2169,1,308930,,,1,29498,12631,0,0
2169,1,308942,,,1,29497,12631,0,0
2169,1,308929,,,1,29498,12631,0,0
2169,1,308941,,,1,29497,12631,0,0
2169,1,308953,,,1,29498,12631,0,0
2169,1,308940,,,1,29497,12631,0,0
2169,1,308952,,,1,29498,12631,0,0
2169,1,308939,,,1,29497,12631,0,0
2169,1,308951,,,1,29498,12631,0,0
2169,1,308938,,,1,29497,12631,0,0
2169,1,308937,,,1,29497,12631,0,0
2170,1,309020,,,0,29505,12632,0,0
2170,1,309008,,,0,29503,12632,0,0
2170,1,309044,,,0,29501,12632,0,0
2170,1,309038,,,0,29507,12633,0,0
2170,1,309034,,,0,29508,12633,0,0
2170,1,309007,,,0,29506,12633,0,0
2170,1,309005,,,0,29504,12633,0,0
2170,1,309003,,,0,29502,12633,0,0
2170,1,309006,,,0,29505,12633,0,0
2170,1,309004,,,0,29503,12633,0,0
2170,1,309002,,,0,29501,12633,0,0
2170,1,309025,,,0,29507,12633,0,0
2170,1,309042,,,0,29508,12633,0,0
2170,1,309041,,,0,29506,12633,0,0
2170,1,309040,,,0,29504,12633,0,0
2170,1,309012,,,0,29502,12633,0,0
2170,1,309013,,,0,29505,12633,0,0
2170,1,309014,,,0,29503,12633,0,0
2170,1,309015,,,0,29501,12633,0,0
2170,1,309016,,,0,29507,12633,0,0
2170,1,309017,,,0,29508,12633,0,0
2170,1,309018,,,0,29506,12633,0,0
2170,1,309019,,,0,29504,12633,0,0
2170,1,309009,,,0,29502,12633,0,0
2170,1,309033,,,0,29505,12633,0,0
2170,1,309032,,,0,29503,12633,0,0
2170,1,309031,,,0,29501,12633,0,0
2170,1,309030,,,0,29507,12633,0,0
2170,1,309029,,,0,29508,12633,0,0
2170,1,309028,,,0,29506,12633,0,0
2170,1,309027,,,0,29504,12633,0,0
2170,1,309026,,,0,29502,12633,0,0
2170,1,309021,,,0,29505,12633,0,0
2170,1,309022,,,0,29503,12633,0,0
2170,1,309043,,,0,29501,12633,0,0
2170,1,309039,,,0,29507,12633,0,0
2170,1,309023,,,0,29508,12633,0,0
2170,1,309035,,,0,29506,12633,0,0
2170,1,309024,,,0,29502,12633,0,0
2170,1,309037,,,0,29503,12633,0,0
2170,1,309011,,,0,29507,12633,0,0
2170,1,309036,,,0,29506,12633,0,0
2170,1,309010,,,0,29503,12633,0,0
2170,1,309086,,,1,29506,12636,0,0
2170,1,309082,,,1,29504,12636,0,0
2170,1,309085,,,1,29505,12634,0,0
2170,1,309076,,,1,29503,12634,0,0
2170,1,309065,,,1,29501,12634,0,0
2170,1,309079,,,1,29507,12634,0,0
2170,1,309078,,,1,29508,12634,0,0
2170,1,309067,,,1,29506,12634,0,0
2170,1,309077,,,1,29504,12634,0,0
2170,1,309066,,,1,29502,12634,0,0
2170,1,309084,,,1,29505,12634,0,0
2170,1,309081,,,1,29503,12634,0,0
2170,1,309080,,,1,29501,12634,0,0
2170,1,309075,,,1,29507,12634,0,0
2170,1,309074,,,1,29508,12634,0,0
2170,1,309073,,,1,29506,12634,0,0
2170,1,309072,,,1,29504,12634,0,0
2170,1,309071,,,1,29502,12634,0,0
2170,1,309070,,,1,29505,12634,0,0
2170,1,309069,,,1,29503,12634,0,0
2170,1,309045,,,1,29501,12634,0,0
2170,1,309046,,,1,29507,12634,0,0
2170,1,309047,,,1,29508,12634,0,0
2170,1,309048,,,1,29506,12634,0,0
2170,1,309049,,,1,29504,12634,0,0
2170,1,309050,,,1,29502,12634,0,0
2170,1,309051,,,1,29505,12634,0,0
2170,1,309052,,,1,29503,12634,0,0
2170,1,309053,,,1,29501,12634,0,0
2170,1,309054,,,1,29507,12634,0,0
2170,1,309055,,,1,29508,12634,0,0
2170,1,309056,,,1,29506,12634,0,0
2170,1,309057,,,1,29504,12634,0,0
2170,1,309058,,,1,29502,12634,0,0
2170,1,309059,,,1,29505,12634,0,0
2170,1,309060,,,1,29503,12634,0,0
2170,1,309061,,,1,29501,12634,0,0
2170,1,309062,,,1,29507,12634,0,0
2170,1,309063,,,1,29508,12635,0,0
2170,1,309083,,,1,29506,12634,0,0
2170,1,309068,,,1,29503,12634,0,0
2170,1,309087,,,1,29507,12634,0,0
2170,1,309064,,,1,29506,12635,0,0
2171,1,309217,,,0,29519,12637,0,0
2171,1,309194,,,0,29520,12637,0,0
2171,1,309210,,,0,29521,12637,0,0
2171,1,309216,,,0,29519,12637,0,0
2171,1,309195,,,0,29520,12637,0,0
2171,1,309212,,,0,29521,12637,0,0
2171,1,309193,,,0,29519,12637,0,0
2171,1,309196,,,0,29520,12637,0,0
2171,1,309211,,,0,29521,12637,0,0
2171,1,309190,,,0,29519,12637,0,0
2171,1,309207,,,0,29520,12637,0,0
2171,1,309209,,,0,29521,12637,0,0
2171,1,309191,,,0,29519,12637,0,0
2171,1,309189,,,0,29520,12637,0,0
2171,1,309208,,,0,29521,12637,0,0
2171,1,309203,,,0,29519,12637,0,0
2171,1,309192,,,0,29520,12637,0,0
2171,1,309199,,,0,29521,12637,0,0
2171,1,309204,,,0,29519,12637,0,0
2171,1,309197,,,0,29520,12637,0,0
2171,1,309214,,,0,29521,12637,0,0
2171,1,309205,,,0,29519,12637,0,0
2171,1,309200,,,0,29520,12637,0,0
2171,1,309213,,,0,29521,12637,0,0
2171,1,309206,,,0,29519,12637,0,0
2171,1,309201,,,0,29520,12637,0,0
2171,1,309188,,,0,29519,12637,0,0
2171,1,309202,,,0,29520,12637,0,0
2171,1,309215,,,0,29519,12637,0,0
2171,1,309198,,,0,29520,12637,0,0
2171,1,309224,,,1,29521,12638,0,0
2171,1,309247,,,1,29519,12638,0,0
2171,1,309243,,,1,29520,12638,0,0
2171,1,309223,,,1,29521,12638,0,0
2171,1,309246,,,1,29519,12638,0,0
2171,1,309242,,,1,29520,12638,0,0
2171,1,309222,,,1,29521,12638,0,0
2171,1,309233,,,1,29519,12638,0,0
2171,1,309241,,,1,29520,12638,0,0
2171,1,309221,,,1,29521,12638,0,0
2171,1,309232,,,1,29519,12638,0,0
2171,1,309240,,,1,29520,12638,0,0
2171,1,309220,,,1,29521,12638,0,0
2171,1,309231,,,1,29519,12638,0,0
2171,1,309239,,,1,29520,12638,0,0
2171,1,309219,,,1,29521,12638,0,0
2171,1,309230,,,1,29519,12638,0,0
2171,1,309238,,,1,29520,12638,0,0
2171,1,309218,,,1,29521,12638,0,0
2171,1,309229,,,1,29519,12638,0,0
2171,1,309237,,,1,29520,12638,0,0
2171,1,309245,,,1,29521,12638,0,0
2171,1,309228,,,1,29519,12638,0,0
2171,1,309236,,,1,29520,12638,0,0
2171,1,309244,,,1,29521,12638,0,0
2171,1,309227,,,1,29519,12638,0,0
2171,1,309235,,,1,29520,12638,0,0
2171,1,309226,,,1,29519,12638,0,0
2171,1,309234,,,1,29520,12638,0,0
2171,1,309225,,,1,29519,12638,0,0
2172,1,309317,,,0,29527,12641,0,0
2172,1,309367,,,0,29534,12642,0,0
2172,1,309321,,,0,29526,12641,0,0
2172,1,309345,,,0,29532,12642,0,0
2172,1,309322,,,0,29529,12641,0,0
2172,1,309346,,,0,29533,12642,0,0
2172,1,309323,,,0,29528,12641,0,0
2172,1,309368,,,0,29534,12642,0,0
2172,1,309324,,,0,29531,12641,0,0
2172,1,309347,,,0,29532,12642,0,0
2172,1,309325,,,0,29530,12641,0,0
2172,1,309348,,,0,29533,12642,0,0
2172,1,309326,,,0,29527,12641,0,0
2172,1,309349,,,0,29534,12642,0,0
2172,1,309327,,,0,29526,12641,0,0
2172,1,309350,,,0,29532,12642,0,0
2172,1,309328,,,0,29529,12641,0,0
2172,1,309351,,,0,29533,12642,0,0
2172,1,309329,,,0,29528,12641,0,0
2172,1,309352,,,0,29534,12642,0,0
2172,1,309330,,,0,29531,12641,0,0
2172,1,309353,,,0,29532,12642,0,0
2172,1,309331,,,0,29530,12641,0,0
2172,1,309354,,,0,29533,12642,0,0
2172,1,309332,,,0,29527,12641,0,0
2172,1,309355,,,0,29534,12642,0,0
2172,1,309333,,,0,29526,12641,0,0
2172,1,309356,,,0,29532,12642,0,0
2172,1,309334,,,0,29529,12641,0,0
2172,1,309357,,,0,29533,12642,0,0
2172,1,309335,,,0,29528,12641,0,0
2172,1,309358,,,0,29534,12642,0,0
2172,1,309336,,,0,29531,12641,0,0
2172,1,309359,,,0,29532,12642,0,0
2172,1,309337,,,0,29530,12641,0,0
2172,1,309360,,,0,29533,12642,0,0
2172,1,309338,,,0,29527,12641,0,0
2172,1,309361,,,0,29534,12642,0,0
2172,1,309339,,,0,29526,12641,0,0
2172,1,309362,,,0,29532,12642,0,0
2172,1,309340,,,0,29529,12641,0,0
2172,1,309363,,,0,29533,12642,0,0
2172,1,309341,,,0,29528,12641,0,0
2172,1,309364,,,0,29534,12642,0,0
2172,1,309342,,,0,29531,12641,0,0
2172,1,309365,,,0,29532,12640,0,0
2172,1,309343,,,0,29530,12641,0,0
2172,1,309366,,,0,29533,12640,0,0
2172,1,309344,,,0,29527,12641,0,0
2172,1,309316,,,0,29526,12641,0,0
2172,1,309319,,,0,29529,12641,0,0
2172,1,309318,,,0,29528,12641,0,0
2172,1,309320,,,0,29530,12641,0,0
2172,1,309313,,,0,29526,12641,0,0
2172,1,309315,,,0,29421,12639,0,0
2172,1,309314,,,0,29421,12639,0,0
2172,1,309312,,,0,29421,12639,0,0
2172,1,309369,,,1,29528,12644,0,0
2172,1,309402,,,1,29532,12645,0,0
2172,1,309375,,,1,29531,12644,0,0
2172,1,309425,,,1,29533,12645,0,0
2172,1,309379,,,1,29530,12644,0,0
2172,1,309403,,,1,29534,12645,0,0
2172,1,309380,,,1,29527,12644,0,0
2172,1,309404,,,1,29532,12645,0,0
2172,1,309381,,,1,29526,12644,0,0
2172,1,309405,,,1,29533,12645,0,0
2172,1,309382,,,1,29529,12644,0,0
2172,1,309406,,,1,29534,12645,0,0
2172,1,309383,,,1,29528,12644,0,0
2172,1,309407,,,1,29532,12645,0,0
2172,1,309384,,,1,29531,12644,0,0
2172,1,309408,,,1,29533,12645,0,0
2172,1,309385,,,1,29530,12644,0,0
2172,1,309409,,,1,29534,12645,0,0
2172,1,309386,,,1,29527,12644,0,0
2172,1,309410,,,1,29532,12645,0,0
2172,1,309387,,,1,29526,12644,0,0
2172,1,309411,,,1,29533,12645,0,0
2172,1,309388,,,1,29529,12644,0,0
2172,1,309412,,,1,29534,12645,0,0
2172,1,309389,,,1,29528,12644,0,0
2172,1,309413,,,1,29532,12645,0,0
2172,1,309390,,,1,29531,12644,0,0
2172,1,309414,,,1,29533,12645,0,0
2172,1,309391,,,1,29530,12644,0,0
2172,1,309415,,,1,29534,12645,0,0
2172,1,309392,,,1,29527,12644,0,0
2172,1,309416,,,1,29532,12645,0,0
2172,1,309393,,,1,29526,12644,0,0
2172,1,309417,,,1,29533,12645,0,0
2172,1,309394,,,1,29529,12644,0,0
2172,1,309418,,,1,29534,12645,0,0
2172,1,309395,,,1,29528,12644,0,0
2172,1,309419,,,1,29532,12645,0,0
2172,1,309396,,,1,29531,12644,0,0
2172,1,309420,,,1,29533,12645,0,0
2172,1,309397,,,1,29530,12644,0,0
2172,1,309421,,,1,29534,12645,0,0
2172,1,309398,,,1,29527,12644,0,0
2172,1,309422,,,1,29532,12645,0,0
2172,1,309399,,,1,29526,12644,0,0
2172,1,309423,,,1,29533,12645,0,0
2172,1,309400,,,1,29529,12644,0,0
2172,1,309424,,,1,29534,12645,0,0
2172,1,309401,,,1,29528,12644,0,0
2172,1,309374,,,1,29531,12644,0,0
2172,1,309378,,,1,29530,12644,0,0
2172,1,309377,,,1,29526,12644,0,0
2172,1,309376,,,1,29528,12644,0,0
2172,1,309371,,,1,29530,12644,0,0
2172,1,309373,,,1,29421,12643,0,0
2172,1,309372,,,1,29421,12643,0,0
2173,1,309522,,,0,29423,12646,0,0
2173,1,309523,,,0,29422,12646,0,0
2173,1,309524,,,0,29421,12646,0,0
2173,1,309525,,,0,29420,12646,0,0
2173,1,309526,,,0,29419,12646,0,0
2173,1,309527,,,0,29418,12646,0,0
2173,1,309528,,,0,29417,12646,0,0
2173,1,309529,,,0,29425,12646,0,0
2173,1,309530,,,0,29424,12646,0,0
2173,1,309531,,,0,29423,12646,0,0
2173,1,309532,,,0,29422,12646,0,0
2173,1,309533,,,0,29421,12646,0,0
2173,1,309534,,,0,29420,12646,0,0
2173,1,309535,,,0,29419,12646,0,0
2173,1,309536,,,0,29418,12646,0,0
2173,1,309537,,,0,29417,12646,0,0
2173,1,309538,,,0,29425,12646,0,0
2173,1,309539,,,0,29424,12646,0,0
2173,1,309540,,,0,29423,12646,0,0
2173,1,309541,,,0,29422,12646,0,0
2173,1,309542,,,0,29421,12646,0,0
2173,1,309543,,,0,29420,12646,0,0
2173,1,309544,,,0,29419,12646,0,0
2173,1,309545,,,0,29418,12646,0,0
2173,1,309546,,,0,29417,12646,0,0
2173,1,309547,,,0,29424,12646,0,0
2173,1,309548,,,0,29421,12646,0,0
2173,1,309549,,,1,29418,12647,0,0
2173,1,309550,,,1,29417,12647,0,0
2173,1,309551,,,1,29425,12647,0,0
2173,1,309552,,,1,29424,12647,0,0
2173,1,309553,,,1,29423,12647,0,0
2173,1,309554,,,1,29422,12647,0,0
2173,1,309555,,,1,29421,12647,0,0
2173,1,309556,,,1,29420,12647,0,0
2173,1,309557,,,1,29419,12647,0,0
2173,1,309558,,,1,29418,12647,0,0
2173,1,309559,,,1,29417,12647,0,0
2173,1,309560,,,1,29425,12647,0,0
2173,1,309561,,,1,29424,12647,0,0
2173,1,309562,,,1,29423,12647,0,0
2173,1,309563,,,1,29422,12647,0,0
2173,1,309564,,,1,29421,12647,0,0
2173,1,309565,,,1,29420,12647,0,0
2173,1,309566,,,1,29419,12647,0,0
2173,1,309567,,,1,29418,12647,0,0
2173,1,309568,,,1,29417,12647,0,0
2173,1,309569,,,1,29425,12647,0,0
2173,1,309570,,,1,29424,12647,0,0
2173,1,309571,,,1,29423,12647,0,0
2173,1,309572,,,1,29422,12647,0,0
2173,1,309573,,,1,29421,12647,0,0
2173,1,309574,,,1,29420,12647,0,0
2173,1,309575,,,1,29419,12647,0,0
2173,1,309576,,,1,29417,12647,0,0
2173,1,309577,,,1,29424,12647,0,0
2173,1,309578,,,1,29421,12647,0,0
2174,1,309700,,,0,29547,12649,0,0
2174,1,309674,,,0,29548,12649,0,0
2174,1,309681,,,0,29551,12649,0,0
2174,1,309697,,,0,29552,12649,0,0
2174,1,309679,,,0,29549,12649,0,0
2174,1,309699,,,0,29547,12649,0,0
2174,1,309687,,,0,29548,12649,0,0
2174,1,309693,,,0,29550,12649,0,0
2174,1,309677,,,0,29551,12649,0,0
2174,1,309696,,,0,29552,12649,0,0
2174,1,309698,,,0,29549,12649,0,0
2174,1,309690,,,0,29547,12649,0,0
2174,1,309686,,,0,29548,12649,0,0
2174,1,309692,,,0,29550,12649,0,0
2174,1,309678,,,0,29551,12649,0,0
2174,1,309682,,,0,29552,12649,0,0
2174,1,309675,,,0,29549,12649,0,0
2174,1,309671,,,0,29547,12649,0,0
2174,1,309691,,,0,29548,12649,0,0
2174,1,309676,,,0,29550,12649,0,0
2174,1,309684,,,0,29551,12649,0,0
2174,1,309683,,,0,29552,12649,0,0
2174,1,309680,,,0,29549,12649,0,0
2174,1,309689,,,0,29547,12649,0,0
2174,1,309672,,,0,29548,12649,0,0
2174,1,309695,,,0,29550,12648,0,0
2174,1,309685,,,0,29551,12649,0,0
2174,1,309688,,,0,29547,12649,0,0
2174,1,309673,,,0,29548,12649,0,0
2174,1,309694,,,0,29551,12648,0,0
2174,1,309705,,,1,29548,12652,0,0
2174,1,309725,,,1,29551,12652,0,0
2174,1,309706,,,1,29552,12651,0,0
2174,1,309714,,,1,29549,12651,0,0
2174,1,309728,,,1,29547,12651,0,0
2174,1,309709,,,1,29548,12651,0,0
2174,1,309724,,,1,29551,12651,0,0
2174,1,309707,,,1,29552,12651,0,0
2174,1,309715,,,1,29549,12651,0,0
2174,1,309730,,,1,29547,12651,0,0
2174,1,309710,,,1,29548,12651,0,0
2174,1,309719,,,1,29550,12651,0,0
2174,1,309723,,,1,29551,12651,0,0
2174,1,309708,,,1,29552,12651,0,0
2174,1,309716,,,1,29549,12651,0,0
2174,1,309701,,,1,29547,12651,0,0
2174,1,309711,,,1,29548,12651,0,0
2174,1,309718,,,1,29550,12651,0,0
2174,1,309722,,,1,29551,12651,0,0
2174,1,309729,,,1,29552,12651,0,0
2174,1,309727,,,1,29549,12651,0,0
2174,1,309702,,,1,29547,12651,0,0
2174,1,309712,,,1,29548,12651,0,0
2174,1,309717,,,1,29550,12651,0,0
2174,1,309721,,,1,29551,12651,0,0
2174,1,309704,,,1,29552,12651,0,0
2174,1,309726,,,1,29547,12651,0,0
2174,1,309713,,,1,29548,12651,0,0
2174,1,309720,,,1,29551,12651,0,0
2174,1,309703,,,1,29547,12650,0,0
2175,1,309826,,,0,29564,12653,0,0
2175,1,309836,,,0,29563,12653,0,0
2175,1,309831,,,0,29565,12653,0,0
2175,1,309827,,,0,29564,12653,0,0
2175,1,309835,,,0,29563,12653,0,0
2175,1,309832,,,0,29565,12653,0,0
2175,1,309828,,,0,29564,12653,0,0
2175,1,309823,,,0,29563,12653,0,0
2175,1,309833,,,0,29565,12653,0,0
2175,1,309829,,,0,29564,12653,0,0
2175,1,309824,,,0,29563,12653,0,0
2175,1,309834,,,0,29565,12653,0,0
2175,1,309830,,,0,29564,12653,0,0
2175,1,309825,,,0,29563,12653,0,0
2175,1,309851,,,1,29563,12654,0,0
2175,1,309841,,,1,29565,12655,0,0
2175,1,309846,,,1,29564,12655,0,0
2175,1,309850,,,1,29563,12655,0,0
2175,1,309840,,,1,29565,12655,0,0
2175,1,309845,,,1,29564,12655,0,0
2175,1,309849,,,1,29563,12655,0,0
2175,1,309839,,,1,29565,12655,0,0
2175,1,309844,,,1,29564,12655,0,0
2175,1,309848,,,1,29563,12655,0,0
2175,1,309838,,,1,29565,12655,0,0
2175,1,309843,,,1,29564,12655,0,0
2175,1,309847,,,1,29563,12655,0,0
2175,1,309837,,,1,29565,12655,0,0
2175,1,309842,,,1,29564,12655,0,0
2176,1,309895,,,0,29572,12657,0,0
2176,1,309894,,,0,29572,12657,0,0
2176,1,309893,,,0,29572,12657,0,0
2176,1,309892,,,0,29572,12657,0,0
2176,1,309891,,,0,29572,12657,0,0
2176,1,309890,,,0,29572,12657,0,0
2176,1,309889,,,0,29572,12657,0,0
2176,1,309888,,,0,29572,12657,0,0
2176,1,309887,,,0,29572,12657,0,0
2176,1,309886,,,0,29572,12657,0,0
2176,1,309885,,,0,29572,12657,0,0
2176,1,309884,,,0,29572,12657,0,0
2176,1,309908,,,1,29572,12658,0,0
2176,1,309907,,,1,29572,12660,0,0
2176,1,309906,,,1,29572,12660,0,0
2176,1,309905,,,1,29572,12660,0,0
2176,1,309904,,,1,29572,12660,0,0
2176,1,309903,,,1,29572,12660,0,0
2176,1,309902,,,1,29572,12660,0,0
2176,1,309901,,,1,29572,12660,0,0
2176,1,309900,,,1,29572,12660,0,0
2176,1,309899,,,1,29572,12660,0,0
2176,1,309898,,,1,29572,12660,0,0
2176,1,309897,,,1,29572,12660,0,0
2176,1,309896,,,1,29572,12659,0,0
2162,4,307760,,,0,29384,12584,0,0
2162,4,307759,,,0,29387,12582,0,0
2162,4,307758,,,0,29386,12582,0,0
2162,4,307749,,,0,29385,12582,0,0
2162,4,307748,,,0,29384,12582,0,0
2162,4,307747,,,0,29383,12582,0,0
2162,4,307746,,,0,29387,12582,0,0
2162,4,307745,,,0,29386,12582,0,0
2162,4,307744,,,0,29385,12582,0,0
2162,4,307743,,,0,29384,12582,0,0
2162,4,307742,,,0,29383,12582,0,0
2162,4,307741,,,0,29387,12582,0,0
2162,4,307740,,,0,29386,12582,0,0
2162,4,307739,,,0,29385,12582,0,0
2162,4,307738,,,0,29384,12582,0,0
2162,4,307737,,,0,29383,12582,0,0
2162,4,307757,,,0,29387,12584,0,0
2162,4,307756,,,0,29386,12584,0,0
2162,4,307755,,,0,29385,12584,0,0
2162,4,307754,,,0,29384,12584,0,0
2162,4,307753,,,0,29383,12584,0,0
2162,4,307752,,,0,29386,12584,0,0
2162,4,307751,,,0,29385,12584,0,0
2162,4,307750,,,0,29384,12584,0,0
2162,4,307785,,,1,29386,12587,0,0
2162,4,307784,,,1,29385,12587,0,0
2162,4,307783,,,1,29384,12587,0,0
2162,4,307782,,,1,29383,12587,0,0
2162,4,307779,,,1,29387,12588,0,0
2162,4,307781,,,1,29386,12588,0,0
2162,4,307778,,,1,29385,12588,0,0
2162,4,307777,,,1,29384,12588,0,0
2162,4,307776,,,1,29383,12588,0,0
2162,4,307775,,,1,29387,12588,0,0
2162,4,307774,,,1,29386,12588,0,0
2162,4,307773,,,1,29385,12588,0,0
2162,4,307772,,,1,29384,12588,0,0
2162,4,307771,,,1,29383,12588,0,0
2162,4,307770,,,1,29387,12588,0,0
2162,4,307769,,,1,29386,12588,0,0
2162,4,307768,,,1,29385,12588,0,0
2162,4,307767,,,1,29384,12588,0,0
2162,4,307766,,,1,29383,12588,0,0
2162,4,307780,,,1,29386,12587,0,0
2162,4,307765,,,1,29385,12587,0,0
2162,4,307764,,,1,29384,12587,0,0
2162,4,307763,,,1,29383,12587,0,0
2162,4,307762,,,1,29386,12587,0,0
2162,4,307761,,,1,29385,12587,0,0
2163,4,307918,,,0,29398,12590,0,0
2163,4,307917,,,0,29397,12590,0,0
2163,4,307916,,,0,29396,12590,0,0
2163,4,307915,,,0,29398,12590,0,0
2163,4,307914,,,0,29397,12590,0,0
2163,4,307913,,,0,29396,12590,0,0
2163,4,307912,,,0,29398,12590,0,0
2163,4,307911,,,0,29397,12590,0,0
2163,4,307910,,,0,29396,12590,0,0
2163,4,307909,,,0,29398,12590,0,0
2163,4,307908,,,0,29397,12590,0,0
2163,4,307907,,,0,29396,12590,0,0
2163,4,307906,,,0,29398,12590,0,0
2163,4,307905,,,0,29397,12590,0,0
2163,4,307904,,,0,29396,12590,0,0
2163,4,307903,,,0,29398,12590,0,0
2163,4,307902,,,0,29397,12590,0,0
2163,4,307901,,,0,29396,12590,0,0
2163,4,307900,,,0,29398,12590,0,0
2163,4,307899,,,0,29397,12590,0,0
2163,4,307898,,,0,29396,12590,0,0
2163,4,307897,,,0,29398,12590,0,0
2163,4,307896,,,0,29397,12590,0,0
2163,4,307895,,,0,29396,12590,0,0
2163,4,307942,,,1,29396,12591,0,0
2163,4,307941,,,1,29398,12591,0,0
2163,4,307940,,,1,29397,12591,0,0
2163,4,307939,,,1,29396,12591,0,0
2163,4,307938,,,1,29398,12591,0,0
2163,4,307937,,,1,29397,12591,0,0
2163,4,307936,,,1,29396,12591,0,0
2163,4,307935,,,1,29398,12591,0,0
2163,4,307934,,,1,29397,12591,0,0
2163,4,307933,,,1,29396,12591,0,0
2163,4,307932,,,1,29398,12591,0,0
2163,4,307931,,,1,29397,12591,0,0
2163,4,307930,,,1,29396,12591,0,0
2163,4,307929,,,1,29398,12591,0,0
2163,4,307928,,,1,29397,12591,0,0
2163,4,307927,,,1,29396,12591,0,0
2163,4,307926,,,1,29398,12591,0,0
2163,4,307925,,,1,29397,12591,0,0
2163,4,307924,,,1,29396,12591,0,0
2163,4,307923,,,1,29398,12591,0,0
2163,4,307922,,,1,29397,12591,0,0
2163,4,307921,,,1,29396,12591,0,0
2163,4,307920,,,1,29398,12591,0,0
2163,4,307919,,,1,29397,12591,0,0
2164,4,308076,,,0,29410,12592,0,0
2164,4,308075,,,0,29409,12592,0,0
2164,4,308074,,,0,29408,12595,0,0
2164,4,308073,,,0,29407,12595,0,0
2164,4,308072,,,0,29411,12595,0,0
2164,4,308071,,,0,29410,12595,0,0
2164,4,308070,,,0,29409,12595,0,0
2164,4,308069,,,0,29408,12595,0,0
2164,4,308068,,,0,29407,12595,0,0
2164,4,308067,,,0,29411,12595,0,0
2164,4,308066,,,0,29410,12595,0,0
2164,4,308065,,,0,29409,12595,0,0
2164,4,308064,,,0,29408,12595,0,0
2164,4,308063,,,0,29407,12595,0,0
2164,4,308062,,,0,29411,12595,0,0
2164,4,308061,,,0,29410,12595,0,0
2164,4,308060,,,0,29409,12595,0,0
2164,4,308059,,,0,29408,12595,0,0
2164,4,308058,,,0,29407,12595,0,0
2164,4,308057,,,0,29411,12595,0,0
2164,4,308056,,,0,29410,12595,0,0
2164,4,308055,,,0,29409,12595,0,0
2164,4,308054,,,0,29408,12595,0,0
2164,4,308053,,,0,29407,12595,0,0
2164,4,308102,,,1,29408,12600,0,0
2164,4,308101,,,1,29407,12600,0,0
2164,4,308100,,,1,29411,12600,0,0
2164,4,308099,,,1,29410,12599,0,0
2164,4,308098,,,1,29409,12599,0,0
2164,4,308097,,,1,29408,12599,0,0
2164,4,308096,,,1,29407,12599,0,0
2164,4,308095,,,1,29411,12599,0,0
2164,4,308094,,,1,29410,12599,0,0
2164,4,308093,,,1,29409,12599,0,0
2164,4,308092,,,1,29408,12599,0,0
2164,4,308091,,,1,29407,12599,0,0
2164,4,308090,,,1,29411,12599,0,0
2164,4,308089,,,1,29410,12599,0,0
2164,4,308088,,,1,29409,12599,0,0
2164,4,308087,,,1,29408,12599,0,0
2164,4,308086,,,1,29407,12599,0,0
2164,4,308085,,,1,29411,12599,0,0
2164,4,308084,,,1,29410,12599,0,0
2164,4,308083,,,1,29409,12599,0,0
2164,4,308082,,,1,29408,12599,0,0
2164,4,308081,,,1,29407,12599,0,0
2164,4,308080,,,1,29411,12599,0,0
2164,4,308079,,,1,29410,12599,0,0
2164,4,308078,,,1,29409,12599,0,0
2164,4,308077,,,1,29408,12599,0,0
2165,4,308239,,,0,29430,12603,0,0
2165,4,308226,,,0,29429,12603,0,0
2165,4,308238,,,0,29433,12602,0,0
2165,4,308225,,,0,29428,12602,0,0
2165,4,308237,,,0,29432,12602,0,0
2165,4,308224,,,0,29427,12602,0,0
2165,4,308236,,,0,29431,12602,0,0
2165,4,308223,,,0,29426,12602,0,0
2165,4,308235,,,0,29430,12602,0,0
2165,4,308222,,,0,29429,12602,0,0
2165,4,308234,,,0,29433,12602,0,0
2165,4,308221,,,0,29428,12602,0,0
2165,4,308233,,,0,29432,12602,0,0
2165,4,308220,,,0,29427,12602,0,0
2165,4,308232,,,0,29431,12602,0,0
2165,4,308219,,,0,29426,12602,0,0
2165,4,308231,,,0,29430,12602,0,0
2165,4,308218,,,0,29429,12602,0,0
2165,4,308230,,,0,29433,12602,0,0
2165,4,308217,,,0,29428,12602,0,0
2165,4,308229,,,0,29432,12602,0,0
2165,4,308216,,,0,29427,12602,0,0
2165,4,308228,,,0,29431,12602,0,0
2165,4,308215,,,0,29426,12601,0,0
2165,4,308227,,,0,29430,12601,0,0
2165,4,308264,,,1,29432,12606,0,0
2165,4,308251,,,1,29427,12606,0,0
2165,4,308263,,,1,29431,12604,0,0
2165,4,308250,,,1,29426,12604,0,0
2165,4,308262,,,1,29430,12604,0,0
2165,4,308249,,,1,29429,12604,0,0
2165,4,308261,,,1,29433,12604,0,0
2165,4,308248,,,1,29428,12604,0,0
2165,4,308260,,,1,29432,12604,0,0
2165,4,308247,,,1,29427,12604,0,0
2165,4,308259,,,1,29431,12604,0,0
2165,4,308246,,,1,29426,12604,0,0
2165,4,308258,,,1,29430,12604,0,0
2165,4,308245,,,1,29429,12604,0,0
2165,4,308257,,,1,29433,12604,0,0
2165,4,308244,,,1,29428,12604,0,0
2165,4,308256,,,1,29432,12604,0,0
2165,4,308243,,,1,29427,12604,0,0
2165,4,308255,,,1,29431,12604,0,0
2165,4,308242,,,1,29426,12604,0,0
2165,4,308254,,,1,29430,12604,0,0
2165,4,308241,,,1,29429,12604,0,0
2165,4,308253,,,1,29433,12604,0,0
2165,4,308240,,,1,29428,12604,0,0
2165,4,308252,,,1,29432,12605,0,0
2166,4,308434,,,0,29455,12608,0,0
2166,4,308433,,,0,29454,12608,0,0
2166,4,308430,,,0,29453,12611,0,0
2166,4,308429,,,0,29452,12611,0,0
2166,4,308428,,,0,29451,12611,0,0
2166,4,308427,,,0,29455,12611,0,0
2166,4,308426,,,0,29454,12611,0,0
2166,4,308425,,,0,29453,12611,0,0
2166,4,308424,,,0,29452,12611,0,0
2166,4,308423,,,0,29451,12611,0,0
2166,4,308422,,,0,29455,12611,0,0
2166,4,308421,,,0,29454,12611,0,0
2166,4,308420,,,0,29453,12611,0,0
2166,4,308419,,,0,29452,12611,0,0
2166,4,308418,,,0,29451,12611,0,0
2166,4,308417,,,0,29455,12611,0,0
2166,4,308416,,,0,29454,12611,0,0
2166,4,308415,,,0,29453,12611,0,0
2166,4,308414,,,0,29452,12611,0,0
2166,4,308413,,,0,29451,12611,0,0
2166,4,308412,,,0,29455,12611,0,0
2166,4,308411,,,0,29454,12611,0,0
2166,4,308410,,,0,29453,12611,0,0
2166,4,308409,,,0,29452,12611,0,0
2166,4,308408,,,0,29451,12611,0,0
2166,4,308432,,,0,29455,12610,0,0
2166,4,308431,,,0,29454,12610,0,0
2166,4,308460,,,1,29452,12613,0,0
2166,4,308459,,,1,29451,12613,0,0
2166,4,308455,,,1,29455,12614,0,0
2166,4,308454,,,1,29454,12614,0,0
2166,4,308453,,,1,29453,12614,0,0
2166,4,308452,,,1,29452,12614,0,0
2166,4,308451,,,1,29451,12614,0,0
2166,4,308450,,,1,29455,12614,0,0
2166,4,308449,,,1,29454,12614,0,0
2166,4,308448,,,1,29453,12614,0,0
2166,4,308447,,,1,29452,12614,0,0
2166,4,308446,,,1,29451,12614,0,0
2166,4,308445,,,1,29455,12614,0,0
2166,4,308444,,,1,29454,12614,0,0
2166,4,308443,,,1,29453,12614,0,0
2166,4,308442,,,1,29452,12614,0,0
2166,4,308441,,,1,29451,12614,0,0
2166,4,308440,,,1,29455,12614,0,0
2166,4,308439,,,1,29454,12614,0,0
2166,4,308438,,,1,29453,12614,0,0
2166,4,308437,,,1,29452,12614,0,0
2166,4,308436,,,1,29451,12614,0,0
2166,4,308435,,,1,29455,12614,0,0
2166,4,308458,,,1,29454,12614,0,0
2166,4,308457,,,1,29453,12615,0,0
2166,4,308456,,,1,29452,12615,0,0
2167,4,308659,,,0,29472,12617,0,0
2167,4,308658,,,0,29476,12617,0,0
2167,4,308657,,,0,29475,12618,0,0
2167,4,308656,,,0,29474,12618,0,0
2167,4,308655,,,0,29473,12618,0,0
2167,4,308654,,,0,29472,12618,0,0
2167,4,308653,,,0,29476,12618,0,0
2167,4,308652,,,0,29475,12618,0,0
2167,4,308651,,,0,29474,12618,0,0
2167,4,308650,,,0,29473,12618,0,0
2167,4,308649,,,0,29472,12618,0,0
2167,4,308648,,,0,29476,12618,0,0
2167,4,308647,,,0,29475,12618,0,0
2167,4,308646,,,0,29474,12618,0,0
2167,4,308645,,,0,29473,12618,0,0
2167,4,308644,,,0,29472,12618,0,0
2167,4,308643,,,0,29476,12618,0,0
2167,4,308642,,,0,29475,12618,0,0
2167,4,308641,,,0,29474,12618,0,0
2167,4,308640,,,0,29473,12618,0,0
2167,4,308639,,,0,29472,12618,0,0
2167,4,308638,,,0,29476,12618,0,0
2167,4,308637,,,0,29475,12618,0,0
2167,4,308636,,,0,29474,12618,0,0
2167,4,308635,,,0,29473,12618,0,0
2167,4,308634,,,0,29472,12618,0,0
2167,4,308683,,,1,29473,12623,0,0
2167,4,308682,,,1,29472,12622,0,0
2167,4,308681,,,1,29476,12622,0,0
2167,4,308680,,,1,29475,12622,0,0
2167,4,308679,,,1,29474,12622,0,0
2167,4,308678,,,1,29473,12622,0,0
2167,4,308677,,,1,29472,12622,0,0
2167,4,308676,,,1,29476,12622,0,0
2167,4,308675,,,1,29475,12622,0,0
2167,4,308674,,,1,29474,12622,0,0
2167,4,308673,,,1,29473,12622,0,0
2167,4,308672,,,1,29472,12622,0,0
2167,4,308671,,,1,29476,12622,0,0
2167,4,308670,,,1,29475,12622,0,0
2167,4,308669,,,1,29474,12622,0,0
2167,4,308668,,,1,29473,12622,0,0
2167,4,308667,,,1,29472,12622,0,0
2167,4,308666,,,1,29476,12622,0,0
2167,4,308665,,,1,29475,12622,0,0
2167,4,308664,,,1,29474,12622,0,0
2167,4,308663,,,1,29473,12622,0,0
2167,4,308662,,,1,29472,12622,0,0
2167,4,308661,,,1,29476,12622,0,0
2167,4,308660,,,1,29475,12622,0,0
2168,4,308825,,,0,29487,12626,0,0
2168,4,308824,,,0,29491,12626,0,0
2168,4,308823,,,0,29490,12626,0,0
2168,4,308822,,,0,29489,12625,0,0
2168,4,308821,,,0,29488,12625,0,0
2168,4,308820,,,0,29487,12625,0,0
2168,4,308819,,,0,29491,12625,0,0
2168,4,308818,,,0,29490,12625,0,0
2168,4,308817,,,0,29489,12625,0,0
2168,4,308816,,,0,29488,12625,0,0
2168,4,308815,,,0,29487,12625,0,0
2168,4,308814,,,0,29491,12625,0,0
2168,4,308813,,,0,29490,12625,0,0
2168,4,308812,,,0,29489,12625,0,0
2168,4,308811,,,0,29488,12625,0,0
2168,4,308810,,,0,29487,12625,0,0
2168,4,308809,,,0,29491,12625,0,0
2168,4,308808,,,0,29490,12625,0,0
2168,4,308807,,,0,29489,12625,0,0
2168,4,308806,,,0,29488,12625,0,0
2168,4,308805,,,0,29487,12625,0,0
2168,4,308804,,,0,29491,12625,0,0
2168,4,308803,,,0,29490,12625,0,0
2168,4,308802,,,0,29489,12625,0,0
2168,4,308801,,,0,29488,12625,0,0
2168,4,308800,,,0,29487,12625,0,0
2168,4,308850,,,1,29489,12629,0,0
2168,4,308849,,,1,29488,12629,0,0
2168,4,308848,,,1,29487,12628,0,0
2168,4,308847,,,1,29491,12628,0,0
2168,4,308846,,,1,29490,12628,0,0
2168,4,308845,,,1,29489,12628,0,0
2168,4,308844,,,1,29488,12628,0,0
2168,4,308843,,,1,29487,12628,0,0
2168,4,308842,,,1,29491,12628,0,0
2168,4,308841,,,1,29490,12628,0,0
2168,4,308840,,,1,29489,12628,0,0
2168,4,308839,,,1,29488,12628,0,0
2168,4,308838,,,1,29487,12628,0,0
2168,4,308837,,,1,29491,12628,0,0
2168,4,308836,,,1,29490,12628,0,0
2168,4,308835,,,1,29489,12628,0,0
2168,4,308834,,,1,29488,12628,0,0
2168,4,308833,,,1,29487,12628,0,0
2168,4,308832,,,1,29491,12628,0,0
2168,4,308831,,,1,29490,12628,0,0
2168,4,308830,,,1,29489,12628,0,0
2168,4,308829,,,1,29488,12628,0,0
2168,4,308828,,,1,29487,12628,0,0
2168,4,308827,,,1,29491,12628,0,0
2168,4,308826,,,1,29490,12628,0,0
2169,4,308967,,,0,29499,12630,0,0
2169,4,308966,,,0,29499,12630,0,0
2169,4,308965,,,0,29499,12630,0,0
2169,4,308964,,,0,29499,12630,0,0
2169,4,308963,,,0,29499,12630,0,0
2169,4,308962,,,0,29499,12630,0,0
2169,4,308961,,,0,29499,12630,0,0
2169,4,308960,,,0,29499,12630,0,0
2169,4,308959,,,0,29499,12630,0,0
2169,4,308958,,,0,29499,12630,0,0
2169,4,308957,,,0,29499,12630,0,0
2169,4,308956,,,0,29499,12630,0,0
2169,4,308978,,,1,29499,12631,0,0
2169,4,308977,,,1,29499,12631,0,0
2169,4,308976,,,1,29499,12631,0,0
2169,4,308975,,,1,29499,12631,0,0
2169,4,308974,,,1,29499,12631,0,0
2169,4,308973,,,1,29499,12631,0,0
2169,4,308972,,,1,29499,12631,0,0
2169,4,308971,,,1,29499,12631,0,0
2169,4,308970,,,1,29499,12631,0,0
2169,4,308969,,,1,29499,12631,0,0
2169,4,308968,,,1,29499,12631,0,0
2170,4,309112,,,0,29513,12632,0,0
2170,4,309111,,,0,29512,12632,0,0
2170,4,309110,,,0,29511,12633,0,0
2170,4,309109,,,0,29510,12633,0,0
2170,4,309108,,,0,29509,12633,0,0
2170,4,309107,,,0,29513,12633,0,0
2170,4,309106,,,0,29512,12633,0,0
2170,4,309105,,,0,29511,12633,0,0
2170,4,309104,,,0,29510,12633,0,0
2170,4,309103,,,0,29509,12633,0,0
2170,4,309102,,,0,29513,12633,0,0
2170,4,309101,,,0,29512,12633,0,0
2170,4,309100,,,0,29511,12633,0,0
2170,4,309099,,,0,29510,12633,0,0
2170,4,309098,,,0,29509,12633,0,0
2170,4,309097,,,0,29513,12633,0,0
2170,4,309096,,,0,29512,12633,0,0
2170,4,309095,,,0,29511,12633,0,0
2170,4,309094,,,0,29510,12633,0,0
2170,4,309093,,,0,29509,12633,0,0
2170,4,309092,,,0,29513,12633,0,0
2170,4,309091,,,0,29512,12633,0,0
2170,4,309090,,,0,29511,12633,0,0
2170,4,309089,,,0,29510,12633,0,0
2170,4,309088,,,0,29509,12633,0,0
2170,4,309137,,,1,29510,12636,0,0
2170,4,309136,,,1,29509,12636,0,0
2170,4,309135,,,1,29513,12634,0,0
2170,4,309134,,,1,29512,12634,0,0
2170,4,309133,,,1,29511,12634,0,0
2170,4,309132,,,1,29510,12634,0,0
2170,4,309131,,,1,29509,12634,0,0
2170,4,309130,,,1,29513,12634,0,0
2170,4,309129,,,1,29512,12634,0,0
2170,4,309128,,,1,29511,12634,0,0
2170,4,309127,,,1,29510,12634,0,0
2170,4,309126,,,1,29509,12634,0,0
2170,4,309125,,,1,29513,12634,0,0
2170,4,309124,,,1,29512,12634,0,0
2170,4,309123,,,1,29511,12634,0,0
2170,4,309122,,,1,29510,12634,0,0
2170,4,309121,,,1,29509,12634,0,0
2170,4,309120,,,1,29513,12634,0,0
2170,4,309119,,,1,29512,12634,0,0
2170,4,309118,,,1,29511,12634,0,0
2170,4,309117,,,1,29510,12634,0,0
2170,4,309116,,,1,29509,12634,0,0
2170,4,309115,,,1,29513,12634,0,0
2170,4,309114,,,1,29512,12634,0,0
2170,4,309113,,,1,29511,12634,0,0
2171,4,309263,,,0,29523,12637,0,0
2171,4,309262,,,0,29522,12637,0,0
2171,4,309261,,,0,29523,12637,0,0
2171,4,309260,,,0,29522,12637,0,0
2171,4,309259,,,0,29523,12637,0,0
2171,4,309258,,,0,29522,12637,0,0
2171,4,309257,,,0,29523,12637,0,0
2171,4,309256,,,0,29522,12637,0,0
2171,4,309255,,,0,29523,12637,0,0
2171,4,309254,,,0,29522,12637,0,0
2171,4,309253,,,0,29523,12637,0,0
2171,4,309252,,,0,29522,12637,0,0
2171,4,309251,,,0,29523,12637,0,0
2171,4,309250,,,0,29522,12637,0,0
2171,4,309249,,,0,29523,12637,0,0
2171,4,309248,,,0,29522,12637,0,0
2171,4,309279,,,1,29522,12638,0,0
2171,4,309278,,,1,29523,12638,0,0
2171,4,309277,,,1,29522,12638,0,0
2171,4,309276,,,1,29523,12638,0,0
2171,4,309275,,,1,29522,12638,0,0
2171,4,309274,,,1,29523,12638,0,0
2171,4,309273,,,1,29522,12638,0,0
2171,4,309272,,,1,29523,12638,0,0
2171,4,309271,,,1,29522,12638,0,0
2171,4,309270,,,1,29523,12638,0,0
2171,4,309269,,,1,29522,12638,0,0
2171,4,309268,,,1,29523,12638,0,0
2171,4,309267,,,1,29522,12638,0,0
2171,4,309266,,,1,29523,12638,0,0
2171,4,309265,,,1,29522,12638,0,0
2171,4,309264,,,1,29523,12638,0,0
2172,4,309449,,,0,29535,12641,0,0
2172,4,309448,,,0,29539,12641,0,0
2172,4,309447,,,0,29538,12641,0,0
2172,4,309446,,,0,29537,12641,0,0
2172,4,309445,,,0,29536,12641,0,0
2172,4,309444,,,0,29535,12641,0,0
2172,4,309443,,,0,29540,12641,0,0
2172,4,309442,,,0,29539,12641,0,0
2172,4,309441,,,0,29538,12641,0,0
2172,4,309440,,,0,29537,12641,0,0
2172,4,309439,,,0,29536,12641,0,0
2172,4,309438,,,0,29535,12641,0,0
2172,4,309437,,,0,29540,12641,0,0
2172,4,309436,,,0,29539,12641,0,0
2172,4,309435,,,0,29538,12641,0,0
2172,4,309434,,,0,29537,12641,0,0
2172,4,309433,,,0,29536,12641,0,0
2172,4,309432,,,0,29535,12641,0,0
2172,4,309431,,,0,29540,12641,0,0
2172,4,309430,,,0,29539,12641,0,0
2172,4,309429,,,0,29538,12641,0,0
2172,4,309428,,,0,29537,12641,0,0
2172,4,309427,,,0,29536,12641,0,0
2172,4,309426,,,0,29535,12641,0,0
2172,4,309473,,,1,29538,12644,0,0
2172,4,309472,,,1,29537,12644,0,0
2172,4,309471,,,1,29536,12644,0,0
2172,4,309470,,,1,29535,12644,0,0
2172,4,309469,,,1,29539,12644,0,0
2172,4,309468,,,1,29538,12644,0,0
2172,4,309467,,,1,29537,12644,0,0
2172,4,309466,,,1,29536,12644,0,0
2172,4,309465,,,1,29535,12644,0,0
2172,4,309464,,,1,29540,12644,0,0
2172,4,309463,,,1,29539,12644,0,0
2172,4,309462,,,1,29538,12644,0,0
2172,4,309461,,,1,29537,12644,0,0
2172,4,309460,,,1,29536,12644,0,0
2172,4,309459,,,1,29535,12644,0,0
2172,4,309458,,,1,29540,12644,0,0
2172,4,309457,,,1,29539,12644,0,0
2172,4,309456,,,1,29538,12644,0,0
2172,4,309455,,,1,29537,12644,0,0
2172,4,309454,,,1,29536,12644,0,0
2172,4,309453,,,1,29535,12644,0,0
2172,4,309452,,,1,29540,12644,0,0
2172,4,309451,,,1,29539,12644,0,0
2172,4,309450,,,1,29538,12644,0,0
2173,4,309590,,,0,29430,12646,0,0
2173,4,309589,,,0,29429,12646,0,0
2173,4,309591,,,0,29433,12646,0,0
2173,4,309588,,,0,29428,12646,0,0
2173,4,309592,,,0,29432,12646,0,0
2173,4,309587,,,0,29427,12646,0,0
2173,4,309593,,,0,29431,12646,0,0
2173,4,309586,,,0,29426,12646,0,0
2173,4,309594,,,0,29430,12646,0,0
2173,4,309585,,,0,29429,12646,0,0
2173,4,309595,,,0,29433,12646,0,0
2173,4,309584,,,0,29428,12646,0,0
2173,4,309596,,,0,29432,12646,0,0
2173,4,309583,,,0,29427,12646,0,0
2173,4,309597,,,0,29431,12646,0,0
2173,4,309582,,,0,29426,12646,0,0
2173,4,309598,,,0,29430,12646,0,0
2173,4,309581,,,0,29429,12646,0,0
2173,4,309599,,,0,29433,12646,0,0
2173,4,309580,,,0,29428,12646,0,0
2173,4,309600,,,0,29432,12646,0,0
2173,4,309579,,,0,29427,12646,0,0
2173,4,309601,,,0,29431,12646,0,0
2173,4,309613,,,1,29431,12647,0,0
2173,4,309612,,,1,29426,12647,0,0
2173,4,309614,,,1,29430,12647,0,0
2173,4,309611,,,1,29429,12647,0,0
2173,4,309615,,,1,29433,12647,0,0
2173,4,309610,,,1,29428,12647,0,0
2173,4,309616,,,1,29432,12647,0,0
2173,4,309609,,,1,29427,12647,0,0
2173,4,309617,,,1,29431,12647,0,0
2173,4,309608,,,1,29426,12647,0,0
2173,4,309618,,,1,29430,12647,0,0
2173,4,309607,,,1,29429,12647,0,0
2173,4,309619,,,1,29433,12647,0,0
2173,4,309606,,,1,29428,12647,0,0
2173,4,309620,,,1,29432,12647,0,0
2173,4,309605,,,1,29427,12647,0,0
2173,4,309621,,,1,29431,12647,0,0
2173,4,309604,,,1,29426,12647,0,0
2173,4,309622,,,1,29430,12647,0,0
2173,4,309603,,,1,29429,12647,0,0
2173,4,309623,,,1,29433,12647,0,0
2173,4,309602,,,1,29428,12647,0,0
2173,4,309624,,,1,29432,12647,0,0
2174,4,309753,,,0,29555,12649,0,0
2174,4,309752,,,0,29554,12649,0,0
2174,4,309751,,,0,29553,12649,0,0
2174,4,309750,,,0,29557,12649,0,0
2174,4,309749,,,0,29556,12649,0,0
2174,4,309748,,,0,29555,12649,0,0
2174,4,309747,,,0,29554,12649,0,0
2174,4,309746,,,0,29553,12649,0,0
2174,4,309745,,,0,29557,12649,0,0
2174,4,309744,,,0,29556,12649,0,0
2174,4,309743,,,0,29555,12649,0,0
2174,4,309742,,,0,29554,12649,0,0
2174,4,309741,,,0,29553,12649,0,0
2174,4,309740,,,0,29557,12649,0,0
2174,4,309739,,,0,29556,12649,0,0
2174,4,309738,,,0,29555,12649,0,0
2174,4,309737,,,0,29554,12649,0,0
2174,4,309736,,,0,29553,12649,0,0
2174,4,309735,,,0,29557,12649,0,0
2174,4,309734,,,0,29556,12649,0,0
2174,4,309733,,,0,29555,12649,0,0
2174,4,309732,,,0,29554,12649,0,0
2174,4,309731,,,0,29553,12649,0,0
2174,4,309776,,,1,29553,12651,0,0
2174,4,309775,,,1,29557,12651,0,0
2174,4,309774,,,1,29556,12651,0,0
2174,4,309773,,,1,29555,12651,0,0
2174,4,309772,,,1,29554,12651,0,0
2174,4,309771,,,1,29553,12651,0,0
2174,4,309770,,,1,29557,12651,0,0
2174,4,309769,,,1,29556,12651,0,0
2174,4,309768,,,1,29555,12651,0,0
2174,4,309767,,,1,29554,12651,0,0
2174,4,309766,,,1,29553,12651,0,0
2174,4,309765,,,1,29557,12651,0,0
2174,4,309764,,,1,29556,12651,0,0
2174,4,309763,,,1,29555,12651,0,0
2174,4,309762,,,1,29554,12651,0,0
2174,4,309761,,,1,29553,12651,0,0
2174,4,309760,,,1,29557,12651,0,0
2174,4,309759,,,1,29556,12651,0,0
2174,4,309758,,,1,29555,12651,0,0
2174,4,309757,,,1,29554,12651,0,0
2174,4,309756,,,1,29553,12651,0,0
2174,4,309755,,,1,29557,12651,0,0
2174,4,309754,,,1,29556,12651,0,0
2175,4,309855,,,0,29566,12653,0,0
2175,4,309854,,,0,29568,12653,0,0
2175,4,309853,,,0,29567,12653,0,0
2175,4,309852,,,0,29566,12653,0,0
2175,4,309859,,,0,29568,12653,0,0
2175,4,309858,,,0,29567,12653,0,0
2175,4,309857,,,0,29566,12653,0,0
2175,4,309856,,,0,29568,12653,0,0
2175,4,309860,,,1,29568,12655,0,0
2175,4,309867,,,1,29567,12655,0,0
2175,4,309866,,,1,29566,12655,0,0
2175,4,309865,,,1,29568,12655,0,0
2175,4,309864,,,1,29567,12655,0,0
2175,4,309863,,,1,29566,12655,0,0
2175,4,309862,,,1,29568,12655,0,0
2175,4,309861,,,1,29567,12655,0,0
2176,4,309910,,,0,29573,12656,0,0
2176,4,309909,,,0,29573,12657,0,0
2176,4,309916,,,0,29573,12657,0,0
2176,4,309915,,,0,29573,12657,0,0
2176,4,309914,,,0,29573,12657,0,0
2176,4,309913,,,0,29573,12657,0,0
2176,4,309912,,,0,29573,12657,0,0
2176,4,309911,,,0,29573,12657,0,0
2176,4,309923,,,1,29573,12660,0,0
2176,4,309922,,,1,29573,12660,0,0
2176,4,309921,,,1,29573,12660,0,0
2176,4,309920,,,1,29573,12660,0,0
2176,4,309919,,,1,29573,12660,0,0
2176,4,309918,,,1,29573,12660,0,0
2176,4,309917,,,1,29573,12660,0,0
2176,4,309924,,,1,29573,12659,0,0
2162,5,307809,,,0,29388,12584,0,0
2162,5,307808,,,0,29392,12582,0,0
2162,5,307807,,,0,29390,12582,0,0
2162,5,307806,,,0,29389,12582,0,0
2162,5,307805,,,0,29388,12582,0,0
2162,5,307804,,,0,29391,12582,0,0
2162,5,307803,,,0,29392,12582,0,0
2162,5,307802,,,0,29390,12582,0,0
2162,5,307801,,,0,29389,12582,0,0
2162,5,307800,,,0,29388,12582,0,0
2162,5,307799,,,0,29391,12582,0,0
2162,5,307798,,,0,29392,12582,0,0
2162,5,307797,,,0,29390,12582,0,0
2162,5,307796,,,0,29389,12582,0,0
2162,5,307795,,,0,29388,12582,0,0
2162,5,307794,,,0,29391,12582,0,0
2162,5,307793,,,0,29392,12584,0,0
2162,5,307791,,,0,29389,12584,0,0
2162,5,307792,,,0,29390,12584,0,0
2162,5,307790,,,0,29388,12584,0,0
2162,5,307789,,,0,29391,12584,0,0
2162,5,307788,,,0,29390,12584,0,0
2162,5,307787,,,0,29389,12584,0,0
2162,5,307786,,,0,29388,12584,0,0
2162,5,307834,,,1,29390,12587,0,0
2162,5,307833,,,1,29389,12587,0,0
2162,5,307832,,,1,29388,12587,0,0
2162,5,307831,,,1,29391,12587,0,0
2162,5,307830,,,1,29392,12588,0,0
2162,5,307829,,,1,29390,12588,0,0
2162,5,307828,,,1,29389,12588,0,0
2162,5,307827,,,1,29388,12588,0,0
2162,5,307826,,,1,29391,12588,0,0
2162,5,307825,,,1,29392,12588,0,0
2162,5,307824,,,1,29390,12588,0,0
2162,5,307823,,,1,29389,12588,0,0
2162,5,307822,,,1,29388,12588,0,0
2162,5,307821,,,1,29391,12588,0,0
2162,5,307820,,,1,29392,12588,0,0
2162,5,307819,,,1,29390,12588,0,0
2162,5,307818,,,1,29389,12588,0,0
2162,5,307817,,,1,29388,12588,0,0
2162,5,307816,,,1,29391,12588,0,0
2162,5,307815,,,1,29390,12587,0,0
2162,5,307814,,,1,29389,12587,0,0
2162,5,307813,,,1,29388,12587,0,0
2162,5,307812,,,1,29391,12587,0,0
2162,5,307811,,,1,29390,12587,0,0
2162,5,307810,,,1,29389,12587,0,0
2163,5,307966,,,0,29401,12590,0,0
2163,5,307965,,,0,29400,12590,0,0
2163,5,307964,,,0,29399,12590,0,0
2163,5,307963,,,0,29401,12590,0,0
2163,5,307962,,,0,29400,12590,0,0
2163,5,307961,,,0,29399,12590,0,0
2163,5,307960,,,0,29401,12590,0,0
2163,5,307959,,,0,29400,12590,0,0
2163,5,307958,,,0,29399,12590,0,0
2163,5,307957,,,0,29401,12590,0,0
2163,5,307956,,,0,29400,12590,0,0
2163,5,307955,,,0,29399,12590,0,0
2163,5,307954,,,0,29401,12590,0,0
2163,5,307953,,,0,29400,12590,0,0
2163,5,307952,,,0,29399,12590,0,0
2163,5,307951,,,0,29401,12590,0,0
2163,5,307950,,,0,29400,12590,0,0
2163,5,307949,,,0,29399,12590,0,0
2163,5,307948,,,0,29401,12590,0,0
2163,5,307947,,,0,29400,12590,0,0
2163,5,307946,,,0,29399,12590,0,0
2163,5,307945,,,0,29401,12590,0,0
2163,5,307944,,,0,29400,12590,0,0
2163,5,307943,,,0,29399,12590,0,0
2163,5,307990,,,1,29399,12591,0,0
2163,5,307989,,,1,29401,12591,0,0
2163,5,307988,,,1,29400,12591,0,0
2163,5,307987,,,1,29399,12591,0,0
2163,5,307986,,,1,29401,12591,0,0
2163,5,307985,,,1,29400,12591,0,0
2163,5,307984,,,1,29399,12591,0,0
2163,5,307983,,,1,29401,12591,0,0
2163,5,307982,,,1,29400,12591,0,0
2163,5,307981,,,1,29399,12591,0,0
2163,5,307980,,,1,29401,12591,0,0
2163,5,307979,,,1,29400,12591,0,0
2163,5,307978,,,1,29399,12591,0,0
2163,5,307977,,,1,29401,12591,0,0
2163,5,307976,,,1,29400,12591,0,0
2163,5,307975,,,1,29399,12591,0,0
2163,5,307974,,,1,29401,12591,0,0
2163,5,307973,,,1,29400,12591,0,0
2163,5,307972,,,1,29399,12591,0,0
2163,5,307971,,,1,29401,12591,0,0
2163,5,307970,,,1,29400,12591,0,0
2163,5,307969,,,1,29399,12591,0,0
2163,5,307968,,,1,29401,12591,0,0
2163,5,307967,,,1,29400,12591,0,0
2164,5,308126,,,0,29415,12592,0,0
2164,5,308125,,,0,29414,12592,0,0
2164,5,308124,,,0,29413,12595,0,0
2164,5,308123,,,0,29412,12595,0,0
2164,5,308122,,,0,29416,12595,0,0
2164,5,308121,,,0,29415,12595,0,0
2164,5,308120,,,0,29414,12595,0,0
2164,5,308119,,,0,29413,12595,0,0
2164,5,308118,,,0,29412,12595,0,0
2164,5,308117,,,0,29416,12595,0,0
2164,5,308116,,,0,29415,12595,0,0
2164,5,308115,,,0,29414,12595,0,0
2164,5,308114,,,0,29413,12595,0,0
2164,5,308113,,,0,29412,12595,0,0
2164,5,308112,,,0,29416,12595,0,0
2164,5,308111,,,0,29415,12595,0,0
2164,5,308110,,,0,29414,12595,0,0
2164,5,308109,,,0,29413,12595,0,0
2164,5,308108,,,0,29412,12595,0,0
2164,5,308107,,,0,29416,12595,0,0
2164,5,308106,,,0,29415,12595,0,0
2164,5,308105,,,0,29414,12595,0,0
2164,5,308104,,,0,29413,12595,0,0
2164,5,308103,,,0,29412,12595,0,0
2164,5,308152,,,1,29413,12600,0,0
2164,5,308151,,,1,29412,12600,0,0
2164,5,308150,,,1,29416,12600,0,0
2164,5,308149,,,1,29415,12599,0,0
2164,5,308148,,,1,29414,12599,0,0
2164,5,308147,,,1,29413,12599,0,0
2164,5,308146,,,1,29412,12599,0,0
2164,5,308145,,,1,29416,12599,0,0
2164,5,308144,,,1,29415,12599,0,0
2164,5,308143,,,1,29414,12599,0,0
2164,5,308142,,,1,29413,12599,0,0
2164,5,308141,,,1,29412,12599,0,0
2164,5,308140,,,1,29416,12599,0,0
2164,5,308139,,,1,29415,12599,0,0
2164,5,308138,,,1,29414,12599,0,0
2164,5,308137,,,1,29413,12599,0,0
2164,5,308136,,,1,29412,12599,0,0
2164,5,308135,,,1,29416,12599,0,0
2164,5,308134,,,1,29415,12599,0,0
2164,5,308133,,,1,29414,12599,0,0
2164,5,308132,,,1,29413,12599,0,0
2164,5,308131,,,1,29412,12599,0,0
2164,5,308130,,,1,29416,12599,0,0
2164,5,308129,,,1,29415,12599,0,0
2164,5,308128,,,1,29414,12599,0,0
2164,5,308127,,,1,29413,12599,0,0
2165,5,308289,,,0,29438,12603,0,0
2165,5,308276,,,0,29437,12603,0,0
2165,5,308288,,,0,29441,12602,0,0
2165,5,308275,,,0,29436,12602,0,0
2165,5,308287,,,0,29440,12602,0,0
2165,5,308274,,,0,29435,12602,0,0
2165,5,308286,,,0,29439,12602,0,0
2165,5,308273,,,0,29434,12602,0,0
2165,5,308285,,,0,29438,12602,0,0
2165,5,308272,,,0,29437,12602,0,0
2165,5,308284,,,0,29441,12602,0,0
2165,5,308271,,,0,29436,12602,0,0
2165,5,308283,,,0,29440,12602,0,0
2165,5,308270,,,0,29435,12602,0,0
2165,5,308282,,,0,29439,12602,0,0
2165,5,308269,,,0,29434,12602,0,0
2165,5,308281,,,0,29438,12602,0,0
2165,5,308268,,,0,29437,12602,0,0
2165,5,308280,,,0,29441,12602,0,0
2165,5,308267,,,0,29436,12602,0,0
2165,5,308279,,,0,29440,12602,0,0
2165,5,308266,,,0,29435,12602,0,0
2165,5,308278,,,0,29439,12602,0,0
2165,5,308265,,,0,29434,12601,0,0
2165,5,308277,,,0,29438,12601,0,0
2165,5,308314,,,1,29440,12606,0,0
2165,5,308301,,,1,29435,12606,0,0
2165,5,308313,,,1,29439,12604,0,0
2165,5,308300,,,1,29434,12604,0,0
2165,5,308312,,,1,29438,12604,0,0
2165,5,308299,,,1,29437,12604,0,0
2165,5,308311,,,1,29441,12604,0,0
2165,5,308298,,,1,29436,12604,0,0
2165,5,308310,,,1,29440,12604,0,0
2165,5,308297,,,1,29435,12604,0,0
2165,5,308309,,,1,29439,12604,0,0
2165,5,308296,,,1,29434,12604,0,0
2165,5,308308,,,1,29438,12604,0,0
2165,5,308295,,,1,29437,12604,0,0
2165,5,308307,,,1,29441,12604,0,0
2165,5,308294,,,1,29436,12604,0,0
2165,5,308306,,,1,29440,12604,0,0
2165,5,308293,,,1,29435,12604,0,0
2165,5,308305,,,1,29439,12604,0,0
2165,5,308292,,,1,29434,12604,0,0
2165,5,308304,,,1,29438,12604,0,0
2165,5,308291,,,1,29437,12604,0,0
2165,5,308303,,,1,29441,12604,0,0
2165,5,308290,,,1,29436,12604,0,0
2165,5,308302,,,1,29440,12605,0,0
2166,5,308487,,,0,29456,12608,0,0
2166,5,308486,,,0,29460,12608,0,0
2166,5,308484,,,0,29459,12611,0,0
2166,5,308483,,,0,29458,12611,0,0
2166,5,308482,,,0,29457,12611,0,0
2166,5,308481,,,0,29456,12611,0,0
2166,5,308480,,,0,29460,12611,0,0
2166,5,308479,,,0,29459,12611,0,0
2166,5,308478,,,0,29458,12611,0,0
2166,5,308477,,,0,29457,12611,0,0
2166,5,308476,,,0,29456,12611,0,0
2166,5,308475,,,0,29460,12611,0,0
2166,5,308474,,,0,29459,12611,0,0
2166,5,308473,,,0,29458,12611,0,0
2166,5,308472,,,0,29457,12611,0,0
2166,5,308471,,,0,29456,12611,0,0
2166,5,308470,,,0,29460,12611,0,0
2166,5,308469,,,0,29459,12611,0,0
2166,5,308468,,,0,29458,12611,0,0
2166,5,308467,,,0,29457,12611,0,0
2166,5,308466,,,0,29456,12611,0,0
2166,5,308465,,,0,29460,12611,0,0
2166,5,308464,,,0,29459,12611,0,0
2166,5,308463,,,0,29458,12611,0,0
2166,5,308462,,,0,29457,12611,0,0
2166,5,308461,,,0,29456,12610,0,0
2166,5,308485,,,0,29460,12610,0,0
2166,5,308513,,,1,29458,12613,0,0
2166,5,308512,,,1,29457,12613,0,0
2166,5,308511,,,1,29456,12614,0,0
2166,5,308510,,,1,29460,12614,0,0
2166,5,308509,,,1,29459,12614,0,0
2166,5,308508,,,1,29458,12614,0,0
2166,5,308507,,,1,29457,12614,0,0
2166,5,308506,,,1,29456,12614,0,0
2166,5,308505,,,1,29460,12614,0,0
2166,5,308504,,,1,29459,12614,0,0
2166,5,308503,,,1,29458,12614,0,0
2166,5,308502,,,1,29457,12614,0,0
2166,5,308501,,,1,29456,12614,0,0
2166,5,308500,,,1,29460,12614,0,0
2166,5,308499,,,1,29459,12614,0,0
2166,5,308498,,,1,29458,12614,0,0
2166,5,308497,,,1,29457,12614,0,0
2166,5,308496,,,1,29456,12614,0,0
2166,5,308495,,,1,29460,12614,0,0
2166,5,308494,,,1,29459,12614,0,0
2166,5,308493,,,1,29458,12614,0,0
2166,5,308492,,,1,29457,12614,0,0
2166,5,308491,,,1,29456,12614,0,0
2166,5,308490,,,1,29460,12614,0,0
2166,5,308489,,,1,29459,12615,0,0
2166,5,308488,,,1,29458,12615,0,0
2167,5,308709,,,0,29477,12617,0,0
2167,5,308708,,,0,29481,12617,0,0
2167,5,308707,,,0,29480,12618,0,0
2167,5,308706,,,0,29479,12618,0,0
2167,5,308705,,,0,29478,12618,0,0
2167,5,308704,,,0,29477,12618,0,0
2167,5,308703,,,0,29481,12618,0,0
2167,5,308702,,,0,29480,12618,0,0
2167,5,308701,,,0,29479,12618,0,0
2167,5,308700,,,0,29478,12618,0,0
2167,5,308699,,,0,29477,12618,0,0
2167,5,308698,,,0,29481,12618,0,0
2167,5,308697,,,0,29480,12618,0,0
2167,5,308696,,,0,29479,12618,0,0
2167,5,308695,,,0,29478,12618,0,0
2167,5,308694,,,0,29477,12618,0,0
2167,5,308693,,,0,29481,12618,0,0
2167,5,308692,,,0,29480,12618,0,0
2167,5,308691,,,0,29479,12618,0,0
2167,5,308690,,,0,29478,12618,0,0
2167,5,308689,,,0,29477,12618,0,0
2167,5,308688,,,0,29481,12618,0,0
2167,5,308687,,,0,29480,12618,0,0
2167,5,308686,,,0,29479,12618,0,0
2167,5,308685,,,0,29478,12618,0,0
2167,5,308684,,,0,29477,12618,0,0
2167,5,308733,,,1,29478,12623,0,0
2167,5,308732,,,1,29477,12622,0,0
2167,5,308731,,,1,29481,12622,0,0
2167,5,308730,,,1,29480,12622,0,0
2167,5,308729,,,1,29479,12622,0,0
2167,5,308728,,,1,29478,12622,0,0
2167,5,308727,,,1,29477,12622,0,0
2167,5,308726,,,1,29481,12622,0,0
2167,5,308725,,,1,29480,12622,0,0
2167,5,308724,,,1,29479,12622,0,0
2167,5,308723,,,1,29478,12622,0,0
2167,5,308722,,,1,29477,12622,0,0
2167,5,308721,,,1,29481,12622,0,0
2167,5,308720,,,1,29480,12622,0,0
2167,5,308719,,,1,29479,12622,0,0
2167,5,308718,,,1,29478,12622,0,0
2167,5,308717,,,1,29477,12622,0,0
2167,5,308716,,,1,29481,12622,0,0
2167,5,308715,,,1,29480,12622,0,0
2167,5,308714,,,1,29479,12622,0,0
2167,5,308713,,,1,29478,12622,0,0
2167,5,308712,,,1,29477,12622,0,0
2167,5,308711,,,1,29481,12622,0,0
2167,5,308710,,,1,29480,12622,0,0
2168,5,308876,,,0,29492,12626,0,0
2168,5,308875,,,0,29496,12626,0,0
2168,5,308874,,,0,29495,12626,0,0
2168,5,308873,,,0,29494,12625,0,0
2168,5,308872,,,0,29493,12625,0,0
2168,5,308871,,,0,29492,12625,0,0
2168,5,308870,,,0,29496,12625,0,0
2168,5,308869,,,0,29495,12625,0,0
2168,5,308868,,,0,29494,12625,0,0
2168,5,308867,,,0,29493,12625,0,0
2168,5,308866,,,0,29492,12625,0,0
2168,5,308865,,,0,29496,12625,0,0
2168,5,308864,,,0,29495,12625,0,0
2168,5,308863,,,0,29494,12625,0,0
2168,5,308862,,,0,29493,12625,0,0
2168,5,308861,,,0,29492,12625,0,0
2168,5,308860,,,0,29496,12625,0,0
2168,5,308859,,,0,29495,12625,0,0
2168,5,308858,,,0,29494,12625,0,0
2168,5,308857,,,0,29493,12625,0,0
2168,5,308856,,,0,29492,12625,0,0
2168,5,308855,,,0,29496,12625,0,0
2168,5,308854,,,0,29495,12625,0,0
2168,5,308853,,,0,29494,12625,0,0
2168,5,308852,,,0,29493,12625,0,0
2168,5,308851,,,0,29492,12625,0,0
2168,5,308901,,,1,29494,12629,0,0
2168,5,308900,,,1,29493,12629,0,0
2168,5,308899,,,1,29492,12628,0,0
2168,5,308898,,,1,29496,12628,0,0
2168,5,308897,,,1,29495,12628,0,0
2168,5,308896,,,1,29494,12628,0,0
2168,5,308895,,,1,29493,12628,0,0
2168,5,308894,,,1,29492,12628,0,0
2168,5,308893,,,1,29496,12628,0,0
2168,5,308892,,,1,29495,12628,0,0
2168,5,308891,,,1,29494,12628,0,0
2168,5,308890,,,1,29493,12628,0,0
2168,5,308889,,,1,29492,12628,0,0
2168,5,308888,,,1,29496,12628,0,0
2168,5,308887,,,1,29495,12628,0,0
2168,5,308886,,,1,29494,12628,0,0
2168,5,308885,,,1,29493,12628,0,0
2168,5,308884,,,1,29492,12628,0,0
2168,5,308883,,,1,29496,12628,0,0
2168,5,308882,,,1,29495,12628,0,0
2168,5,308881,,,1,29494,12628,0,0
2168,5,308880,,,1,29493,12628,0,0
2168,5,308879,,,1,29492,12628,0,0
2168,5,308878,,,1,29496,12628,0,0
2168,5,308877,,,1,29495,12628,0,0
2169,5,308990,,,0,29500,12630,0,0
2169,5,308989,,,0,29500,12630,0,0
2169,5,308988,,,0,29500,12630,0,0
2169,5,308987,,,0,29500,12630,0,0
2169,5,308986,,,0,29500,12630,0,0
2169,5,308985,,,0,29500,12630,0,0
2169,5,308984,,,0,29500,12630,0,0
2169,5,308983,,,0,29500,12630,0,0
2169,5,308982,,,0,29500,12630,0,0
2169,5,308981,,,0,29500,12630,0,0
2169,5,308980,,,0,29500,12630,0,0
2169,5,308979,,,0,29500,12630,0,0
2169,5,309001,,,1,29500,12631,0,0
2169,5,309000,,,1,29500,12631,0,0
2169,5,308999,,,1,29500,12631,0,0
2169,5,308998,,,1,29500,12631,0,0
2169,5,308997,,,1,29500,12631,0,0
2169,5,308996,,,1,29500,12631,0,0
2169,5,308995,,,1,29500,12631,0,0
2169,5,308994,,,1,29500,12631,0,0
2169,5,308993,,,1,29500,12631,0,0
2169,5,308992,,,1,29500,12631,0,0
2169,5,308991,,,1,29500,12631,0,0
2170,5,309162,,,0,29518,12632,0,0
2170,5,309161,,,0,29517,12632,0,0
2170,5,309160,,,0,29516,12633,0,0
2170,5,309159,,,0,29515,12633,0,0
2170,5,309158,,,0,29514,12633,0,0
2170,5,309157,,,0,29518,12633,0,0
2170,5,309156,,,0,29517,12633,0,0
2170,5,309155,,,0,29516,12633,0,0
2170,5,309154,,,0,29515,12633,0,0
2170,5,309153,,,0,29514,12633,0,0
2170,5,309152,,,0,29518,12633,0,0
2170,5,309151,,,0,29517,12633,0,0
2170,5,309150,,,0,29516,12633,0,0
2170,5,309149,,,0,29515,12633,0,0
2170,5,309148,,,0,29514,12633,0,0
2170,5,309147,,,0,29518,12633,0,0
2170,5,309146,,,0,29517,12633,0,0
2170,5,309145,,,0,29516,12633,0,0
2170,5,309144,,,0,29515,12633,0,0
2170,5,309143,,,0,29514,12633,0,0
2170,5,309142,,,0,29518,12633,0,0
2170,5,309141,,,0,29517,12633,0,0
2170,5,309140,,,0,29516,12633,0,0
2170,5,309139,,,0,29515,12633,0,0
2170,5,309138,,,0,29514,12633,0,0
2170,5,309187,,,1,29515,12636,0,0
2170,5,309186,,,1,29514,12636,0,0
2170,5,309185,,,1,29518,12634,0,0
2170,5,309184,,,1,29517,12634,0,0
2170,5,309183,,,1,29516,12634,0,0
2170,5,309182,,,1,29515,12634,0,0
2170,5,309181,,,1,29514,12634,0,0
2170,5,309180,,,1,29518,12634,0,0
2170,5,309179,,,1,29517,12634,0,0
2170,5,309178,,,1,29516,12634,0,0
2170,5,309177,,,1,29515,12634,0,0
2170,5,309176,,,1,29514,12634,0,0
2170,5,309175,,,1,29518,12634,0,0
2170,5,309174,,,1,29517,12634,0,0
2170,5,309173,,,1,29516,12634,0,0
2170,5,309172,,,1,29515,12634,0,0
2170,5,309171,,,1,29514,12634,0,0
2170,5,309170,,,1,29518,12634,0,0
2170,5,309169,,,1,29517,12634,0,0
2170,5,309168,,,1,29516,12634,0,0
2170,5,309167,,,1,29515,12634,0,0
2170,5,309166,,,1,29514,12634,0,0
2170,5,309165,,,1,29518,12634,0,0
2170,5,309164,,,1,29517,12634,0,0
2170,5,309163,,,1,29516,12634,0,0
2171,5,309295,,,0,29525,12637,0,0
2171,5,309294,,,0,29524,12637,0,0
2171,5,309293,,,0,29525,12637,0,0
2171,5,309292,,,0,29524,12637,0,0
2171,5,309291,,,0,29525,12637,0,0
2171,5,309290,,,0,29524,12637,0,0
2171,5,309289,,,0,29525,12637,0,0
2171,5,309288,,,0,29524,12637,0,0
2171,5,309287,,,0,29525,12637,0,0
2171,5,309286,,,0,29524,12637,0,0
2171,5,309285,,,0,29525,12637,0,0
2171,5,309284,,,0,29524,12637,0,0
2171,5,309283,,,0,29525,12637,0,0
2171,5,309282,,,0,29524,12637,0,0
2171,5,309281,,,0,29525,12637,0,0
2171,5,309280,,,0,29524,12637,0,0
2171,5,309311,,,1,29524,12638,0,0
2171,5,309310,,,1,29525,12638,0,0
2171,5,309309,,,1,29524,12638,0,0
2171,5,309308,,,1,29525,12638,0,0
2171,5,309307,,,1,29524,12638,0,0
2171,5,309306,,,1,29525,12638,0,0
2171,5,309305,,,1,29524,12638,0,0
2171,5,309304,,,1,29525,12638,0,0
2171,5,309303,,,1,29524,12638,0,0
2171,5,309302,,,1,29525,12638,0,0
2171,5,309301,,,1,29524,12638,0,0
2171,5,309300,,,1,29525,12638,0,0
2171,5,309299,,,1,29524,12638,0,0
2171,5,309298,,,1,29525,12638,0,0
2171,5,309297,,,1,29524,12638,0,0
2171,5,309296,,,1,29525,12638,0,0
2172,5,309497,,,0,29541,12641,0,0
2172,5,309496,,,0,29546,12641,0,0
2172,5,309495,,,0,29544,12641,0,0
2172,5,309494,,,0,29543,12641,0,0
2172,5,309493,,,0,29542,12641,0,0
2172,5,309492,,,0,29541,12641,0,0
2172,5,309491,,,0,29546,12641,0,0
2172,5,309490,,,0,29545,12641,0,0
2172,5,309489,,,0,29544,12641,0,0
2172,5,309488,,,0,29543,12641,0,0
2172,5,309487,,,0,29542,12641,0,0
2172,5,309486,,,0,29541,12641,0,0
2172,5,309485,,,0,29546,12641,0,0
2172,5,309484,,,0,29545,12641,0,0
2172,5,309483,,,0,29544,12641,0,0
2172,5,309482,,,0,29543,12641,0,0
2172,5,309481,,,0,29542,12641,0,0
2172,5,309480,,,0,29541,12641,0,0
2172,5,309479,,,0,29546,12641,0,0
2172,5,309478,,,0,29545,12641,0,0
2172,5,309477,,,0,29544,12641,0,0
2172,5,309476,,,0,29543,12641,0,0
2172,5,309475,,,0,29542,12641,0,0
2172,5,309474,,,0,29541,12641,0,0
2172,5,309521,,,1,29544,12644,0,0
2172,5,309520,,,1,29543,12644,0,0
2172,5,309519,,,1,29542,12644,0,0
2172,5,309518,,,1,29541,12644,0,0
2172,5,309517,,,1,29546,12644,0,0
2172,5,309516,,,1,29544,12644,0,0
2172,5,309515,,,1,29543,12644,0,0
2172,5,309514,,,1,29542,12644,0,0
2172,5,309513,,,1,29541,12644,0,0
2172,5,309512,,,1,29546,12644,0,0
2172,5,309511,,,1,29545,12644,0,0
2172,5,309510,,,1,29544,12644,0,0
2172,5,309509,,,1,29543,12644,0,0
2172,5,309508,,,1,29542,12644,0,0
2172,5,309507,,,1,29541,12644,0,0
2172,5,309506,,,1,29546,12644,0,0
2172,5,309505,,,1,29545,12644,0,0
2172,5,309504,,,1,29544,12644,0,0
2172,5,309503,,,1,29543,12644,0,0
2172,5,309502,,,1,29542,12644,0,0
2172,5,309501,,,1,29541,12644,0,0
2172,5,309500,,,1,29546,12644,0,0
2172,5,309499,,,1,29545,12644,0,0
2172,5,309498,,,1,29544,12644,0,0
2173,5,309636,,,0,29438,12646,0,0
2173,5,309635,,,0,29437,12646,0,0
2173,5,309637,,,0,29441,12646,0,0
2173,5,309634,,,0,29436,12646,0,0
2173,5,309638,,,0,29440,12646,0,0
2173,5,309633,,,0,29435,12646,0,0
2173,5,309639,,,0,29439,12646,0,0
2173,5,309632,,,0,29434,12646,0,0
2173,5,309640,,,0,29438,12646,0,0
2173,5,309631,,,0,29437,12646,0,0
2173,5,309641,,,0,29441,12646,0,0
2173,5,309630,,,0,29436,12646,0,0
2173,5,309642,,,0,29440,12646,0,0
2173,5,309629,,,0,29435,12646,0,0
2173,5,309643,,,0,29439,12646,0,0
2173,5,309628,,,0,29434,12646,0,0
2173,5,309644,,,0,29438,12646,0,0
2173,5,309627,,,0,29437,12646,0,0
2173,5,309645,,,0,29441,12646,0,0
2173,5,309626,,,0,29436,12646,0,0
2173,5,309646,,,0,29440,12646,0,0
2173,5,309625,,,0,29435,12646,0,0
2173,5,309647,,,0,29439,12646,0,0
2173,5,309659,,,1,29439,12647,0,0
2173,5,309658,,,1,29434,12647,0,0
2173,5,309660,,,1,29438,12647,0,0
2173,5,309657,,,1,29437,12647,0,0
2173,5,309661,,,1,29441,12647,0,0
2173,5,309656,,,1,29436,12647,0,0
2173,5,309662,,,1,29440,12647,0,0
2173,5,309655,,,1,29435,12647,0,0
2173,5,309663,,,1,29439,12647,0,0
2173,5,309654,,,1,29434,12647,0,0
2173,5,309664,,,1,29438,12647,0,0
2173,5,309653,,,1,29437,12647,0,0
2173,5,309665,,,1,29441,12647,0,0
2173,5,309652,,,1,29436,12647,0,0
2173,5,309666,,,1,29440,12647,0,0
2173,5,309651,,,1,29435,12647,0,0
2173,5,309667,,,1,29439,12647,0,0
2173,5,309650,,,1,29434,12647,0,0
2173,5,309668,,,1,29438,12647,0,0
2173,5,309649,,,1,29437,12647,0,0
2173,5,309669,,,1,29441,12647,0,0
2173,5,309648,,,1,29436,12647,0,0
2173,5,309670,,,1,29440,12647,0,0
2174,5,309799,,,0,29560,12649,0,0
2174,5,309798,,,0,29559,12649,0,0
2174,5,309797,,,0,29558,12649,0,0
2174,5,309796,,,0,29562,12649,0,0
2174,5,309795,,,0,29561,12649,0,0
2174,5,309794,,,0,29560,12649,0,0
2174,5,309793,,,0,29559,12649,0,0
2174,5,309792,,,0,29558,12649,0,0
2174,5,309791,,,0,29562,12649,0,0
2174,5,309790,,,0,29561,12649,0,0
2174,5,309789,,,0,29560,12649,0,0
2174,5,309788,,,0,29559,12649,0,0
2174,5,309787,,,0,29558,12649,0,0
2174,5,309786,,,0,29562,12649,0,0
2174,5,309785,,,0,29561,12649,0,0
2174,5,309784,,,0,29560,12649,0,0
2174,5,309783,,,0,29559,12649,0,0
2174,5,309782,,,0,29558,12649,0,0
2174,5,309781,,,0,29562,12649,0,0
2174,5,309780,,,0,29561,12649,0,0
2174,5,309779,,,0,29560,12649,0,0
2174,5,309778,,,0,29559,12649,0,0
2174,5,309777,,,0,29558,12649,0,0
2174,5,309822,,,1,29558,12651,0,0
2174,5,309821,,,1,29562,12651,0,0
2174,5,309820,,,1,29561,12651,0,0
2174,5,309819,,,1,29560,12651,0,0
2174,5,309818,,,1,29559,12651,0,0
2174,5,309817,,,1,29558,12651,0,0
2174,5,309816,,,1,29562,12651,0,0
2174,5,309815,,,1,29561,12651,0,0
2174,5,309814,,,1,29560,12651,0,0
2174,5,309813,,,1,29559,12651,0,0
2174,5,309812,,,1,29558,12651,0,0
2174,5,309811,,,1,29562,12651,0,0
2174,5,309810,,,1,29561,12651,0,0
2174,5,309809,,,1,29560,12651,0,0
2174,5,309808,,,1,29559,12651,0,0
2174,5,309807,,,1,29558,12651,0,0
2174,5,309806,,,1,29562,12651,0,0
2174,5,309805,,,1,29561,12651,0,0
2174,5,309804,,,1,29560,12651,0,0
2174,5,309803,,,1,29559,12651,0,0
2174,5,309802,,,1,29558,12651,0,0
2174,5,309801,,,1,29562,12651,0,0
2174,5,309800,,,1,29561,12651,0,0
2175,5,309871,,,0,29569,12653,0,0
2175,5,309870,,,0,29571,12653,0,0
2175,5,309869,,,0,29570,12653,0,0
2175,5,309868,,,0,29569,12653,0,0
2175,5,309875,,,0,29571,12653,0,0
2175,5,309874,,,0,29570,12653,0,0
2175,5,309873,,,0,29569,12653,0,0
2175,5,309872,,,0,29571,12653,0,0
2175,5,309878,,,1,29571,12655,0,0
2175,5,309877,,,1,29570,12655,0,0
2175,5,309876,,,1,29569,12655,0,0
2175,5,309883,,,1,29571,12655,0,0
2175,5,309882,,,1,29570,12655,0,0
2175,5,309881,,,1,29569,12655,0,0
2175,5,309880,,,1,29571,12655,0,0
2175,5,309879,,,1,29570,12655,0,0
2176,5,309930,,,0,29574,12656,0,0
2176,5,309929,,,0,29574,12657,0,0
2176,5,309928,,,0,29574,12657,0,0
2176,5,309927,,,0,29574,12657,0,0
2176,5,309926,,,0,29574,12657,0,0
2176,5,309925,,,0,29574,12657,0,0
2176,5,309932,,,0,29574,12657,0,0
2176,5,309931,,,0,29574,12657,0,0
2176,5,309937,,,1,29574,12660,0,0
2176,5,309936,,,1,29574,12660,0,0
2176,5,309935,,,1,29574,12660,0,0
2176,5,309934,,,1,29574,12660,0,0
2176,5,309933,,,1,29574,12660,0,0
2176,5,309940,,,1,29574,12660,0,0
2176,5,309939,,,1,29574,12660,0,0
2176,5,309938,,,1,29574,12659,0,0
